OriginalClass, 0
NewClass, 1
NumberWordsChanged, 17
WordPositions
233	234	235	236	237	238	239	240	241	242	243	244	245	246	247	248	249	
OldWordVectorPositions
[337258 373055 148269  92747  43010 241862 357211 306468 188481 357265
 182380  54718 117967  47798 378770 346372 192973 357265  93018 151349
  92492 199009 134868 378232 118152  92463  43010  71422 111094  17499
 148224 154323 338681  69725 269798 357265 264802  43010  79196 118152
 262500  88126      0      0      0 386886  52520  46130 357265  80586
  60665  43010 322181 383134  54718 193919 107617  58997 264550 259972
 345908 236860 151349 148269  87775 386423 357211 383134 357397 286468
 188481 357265  65760  60665  43010 346236 129469 151407 360914 122447
  97035 139731  99004 386886 253767 143869  46922 222138 189768  88126
 357265 157111 268046  46943 357265 306708 192973  43010 123767  54718
 249714 355705 142271 268046 357265 105730 268046  48003 148224 159619
  92463 102093 215879 192973  43010      0 338741  53504 394549 154323
 259972 394336 386886 388710 177103 112047 187377 250482  63320 233906
  69271 307037 360914 177103  63323 180883 188481  14033  62065 357265
 176015 268046 357265 338741 101822 383134  43010 180883 357211 174032
  71814 219577 121781  88126 177103 145583 127406      0      0 118152
 227589 332239 179434      0 118337  92492 145583 309866  72921 355546
 192973  43010 147970 284783 386886 174032 330953 388710 357265 306109
  47889 153021  54718 192973 300708 388710 179434 144715  63320 174032
  43010 278468 327863 219577 177103 226335  51197  50571      0 360914
 235215 309866  54718  51197 188481 367634 235191  63323 104776 333050
 127180 227063 161333  92463 192973  54273 189078 161844 386886 305158
  52329 360914  51582  87775 177103 165837 127406      0 373139 327863
 239798 272587 177103  48003  87775 264550 268046 177103 102208      0
 199266 198822  67363  54718 179434 368320 154060  62065 148908 306299]
NewWordVectorPositions
[337258 373055 148269  92747  43010 241862 357211 306468 188481 357265
 182380  54718 117967  47798 378770 346372 192973 357265  93018 151349
  92492 199009 134868 378232 118152  92463  43010  71422 111094  17499
 148224 154323 338681  69725 269798 357265 264802  43010  79196 118152
 262500  88126      0      0      0 386886  52520  46130 357265  80586
  60665  43010 322181 383134  54718 193919 107617  58997 264550 259972
 345908 236860 151349 148269  87775 386423 357211 383134 357397 286468
 188481 357265  65760  60665  43010 346236 129469 151407 360914 122447
  97035 139731  99004 386886 253767 143869  46922 222138 189768  88126
 357265 157111 268046  46943 357265 306708 192973  43010 123767  54718
 249714 355705 142271 268046 357265 105730 268046  48003 148224 159619
  92463 102093 215879 192973  43010      0 338741  53504 394549 154323
 259972 394336 386886 388710 177103 112047 187377 250482  63320 233906
  69271 307037 360914 177103  63323 180883 188481  14033  62065 357265
 176015 268046 357265 338741 101822 383134  43010 180883 357211 174032
  71814 219577 121781  88126 177103 145583 127406      0      0 118152
 227589 332239 179434      0 118337  92492 145583 309866  72921 355546
 192973  43010 147970 284783 386886 174032 330953 388710 357265 306109
  47889 153021  54718 192973 300708 388710 179434 144715  63320 174032
  43010 278468 327863 219577 177103 226335  51197  50571      0 360914
 235215 309866  54718  51197 188481 367634 235191  63323 104776 333050
 127180 227063 161333  92463 192973  54273 189078 161844 386886 305158
  52329 360914  51582  87775 177103 165837 127406      0 373139 327863
 239798 272587 177103 354911 184791 202401 393050 309568 156866 271625
 379712 360333 340408 241150 186035 247694 310104 256281 149407  75478]
