OriginalClass, 0
NewClass, 1
NumberWordsChanged, 2
WordPositions
248	249	
OldWordVectorPositions
[186645  57170 345399 268046 148224 110156  71090  89857 254258 168780
 286543 193828  71090 358159 159451 144917 368668 168780 192973 357265
 390469 389792 151349 193716 358461  60665 187631 292006 286532 360914
  71090  54273 139412 154323 359888 360914 359888 341733 192973 164328
 343464 144917 357265 222494 268046 386473 269953 329915 142750 154323
 258761 156412 270970 156412  46127  60665 193716 385663 193716 193408
 357265 379857 129180 268046 245831 193716 193408 357265  46922 291968
 268046 276608 215404  54718 193716 193408 357265      0 102221 357265
 292372  83954  87775 193716 108008 200035 386306 357265      0 192973
 144706 137680 388710 360914  71090 106329 105691 131142 357265 137937
 378770 144917 226344 329915      0 133907 389835 174032 148356  71585
 164328 137680  54718  97698 137680 357211 358159 345206 192973 188481
 304363 292986 264937 357265 343963 268046 341733 192217  43010 394520
 232536 256053 365506 386886 188481 271173 360914 156414 357265 226278
  54718  57938 268046 357265 250392  71421 161844 188481 357353 335128
 363116 268046 382653 163634 269798  54273  47021 360914 306966  43010
 144566 341677 360914 231458 357964 123789 182573      0 144566 341677
 192973  45929  43010 389400 256053 395194  54718 177661 264550 357265
 270201 269953 225644 151349 177103 337258 388692 174642 357353 166464
 143346 269798 357265 187943 357265 341860 175449  90548 162051  54718
  43010  85005 147426 273428 357265 230306 207813 218983 253229 292370
 188481 177103 124748 154323 357639 193919  51582 292006 291286  87775
 193716 192217 337258  62805 144917 135310 337258 383336 105857 269798
 357265 257320 268046 226278  54718 357265  74390 277915 309866 120858
  60665  43010 158566 285372 269798 357211 264588      0 281311 192973]
NewWordVectorPositions
[186645  57170 345399 268046 148224 110156  71090  89857 254258 168780
 286543 193828  71090 358159 159451 144917 368668 168780 192973 357265
 390469 389792 151349 193716 358461  60665 187631 292006 286532 360914
  71090  54273 139412 154323 359888 360914 359888 341733 192973 164328
 343464 144917 357265 222494 268046 386473 269953 329915 142750 154323
 258761 156412 270970 156412  46127  60665 193716 385663 193716 193408
 357265 379857 129180 268046 245831 193716 193408 357265  46922 291968
 268046 276608 215404  54718 193716 193408 357265      0 102221 357265
 292372  83954  87775 193716 108008 200035 386306 357265      0 192973
 144706 137680 388710 360914  71090 106329 105691 131142 357265 137937
 378770 144917 226344 329915      0 133907 389835 174032 148356  71585
 164328 137680  54718  97698 137680 357211 358159 345206 192973 188481
 304363 292986 264937 357265 343963 268046 341733 192217  43010 394520
 232536 256053 365506 386886 188481 271173 360914 156414 357265 226278
  54718  57938 268046 357265 250392  71421 161844 188481 357353 335128
 363116 268046 382653 163634 269798  54273  47021 360914 306966  43010
 144566 341677 360914 231458 357964 123789 182573      0 144566 341677
 192973  45929  43010 389400 256053 395194  54718 177661 264550 357265
 270201 269953 225644 151349 177103 337258 388692 174642 357353 166464
 143346 269798 357265 187943 357265 341860 175449  90548 162051  54718
  43010  85005 147426 273428 357265 230306 207813 218983 253229 292370
 188481 177103 124748 154323 357639 193919  51582 292006 291286  87775
 193716 192217 337258  62805 144917 135310 337258 383336 105857 269798
 357265 257320 268046 226278  54718 357265  74390 277915 309866 120858
  60665  43010 158566 285372 269798 357211 264588      0 135284  52122]
