OriginalClass, 0
NewClass, 1
NumberWordsChanged, 26
WordPositions
224	225	226	227	228	229	230	231	232	233	234	235	236	237	238	239	240	241	242	243	244	245	246	247	248	249	
OldWordVectorPositions
[ 76084 279283 268046  51375 258155 117140  54718 356186 144680 348533
 239105 388710 179434 118568  60665 124763 151349 152876 175199 179650
 269798  51582 114616  87775 357639 192973 269953 188214 258155 357265
 136979 357211 192217 357265 145986  48041 290231  80772 386473 119082
  43010 287479 154323 358159 272589  99061  54718 358463 294100 358740
 272583 357108 357211 358159 251034 383513 200035 148444  76084 279283
 286468 115640 177661 259914 162058  43010 148908 256046  87775 357211
 192973 264550  43010 384398 268046 357265 148224 193716 188481 143954
 344583 357265 148224  52073 357265 378765 360914 323336 178965  60665
  43010 337917 268046 349978 268046 337258 207715 175199 174032  43010
 379789 269953 117874 386473 175199 319764 383513 325065 154323 163444
 355367 178965 357211 357265 389937 192973 105730 360914  54273 136979
  54718  81562 175199  54718 179434 368320 337621 146878      0 269136
  54718  46062      0 197012 347328 253767 148444 357265 120634  54718
 207423 357387 357265 120634 225629 222471 264164 280944 386473 357809
 207423  54718 358159 231492 357265 378765 389439 186645 115640 174032
 200035 225979 179434 244950 270970 192973 175199 302352 126981 163561
 389835 357639  58997 320245 357211 303936  81562 287518 386473  46252
 360914 357265 107216  54718 162064 357265 148224 249714 348716 357265
 343963 192973 361391 188481 149622  88126 269953 268046 357265 337621
 386886 192973 264937 167694 373316 236888 238192  54718 192973 338966
 388710 145986  48041 385768 128691 290231  80772 386886 192973 377945
 333696  54718 308606 336113  47798  51582 193919 264550 141944 357211
 337266 105678 188481 360914 394564 268206 360914 355344 394474 357211
 175199 209677 386886 357265 207446 192973 357265 148224 174032 233708]
NewWordVectorPositions
[ 76084 279283 268046  51375 258155 117140  54718 356186 144680 348533
 239105 388710 179434 118568  60665 124763 151349 152876 175199 179650
 269798  51582 114616  87775 357639 192973 269953 188214 258155 357265
 136979 357211 192217 357265 145986  48041 290231  80772 386473 119082
  43010 287479 154323 358159 272589  99061  54718 358463 294100 358740
 272583 357108 357211 358159 251034 383513 200035 148444  76084 279283
 286468 115640 177661 259914 162058  43010 148908 256046  87775 357211
 192973 264550  43010 384398 268046 357265 148224 193716 188481 143954
 344583 357265 148224  52073 357265 378765 360914 323336 178965  60665
  43010 337917 268046 349978 268046 337258 207715 175199 174032  43010
 379789 269953 117874 386473 175199 319764 383513 325065 154323 163444
 355367 178965 357211 357265 389937 192973 105730 360914  54273 136979
  54718  81562 175199  54718 179434 368320 337621 146878      0 269136
  54718  46062      0 197012 347328 253767 148444 357265 120634  54718
 207423 357387 357265 120634 225629 222471 264164 280944 386473 357809
 207423  54718 358159 231492 357265 378765 389439 186645 115640 174032
 200035 225979 179434 244950 270970 192973 175199 302352 126981 163561
 389835 357639  58997 320245 357211 303936  81562 287518 386473  46252
 360914 357265 107216  54718 162064 357265 148224 249714 348716 357265
 343963 192973 361391 188481 149622  88126 269953 268046 357265 337621
 386886 192973 264937 167694 373316 236888 238192  54718 192973 338966
 388710 145986  48041 385768 128691 290231  80772 386886 192973 377945
 333696  54718 308606 336113 206976 230985 196038 287395 308612 177413
 322650  87985  95176 141972 331493  61782 148010 138221 395512 238711
 118413 232981 368931 209239 126763  45949 307833 395786 167791 334574]
