OriginalClass, 0
NewClass, 1
NumberWordsChanged, 22
WordPositions
228	229	230	231	232	233	234	235	236	237	238	239	240	241	242	243	244	245	246	247	248	249	
OldWordVectorPositions
[ 47798 264550 174695 251645 227074  62065 324345 179434 322182 360914
 357265 259972 251034 189462 131142 357265 148908 118585 268046 357265
  17984  95359 188481  13794 286489 131465 166995 164934 357265 198213
 357211 390138 231458 178965  43010 219701 175199 383513 179315  88126
 357265  76518 106170  60665  43010 124763 268046 251057 193716 383632
 302352 386306 166995 170714 142758 386423 175199 118743 360914 137846
 357265 251034  87651  87775 175199  45101 357265 198213  54718 188481
 220815 357108  43010 393301 175199  71488      0 250392 346322 124763
 357160 360914 179434 271493  57920 360914 148261  54718 357265 387532
 192049 268046 179434 256745 233708 393334 217909 175199 390138 124729
 357265  76933 268046  43010 257161 188481  13851 357265 251034 357211
 390138 307360 148261  54718 231458 178965 269953 268046 101287 148908
 302990  63534 182573  43010 225985 268046 386306 390138 231458 178965
  43010 166369 148259  90548  71090 152393 188481 357265 233708 329710
 148269 175199 229835 151349  76518 106170 188481 357265 132422 393334
 268046 179434  92030      0 357265 322697 311178 192973 269953 268046
 358451  54718  52520 269953 268046 357265 147468 181890 251057 268046
 357211 377945 148908 118585 268046 357265  17984  95359 357265 322697
 311178 192973  43010 343963 325898 188481 357265  12118  95359 188481
 386473  43010 110224      0 374767 198446 174032  86377  43010 388094
 311178 188481 179434  93405 193716 192973  43010 335128 393704 260760
  54718 377945 110922 311178  60665 193716 192973 239200 360914  71090
 374167 360914 137548 357265 226278  54718 106170 268046 179434 387353
 357265 110420 234705 220488 188481  43010 249714 292572 384121 182573
 357265 110224 126852 209645 357211 179434 387353 192973 264550 142250]
NewWordVectorPositions
[ 47798 264550 174695 251645 227074  62065 324345 179434 322182 360914
 357265 259972 251034 189462 131142 357265 148908 118585 268046 357265
  17984  95359 188481  13794 286489 131465 166995 164934 357265 198213
 357211 390138 231458 178965  43010 219701 175199 383513 179315  88126
 357265  76518 106170  60665  43010 124763 268046 251057 193716 383632
 302352 386306 166995 170714 142758 386423 175199 118743 360914 137846
 357265 251034  87651  87775 175199  45101 357265 198213  54718 188481
 220815 357108  43010 393301 175199  71488      0 250392 346322 124763
 357160 360914 179434 271493  57920 360914 148261  54718 357265 387532
 192049 268046 179434 256745 233708 393334 217909 175199 390138 124729
 357265  76933 268046  43010 257161 188481  13851 357265 251034 357211
 390138 307360 148261  54718 231458 178965 269953 268046 101287 148908
 302990  63534 182573  43010 225985 268046 386306 390138 231458 178965
  43010 166369 148259  90548  71090 152393 188481 357265 233708 329710
 148269 175199 229835 151349  76518 106170 188481 357265 132422 393334
 268046 179434  92030      0 357265 322697 311178 192973 269953 268046
 358451  54718  52520 269953 268046 357265 147468 181890 251057 268046
 357211 377945 148908 118585 268046 357265  17984  95359 357265 322697
 311178 192973  43010 343963 325898 188481 357265  12118  95359 188481
 386473  43010 110224      0 374767 198446 174032  86377  43010 388094
 311178 188481 179434  93405 193716 192973  43010 335128 393704 260760
  54718 377945 110922 311178  60665 193716 192973 239200 360914  71090
 374167 360914 137548 357265 226278  54718 106170 268046 171699  84901
  85799 324239 250918 397288 204430 387841 332489 272893 239800  53175
 151003 399660 200328 358246 377889 316145 346517 338429 397093 274768]
