OriginalClass, 0
NewClass, 1
NumberWordsChanged, 33
WordPositions
217	218	219	220	221	222	223	224	225	226	227	228	229	230	231	232	233	234	235	236	237	238	239	240	241	242	243	244	245	246	247	248	249	
OldWordVectorPositions
[259972 394336 287768 122157 234801 126135 116522  54935 192973  43010
 169725 386886 174032 360914 118258 388710 179434 274148 120634 269798
  43010 115975  69895  62065 357265 316998 359888  60665 108765 388710
 357265 264164 373553  54718 128613 268046 141944 222138 357265 344184
 292970  88126 179434 191457 344954  54718 179434 191039 174404 268046
 111871 218983 178965 360914 231458 325572 139205 268046 199380  54718
 360914 144210 360914 302979 357265 258451 151349  57170 104216 268046
 106967 360914  71090  46438 360914 188481 179434 118272 388710 280944
 269798 357265 390469 330915 268046 357265 218524 175199 174032  43010
 363394 303140 268046 364476 348709  54718 209675 111871 388710 167494
  85455  54718 358159 174032  85024 178965 191811 107146 388710 179434
 347947 268217 386886 174642  95152 178965 151349 357265  53974 268046
 379442 175199 174032 304377 374167 126135  90964 303057 357760  89943
 151349 306662 388710 179434 274148 143217  54718 192834 174404 268046
  51582 111871 175199 192973 362427  88126 357265 143954 357211 179434
 145583 383513  43010 111855  54718 174032  71814 219577 388710  43010
 290201 258451 360914 223944 128527 179434 145598 306148  54718 360914
  64170 154989 357265 226394 142757 357211 233708 280944 174642 268046
 178965  60665  43010 107616 386423  43010 308115 356791 192973 253224
 151061  54273 141831 157032 313329  88126 157368 361676 319955 157996
 241591 126135 192973  61664 360914 357265  93018 319955 355374 126136
 347947 268214 122157 222112 358230 202968 231861 357211 357265 378463
 170714  71814  45192  88126 205121 275305 111130 343053  54718 179434
 387353 249790 159367 359526  54718 357211 275305 170714 105961 357265
 253218 126135 163634 360914 275307  57355  54718 297580 357265 348705]
NewWordVectorPositions
[259972 394336 287768 122157 234801 126135 116522  54935 192973  43010
 169725 386886 174032 360914 118258 388710 179434 274148 120634 269798
  43010 115975  69895  62065 357265 316998 359888  60665 108765 388710
 357265 264164 373553  54718 128613 268046 141944 222138 357265 344184
 292970  88126 179434 191457 344954  54718 179434 191039 174404 268046
 111871 218983 178965 360914 231458 325572 139205 268046 199380  54718
 360914 144210 360914 302979 357265 258451 151349  57170 104216 268046
 106967 360914  71090  46438 360914 188481 179434 118272 388710 280944
 269798 357265 390469 330915 268046 357265 218524 175199 174032  43010
 363394 303140 268046 364476 348709  54718 209675 111871 388710 167494
  85455  54718 358159 174032  85024 178965 191811 107146 388710 179434
 347947 268217 386886 174642  95152 178965 151349 357265  53974 268046
 379442 175199 174032 304377 374167 126135  90964 303057 357760  89943
 151349 306662 388710 179434 274148 143217  54718 192834 174404 268046
  51582 111871 175199 192973 362427  88126 357265 143954 357211 179434
 145583 383513  43010 111855  54718 174032  71814 219577 388710  43010
 290201 258451 360914 223944 128527 179434 145598 306148  54718 360914
  64170 154989 357265 226394 142757 357211 233708 280944 174642 268046
 178965  60665  43010 107616 386423  43010 308115 356791 192973 253224
 151061  54273 141831 157032 313329  88126 157368 361676 319955 157996
 241591 126135 192973  61664 360914 357265  93018 319955 355374 126136
 347947 268214 122157 222112 358230 202968 231861 247969 189836 170146
 209127 171482 254528 192498 331919  82877 137869 313248 196761 296265
 370080  98043 316669 322254 373948 312110  95884  49730 105623 207131
 363737 197437 129105 384624  53997 284835 162355  91990 335981 385493]
