OriginalClass, 0
NewClass, 1
NumberWordsChanged, 9
WordPositions
241	242	243	244	245	246	247	248	249	
OldWordVectorPositions
[332239 357265 341874 268046 177103  92030 188481 357265  36920  54718
 376425 358808 357265 143252  39277 135982  93173 282295 174032 167694
 191811  43010 247455 186233  54718 159709 113550 148016 188481 357265
 389937 268046 181890  65963 248926 251057 386494 251409 282295 174032
 351972 269798 376146 348220 310681 188481 250529 284282 110722  43010
 387137 376135 188481 159622 193716 383513 177103      0 135982 357211
  85024 177103 357265 250392 144680 277915 268046 177103  97224  54718
 306501 154323 357265 144877 222086 188481 357265 143954 327863 259914
 367661 177103  65680 269798 357265 181890 159619 357211 229835 177103
 144738 372357 233708 272583  75774 256046  45905  45912 357211 222471
 360914      0 357408 154323 357353 132422 389835 194101 323431 270201
  77228 284321 268046 177103 367966 281316  87775 177103  90262 310672
 188481      0 302801 365026 337464 246385 268046 357265 117140 302352
 136930 239105 360914  97762 272930 249714 268046 177103 345206 269953
 357958 170714  71814 102471 360914 239105  52477 225289  71895 358159
 253590 378546 273428 357265 393334 135982 170714  71585  43010 151407
 268046 189767 177555  88126 357265 359888 357265      0  90233  59937
  54718 188481  14800  47798 148269 222471 154094 261149  54718 356387
 188930 180857 360914  54718 339931 269798 177103      0 193716 148356
 173063 135982 246385 268046 357265 117140 357265 250529 284277 264937
 185457 170714 323431 357265 363575 151349 193716  52477  65680 188481
 357265 378201 305662 117967  87775 193716 361952 239105 373139 217787
 384713 360914 148356 323336 357265  45919 148224  43010 147468 393334
  48262 185457 123517 232569 360914 383735      0 174538 178905 229835
 188481  17477  87775 151349 337258 302476 193716 123557 188345 239105]
NewWordVectorPositions
[332239 357265 341874 268046 177103  92030 188481 357265  36920  54718
 376425 358808 357265 143252  39277 135982  93173 282295 174032 167694
 191811  43010 247455 186233  54718 159709 113550 148016 188481 357265
 389937 268046 181890  65963 248926 251057 386494 251409 282295 174032
 351972 269798 376146 348220 310681 188481 250529 284282 110722  43010
 387137 376135 188481 159622 193716 383513 177103      0 135982 357211
  85024 177103 357265 250392 144680 277915 268046 177103  97224  54718
 306501 154323 357265 144877 222086 188481 357265 143954 327863 259914
 367661 177103  65680 269798 357265 181890 159619 357211 229835 177103
 144738 372357 233708 272583  75774 256046  45905  45912 357211 222471
 360914      0 357408 154323 357353 132422 389835 194101 323431 270201
  77228 284321 268046 177103 367966 281316  87775 177103  90262 310672
 188481      0 302801 365026 337464 246385 268046 357265 117140 302352
 136930 239105 360914  97762 272930 249714 268046 177103 345206 269953
 357958 170714  71814 102471 360914 239105  52477 225289  71895 358159
 253590 378546 273428 357265 393334 135982 170714  71585  43010 151407
 268046 189767 177555  88126 357265 359888 357265      0  90233  59937
  54718 188481  14800  47798 148269 222471 154094 261149  54718 356387
 188930 180857 360914  54718 339931 269798 177103      0 193716 148356
 173063 135982 246385 268046 357265 117140 357265 250529 284277 264937
 185457 170714 323431 357265 363575 151349 193716  52477  65680 188481
 357265 378201 305662 117967  87775 193716 361952 239105 373139 217787
 384713 360914 148356 323336 357265  45919 148224  43010 147468 393334
  48262 185457 123517 232569 360914 383735      0 174538 178905 229835
 188481  99782 281844 281457 315114 262100 291350 174876 203611 349994]
