OriginalClass, 0
NewClass, 0
NumberWordsChanged, 35
WordPositions
215	216	217	218	219	220	221	222	223	224	225	226	227	228	229	230	231	232	233	234	235	236	237	238	239	240	241	242	243	244	245	246	247	248	249	
OldWordVectorPositions
[357265 270201 302476 185457 319557 358159 251034 383513 151349 197758
 144583 386886 194101 170714  43010 112788 269798 332239  42857 165534
 386473 383513 179434 148908 393301 269798 335876 185457  52943  43010
 123618 392816 144744  54718 185457 123557 148427 357265 251034 275310
 373139 357265 217787  10741 245571 386423 357809  71950 330018 102892
 268046 357265  50772 157111 185457 170714 360914 110707 254258 132479
  54718 231458 335128 262671 336113 185457 390143 174642 360914 175425
 357211 386473 253767 264550  71090 175426  87775 272589 193716 383513
 106329  71231 185457 358463 197758 286407 357265 310672 377945 385217
  71494 357265  97014 383513 348225 360914  71090 259305  54718 297901
  54718 175199 192973  43010 259305  54718 297901 169725 185457 209645
 357211 193716 237383 264550  71090  43010  44995      0 344617  87775
 357265 251034 192973 200035  43010 222292 155185 310875 105647 357211
 192973  45929  57927 151349  81562 389422  54718 240788 360914 323336
 197758  54718 129313 389862 385217 361189  54718 357809 170714 251645
  74597  98032 269798  90266 357108 272583  45905 188481 357265 278468
 133355  87376  54718  55197 198559 188481 357211 345296 251034 386306
 185457 357969 197758 174032  43010 289384  92030  48608 268046 178965
  54718 357151 164404  71494 354127 110156 174642 207441 193716 185457
 357969 147457 285587 387695 176551 178965 272930  43010 225985 141948
 258481 360914 343811  72182 336113 112045 268046 179434  45815  44430
  71494 175199 192973 200035 341893 272930 188481 251057 185457 187676
 193716 253767  71090 123789  54718 186645 394474 225629  62065  57170
 268046 357265 272583 166369  45905 268046 272881 359888 361518 172803
 313655 112585 140213 394504 323336 357211 357809 341885 268074 188481]
NewWordVectorPositions
[357265 270201 302476 185457 319557 358159 251034 383513 151349 197758
 144583 386886 194101 170714  43010 112788 269798 332239  42857 165534
 386473 383513 179434 148908 393301 269798 335876 185457  52943  43010
 123618 392816 144744  54718 185457 123557 148427 357265 251034 275310
 373139 357265 217787  10741 245571 386423 357809  71950 330018 102892
 268046 357265  50772 157111 185457 170714 360914 110707 254258 132479
  54718 231458 335128 262671 336113 185457 390143 174642 360914 175425
 357211 386473 253767 264550  71090 175426  87775 272589 193716 383513
 106329  71231 185457 358463 197758 286407 357265 310672 377945 385217
  71494 357265  97014 383513 348225 360914  71090 259305  54718 297901
  54718 175199 192973  43010 259305  54718 297901 169725 185457 209645
 357211 193716 237383 264550  71090  43010  44995      0 344617  87775
 357265 251034 192973 200035  43010 222292 155185 310875 105647 357211
 192973  45929  57927 151349  81562 389422  54718 240788 360914 323336
 197758  54718 129313 389862 385217 361189  54718 357809 170714 251645
  74597  98032 269798  90266 357108 272583  45905 188481 357265 278468
 133355  87376  54718  55197 198559 188481 357211 345296 251034 386306
 185457 357969 197758 174032  43010 289384  92030  48608 268046 178965
  54718 357151 164404  71494 354127 110156 174642 207441 193716 185457
 357969 147457 285587 387695 176551 178965 272930  43010 225985 141948
 258481 360914 343811  72182 336113 112045 268046 179434  45815  44430
  71494 175199 192973 200035 341893 353454 388827  73667  85073 292551
 156124 119858 355316 139925 345887 373990  60731 116064 374380 134720
 299745 378283 399227 380357 278377 310419 258702 304873 287179  49853
 200722  71119  52896 168079 360175 317243 304247  70121 185557 234493]
