OriginalClass, 0
NewClass, 1
NumberWordsChanged, 2
WordPositions
248	249	
OldWordVectorPositions
[     0 383438 154323 230306 250836 383513  54718 192973  54273 188357
 102221 394474 259914 390138 174642 168567 193716 383513 229835 188481
  14694 366578 173559 374162 268046 338994 133907 383513 377945 111460
  54718 192049 175199 108154 126981 358159 188481 357265  99212 160893
 343963 365266  54718 217909 292988 141816 264937 193716  90548 239226
 373316 360914 272583 251057 188481 358159 159619 219701 268046 398239
 192973 107426 360914      0 154323 230306 250836 193716 192973 264550
 258303 360914 174642 323431 358159 251034 360914 371425 357265 286789
 268046 358159 269953 357265 286789 192973  43010  77162 173236 360914
 151050  87775 360914  71090 181208 193716 126852 236860 193716 192973
  51582  44608 357265  45830  54718  47021 185457  52879 383513 389452
 386306 366578 173533 390138 126552 186645 175199 164934 179434 172635
 269798  95923 264937 384373      0 229835 358159 251034 237426 193716
 337304 192973 361939 251645  87775 357265 273500 306708 192973 336113
  71421 357211 185457  52943 264550 163745 360914  71090 112045  44608
 357211 357639 192973 336113 251645 173065 269798 357265      0 332147
 389497  72477 185457 357969 193716 192973  43010  75774 327119 357211
 358159 251034 383632 330027 188481 357287 177231 188481 180580  71494
 358159 251034 192973 322159 151349 322171 359888 188481 101287 358159
 251034 132569  90548  71297  75774  86085 180682 292988 222471 347979
 307037 270970      0  21828 357265 270201 357958 185457 126552 174642
 360914 241108 192973 357265 215502 268046 183993 188481 250392 268046
 366578      0 251057 175199 105591      0  60474  54718 183993 337262
 193716 192973 246283 188481 358159 251034  47887 185457  52943 264550
 163745 360914  71090 284221  44608 357760 335128 236869 219701 268046]
NewWordVectorPositions
[     0 383438 154323 230306 250836 383513  54718 192973  54273 188357
 102221 394474 259914 390138 174642 168567 193716 383513 229835 188481
  14694 366578 173559 374162 268046 338994 133907 383513 377945 111460
  54718 192049 175199 108154 126981 358159 188481 357265  99212 160893
 343963 365266  54718 217909 292988 141816 264937 193716  90548 239226
 373316 360914 272583 251057 188481 358159 159619 219701 268046 398239
 192973 107426 360914      0 154323 230306 250836 193716 192973 264550
 258303 360914 174642 323431 358159 251034 360914 371425 357265 286789
 268046 358159 269953 357265 286789 192973  43010  77162 173236 360914
 151050  87775 360914  71090 181208 193716 126852 236860 193716 192973
  51582  44608 357265  45830  54718  47021 185457  52879 383513 389452
 386306 366578 173533 390138 126552 186645 175199 164934 179434 172635
 269798  95923 264937 384373      0 229835 358159 251034 237426 193716
 337304 192973 361939 251645  87775 357265 273500 306708 192973 336113
  71421 357211 185457  52943 264550 163745 360914  71090 112045  44608
 357211 357639 192973 336113 251645 173065 269798 357265      0 332147
 389497  72477 185457 357969 193716 192973  43010  75774 327119 357211
 358159 251034 383632 330027 188481 357287 177231 188481 180580  71494
 358159 251034 192973 322159 151349 322171 359888 188481 101287 358159
 251034 132569  90548  71297  75774  86085 180682 292988 222471 347979
 307037 270970      0  21828 357265 270201 357958 185457 126552 174642
 360914 241108 192973 357265 215502 268046 183993 188481 250392 268046
 366578      0 251057 175199 105591      0  60474  54718 183993 337262
 193716 192973 246283 188481 358159 251034  47887 185457  52943 264550
 163745 360914  71090 284221  44608 357760 335128 236869  68576  70705]
