OriginalClass, 0
NewClass, 1
NumberWordsChanged, 23
WordPositions
227	228	229	230	231	232	233	234	235	236	237	238	239	240	241	242	243	244	245	246	247	248	249	
OldWordVectorPositions
[336113 258735 383513 207463 258735 305258 239105 268046 192580  60665
 185457 383743 357265  53504 149436  31126 341860 188481  13271  72182
 128846  72057 357265 181908 185457 302344 386983  87362 357211 284318
 268046 303305 386642  54718  78655 126852 373560 239105  60665 251645
  60665 272881      0 360914 357265  76084 268046 308625 187631  43010
 338342  54718 253767 174642 337258 179550 240772 383752 357265 360991
 238570  97014 219109 360914 306501 357265 123965 268046  43010 151780
 334435  60665 175199 225650  62065 357265 319979 268046  77652  54718
 160175 179434 140316  65760  72182 382079  62065  43010 287583      0
 191290 233708 368294 188481 358159 251034 357265 387353 386886 192973
 151413 191811 177103 235187 330038  81562 227879  54718  43010 344850
 387695  97027 385663 264550 374167 360914 323392 188481 306503 378488
 338339  72606 357265 111389 381923 272930 305491 338342 158482 239105
 337258 190606 191811 386983 254258 110622 175207 268046 357265 108731
      0 157304 188692 188481 246303 383513 184085  44608 357211 359888
  67933 268046 180953 240788 385663 309790 357265 110451  59617 305253
 394474 268046 192580  54718 182540 332007 384373  58997 371342 357265
 143858 268046 305071  54718 140316  65760  54718 386983 338343  58997
 343256 147978 357211 101822 383134 361079 361939  65963 384373  91041
 374162 357211 316998 209662 188481 272881 172602 268046 357265 110432
 386111 200035 192002  54718  58997 267451 151095 101822 383134 141952
 357225 241834 264937  89857 192580 386886 173061 360914 174642 357265
 246046 360914 333080 269798 268641 357265      0 207448 188481 246316
 299355 218584 202361 110156  60665 132569  71090 357265 190903 385663
 147978 264937 388710 262350 346320  56041  56001 383513 357265 145598]
NewWordVectorPositions
[336113 258735 383513 207463 258735 305258 239105 268046 192580  60665
 185457 383743 357265  53504 149436  31126 341860 188481  13271  72182
 128846  72057 357265 181908 185457 302344 386983  87362 357211 284318
 268046 303305 386642  54718  78655 126852 373560 239105  60665 251645
  60665 272881      0 360914 357265  76084 268046 308625 187631  43010
 338342  54718 253767 174642 337258 179550 240772 383752 357265 360991
 238570  97014 219109 360914 306501 357265 123965 268046  43010 151780
 334435  60665 175199 225650  62065 357265 319979 268046  77652  54718
 160175 179434 140316  65760  72182 382079  62065  43010 287583      0
 191290 233708 368294 188481 358159 251034 357265 387353 386886 192973
 151413 191811 177103 235187 330038  81562 227879  54718  43010 344850
 387695  97027 385663 264550 374167 360914 323392 188481 306503 378488
 338339  72606 357265 111389 381923 272930 305491 338342 158482 239105
 337258 190606 191811 386983 254258 110622 175207 268046 357265 108731
      0 157304 188692 188481 246303 383513 184085  44608 357211 359888
  67933 268046 180953 240788 385663 309790 357265 110451  59617 305253
 394474 268046 192580  54718 182540 332007 384373  58997 371342 357265
 143858 268046 305071  54718 140316  65760  54718 386983 338343  58997
 343256 147978 357211 101822 383134 361079 361939  65963 384373  91041
 374162 357211 316998 209662 188481 272881 172602 268046 357265 110432
 386111 200035 192002  54718  58997 267451 151095 101822 383134 141952
 357225 241834 264937  89857 192580 386886 173061 360914 174642 357265
 246046 360914 333080 269798 268641 357265      0 273248 156530 364553
 360191  45291 299132 392728  61777 331938 288026 131907 362153 383238
  70077  55346 131954 228331  72322 189446 327889  95781 105684 247486]
