OriginalClass, 0
NewClass, 1
NumberWordsChanged, 29
WordPositions
221	222	223	224	225	226	227	228	229	230	231	232	233	234	235	236	237	238	239	240	241	242	243	244	245	246	247	248	249	
OldWordVectorPositions
[358159 192973  43010 358422 123083 352136 268046 200035 182540  65963
 357964  90548 163237 390469  43010 332119 309834 284145 373316 337258
 325572  96721 160418 272881 148370 361189  54718 141950 387695  71090
      0      0  54718 288903 197298 343871 262350 292794 190889 279370
 151349 193716  51582 262350 169254 262456 160457 184322 132683 248489
 269089 249714 346322 193716 390138  57715  84998  55049 283263 326340
 180242 174032  43010 147468 245427 292803 177450  46206 104034 170580
  43010 387353 234722 361615      0 175199  91041 323420 360914 281307
 151349 179434 149655  72726 117967 225289 164233 394533 349414 334692
 124318 394533  84998 172783 140265 174774 388710  43010 147468 124367
 292803 268046 179434 274148  72057 188481  98970 348214 279344 151349
 179434 117632 188481 118538 360914 154060  54718 304971 264550 142250
 390162 357387 188481 357265 389835 268046 389835 140213 349860 227512
 188481 358159 281311  62065 357265  48003 268046  39421 124783  54718
 160457 193716  42739 281113 308561 386473 192973 173236 360914 126552
 188481  43010 358740 185457 174642 323431 249714 358741 357108 185457
  90548 305224  54718 250392 268046 357265 359888 357265 124763 160457
 357265 251034 292434  54718 223999 388710 357265 286789 180526 357265
 188374 357265  97887 320245  54718 357265      0 137073 177231 227512
 231492  43010 358740 222471 193919  43010 389835 268046  60228 141941
 122128 192973 281272 357265  45815 192973 347755 357265 286789 174032
 262350 180526 357265 343963 308945 366080  54718 102471  54718 306013
  43010 352136  44608 183848 152876 357211 390138 181371 357265 166402
 148260  54718 141816 357265  68763 179018 180242 268046 110542 192973
 142331 386423 394474 127708 174642 235134 218977 232536 291748 394474]
NewWordVectorPositions
[358159 192973  43010 358422 123083 352136 268046 200035 182540  65963
 357964  90548 163237 390469  43010 332119 309834 284145 373316 337258
 325572  96721 160418 272881 148370 361189  54718 141950 387695  71090
      0      0  54718 288903 197298 343871 262350 292794 190889 279370
 151349 193716  51582 262350 169254 262456 160457 184322 132683 248489
 269089 249714 346322 193716 390138  57715  84998  55049 283263 326340
 180242 174032  43010 147468 245427 292803 177450  46206 104034 170580
  43010 387353 234722 361615      0 175199  91041 323420 360914 281307
 151349 179434 149655  72726 117967 225289 164233 394533 349414 334692
 124318 394533  84998 172783 140265 174774 388710  43010 147468 124367
 292803 268046 179434 274148  72057 188481  98970 348214 279344 151349
 179434 117632 188481 118538 360914 154060  54718 304971 264550 142250
 390162 357387 188481 357265 389835 268046 389835 140213 349860 227512
 188481 358159 281311  62065 357265  48003 268046  39421 124783  54718
 160457 193716  42739 281113 308561 386473 192973 173236 360914 126552
 188481  43010 358740 185457 174642 323431 249714 358741 357108 185457
  90548 305224  54718 250392 268046 357265 359888 357265 124763 160457
 357265 251034 292434  54718 223999 388710 357265 286789 180526 357265
 188374 357265  97887 320245  54718 357265      0 137073 177231 227512
 231492  43010 358740 222471 193919  43010 389835 268046  60228 141941
 122128 192973 281272 357265  45815 192973 347755 357265 286789 174032
 262350 180526 357265 343963 308945 366080  54718 102471  54718 306013
  43010 211214 147873 376557 200030 215069 300711 156598 127963 393267
 250150 335346 210137 182817  69746 155448 197863  89012 161908 217939
 283469  55241 391324 351969 372435 304975 263039  72273 120218 179372]
