OriginalClass, 0
NewClass, 0
NumberWordsChanged, 35
WordPositions
215	216	217	218	219	220	221	222	223	224	225	226	227	228	229	230	231	232	233	234	235	236	237	238	239	240	241	242	243	244	245	246	247	248	249	
OldWordVectorPositions
[148908 319557 358159 251034 188481  44608  14860  54718  44787 123595
 218178 358801 193716 193716  71488  43010 113550 145839 388710 254258
 101449 268046 154060  54718 384629 298017 154323 193716  62065 357265
 129579 268046  43010 174296 187631 163745 180883 188481  43010  66225
 258474 360914 319690 357265 183993 192973 343256 357639  10741 393334
 217909 193919  71585  43010 363493  62065 171866 359888 360914 142943
 233708 268046 254258 259972 154060 360914 358159 148224 164328 357958
 394474  90548 343256  87972 193716 268074 132753 194101 152393 357211
 171866  90792 353723 251645  74597 388710 394564 361835 286146 148886
 188481 394564      0 358159 251034 294049 193716  51582 278734 348716
 372772      0  54718 357265 223628 163634 269798 312317 116828 294049
  54273  53201 175480 281311  60665 269062 232536      0 185457 305224
 323392 178965 188481 357265  36169 143904 268046 128770 217244  60665
  43010  65963 169725 386886 241974  43010  65963 136979 177231 394474
 302352 146344 151349 357265 269062 169725 308561 154323 357265  71956
 186645 394474  59057  92054 394504 246253 337258 268046 357265 221134
 268046 183993 188481 358159 251034 357265 111467 164934 302292 346236
 188481 233708 384170 388710 268198 105868 223830 346236 109971 123982
  62065 272583 321734 251057  54718 141816  43010 320242 309072 154323
 357265 275169 268046 387610 132033 110900 127708 339257 361939 251645
 358463 292852 366273 360914  54443  43010 251034 280944 358159 192973
 155185 145047 388755 357265 258451 151349 261946  54718      0  71090
 268182 360914  57187 385217 237426 345296 280944  87775 357809 389497
 209645 357812  72182 247319 264937 186645 394504 142467 239105 187631
 164282 163237 160418  43010      0  68431 300170 301682 110822 202737]
NewWordVectorPositions
[148908 319557 358159 251034 188481  44608  14860  54718  44787 123595
 218178 358801 193716 193716  71488  43010 113550 145839 388710 254258
 101449 268046 154060  54718 384629 298017 154323 193716  62065 357265
 129579 268046  43010 174296 187631 163745 180883 188481  43010  66225
 258474 360914 319690 357265 183993 192973 343256 357639  10741 393334
 217909 193919  71585  43010 363493  62065 171866 359888 360914 142943
 233708 268046 254258 259972 154060 360914 358159 148224 164328 357958
 394474  90548 343256  87972 193716 268074 132753 194101 152393 357211
 171866  90792 353723 251645  74597 388710 394564 361835 286146 148886
 188481 394564      0 358159 251034 294049 193716  51582 278734 348716
 372772      0  54718 357265 223628 163634 269798 312317 116828 294049
  54273  53201 175480 281311  60665 269062 232536      0 185457 305224
 323392 178965 188481 357265  36169 143904 268046 128770 217244  60665
  43010  65963 169725 386886 241974  43010  65963 136979 177231 394474
 302352 146344 151349 357265 269062 169725 308561 154323 357265  71956
 186645 394474  59057  92054 394504 246253 337258 268046 357265 221134
 268046 183993 188481 358159 251034 357265 111467 164934 302292 346236
 188481 233708 384170 388710 268198 105868 223830 346236 109971 123982
  62065 272583 321734 251057  54718 141816  43010 320242 309072 154323
 357265 275169 268046 387610 132033 110900 127708 339257 361939 251645
 358463 292852 366273 360914  54443  43010 251034 280944 358159 192973
 155185 145047 388755 357265 258451 218873  44011 397089  64333 245139
 162765 136385 229497 340102 254357 211640 370982 217069  44412 345762
 324868 281549 399956 206814 363196 359696 202230 377210 129750 378426
 301455 340959 203000  55613 367870 184449 122495 231331 103657  70358]
