OriginalClass, 0
NewClass, 0
NumberWordsChanged, 35
WordPositions
215	216	217	218	219	220	221	222	223	224	225	226	227	228	229	230	231	232	233	234	235	236	237	238	239	240	241	242	243	244	245	246	247	248	249	
OldWordVectorPositions
[153730 181890 101278 174032 323431 337301 268046  43010 307309 273428
 357265 217787 110481 268046 393334 388710 166369 148269 346372  60665
 190592  54718 349666 310815  87473 269798 360914 357265 320242      0
 291138 357265 307309 200035 334692  87775 341519 175207  54718 329924
 273428 250392 247417 181890 360612  54718 192973 348380 269953 268046
 357265  74390 153730 181890 148269 141863 229835      0 383513 267359
 329853 269798  43010 226394  86085  87775 358159 192973 229835 373316
 151349 188481 144971 249714 384170 357108 269953  88126 357265 271499
 268046 357265 148224  54718 358159 188481 367634 192973 106371  88126
 357265 142331 390446  54718  45815 357211 137812 357265 148224 192973
  43010 388294 357265 286789 150793 269798 368320 231068 186369 292520
  54718  77486 230306 357265  95247  97014 192973  43010 232536 256053
      0 325065 360914 292520 151349 153277 175199 192973 295763 188481
  43010  94956 388710 358548 272587 357265 297697 190513 217756  79376
  86371 364186 234236  54718 179434 306798  82314 116043  47798  43010
 329710 386494 188481 357265  94956 361189 357809 345240 373484  43010
 178306 285908 188481 357265 382653 357211 108008  54273 269062 198996
  47798 364007 277915 268046 193716 357809 337661 302323 193919 230310
 290231  54718 302323 357809 237383  71090  44493 360914 374162 193716
 360914  83332 358801 357265 292520 382769  77486 230306 192973  43010
 377945 191290 362161  54718 187631  45929 297928 348532 357211 357639
  59057 249714 148269  69725 269798 193716  60665 357651 336113 251645
 321914 151349 357964 360914 126552 388710 193716 193919 144249 360914
 319690 357211      0 231492 357265  74390 268046 193919  61648  60665
 121972 193919 306663 357265 148224 259914  45929 146354 306659  54718]
NewWordVectorPositions
[153730 181890 101278 174032 323431 337301 268046  43010 307309 273428
 357265 217787 110481 268046 393334 388710 166369 148269 346372  60665
 190592  54718 349666 310815  87473 269798 360914 357265 320242      0
 291138 357265 307309 200035 334692  87775 341519 175207  54718 329924
 273428 250392 247417 181890 360612  54718 192973 348380 269953 268046
 357265  74390 153730 181890 148269 141863 229835      0 383513 267359
 329853 269798  43010 226394  86085  87775 358159 192973 229835 373316
 151349 188481 144971 249714 384170 357108 269953  88126 357265 271499
 268046 357265 148224  54718 358159 188481 367634 192973 106371  88126
 357265 142331 390446  54718  45815 357211 137812 357265 148224 192973
  43010 388294 357265 286789 150793 269798 368320 231068 186369 292520
  54718  77486 230306 357265  95247  97014 192973  43010 232536 256053
      0 325065 360914 292520 151349 153277 175199 192973 295763 188481
  43010  94956 388710 358548 272587 357265 297697 190513 217756  79376
  86371 364186 234236  54718 179434 306798  82314 116043  47798  43010
 329710 386494 188481 357265  94956 361189 357809 345240 373484  43010
 178306 285908 188481 357265 382653 357211 108008  54273 269062 198996
  47798 364007 277915 268046 193716 357809 337661 302323 193919 230310
 290231  54718 302323 357809 237383  71090  44493 360914 374162 193716
 360914  83332 358801 357265 292520 382769  77486 230306 192973  43010
 377945 191290 362161  54718 187631  45929 297928 348532 357211 357639
  59057 249714 148269  69725 269798 168466 358417  68585 172527 157224
 254575 163109 340765 287186 307271 197217 315288 328072 281876 113784
  90925 223424 302798 113866 358508 274517 274399  57330 117037 354525
 392009 100653 160885 337243 270961 306530  58446 246954 166909  48531]
