OriginalClass, 0
NewClass, 1
NumberWordsChanged, 11
WordPositions
239	240	241	242	243	244	245	246	247	248	249	
OldWordVectorPositions
[357265 394520 128770      0 220905  54273  64067  58681 192973 125490
  88126 179434 253540  81440 360914 357265 217449 110432 180883 268046
 340604      0 362533 386431 179434 353650 192973 360914 148427 294011
 151349  54718  93570 357265 104990 268046  56887  54718 113890  72763
 360914 357265 302802 118662 145583 268046 357265 340604 357265 340604
 192973 348532  88126 357265  60093 144880 175199      0  71814 142760
 178965 151349  56041 384713  87775 263564 357265 220815 385186 178965
  54718 160457 179434 270201 325735 278949 117720      0 128770 383960
 144680 360914 329973 178965 360914 179434 311178  60665 144880 253767
 342180 273428 151349 337258 117967 188481 271173 360914 148533 179434
 301000 217449 353650 278949 193716 390138 323420 192973 264550 357265
 154057 337917  54718 323430 360914 306299 357265 143109 389835 357211
      0 379798 387695 137819 357265 217449 136670 182387 294051  54273
 137085  53974 268046 108546 102449  54718 231148 151349 178965 144880
 192973  43010 155602 337917 377945 258214  54718 291186 388710 141950
 174695 193919 285908 386457 357809  71090 179434 103108 270970 179434
  80642  54718 276883  54718 175199 192973 301000 125256  88126 357265
 124840 188481 179434 311178 258474 360914 319690 175199 192973 301000
 132310 360914  71950 179434 389835  87775 372550 175199 148441 179434
  76377 174642  71814 116331 188481 363980 336113 175199  61300 357265
 340604 151349  43010 305879 275346 357265 340604 386886 192973  43010
 247417 357979 232536  87775  52520 193716 390138 323420 301000 371104
 388710 346372 236869 192973  52520 132310 360914 160418 308255 268046
 357265 103327  59937 357265 182387 336113 175199 267119  54718 382642
 144880 360914 357265 362049 268046 357265 178828 336113 357211 175199]
NewWordVectorPositions
[357265 394520 128770      0 220905  54273  64067  58681 192973 125490
  88126 179434 253540  81440 360914 357265 217449 110432 180883 268046
 340604      0 362533 386431 179434 353650 192973 360914 148427 294011
 151349  54718  93570 357265 104990 268046  56887  54718 113890  72763
 360914 357265 302802 118662 145583 268046 357265 340604 357265 340604
 192973 348532  88126 357265  60093 144880 175199      0  71814 142760
 178965 151349  56041 384713  87775 263564 357265 220815 385186 178965
  54718 160457 179434 270201 325735 278949 117720      0 128770 383960
 144680 360914 329973 178965 360914 179434 311178  60665 144880 253767
 342180 273428 151349 337258 117967 188481 271173 360914 148533 179434
 301000 217449 353650 278949 193716 390138 323420 192973 264550 357265
 154057 337917  54718 323430 360914 306299 357265 143109 389835 357211
      0 379798 387695 137819 357265 217449 136670 182387 294051  54273
 137085  53974 268046 108546 102449  54718 231148 151349 178965 144880
 192973  43010 155602 337917 377945 258214  54718 291186 388710 141950
 174695 193919 285908 386457 357809  71090 179434 103108 270970 179434
  80642  54718 276883  54718 175199 192973 301000 125256  88126 357265
 124840 188481 179434 311178 258474 360914 319690 175199 192973 301000
 132310 360914  71950 179434 389835  87775 372550 175199 148441 179434
  76377 174642  71814 116331 188481 363980 336113 175199  61300 357265
 340604 151349  43010 305879 275346 357265 340604 386886 192973  43010
 247417 357979 232536  87775  52520 193716 390138 323420 301000 371104
 388710 346372 236869 192973  52520 132310 360914 160418 308255 268046
 357265 103327  59937 357265 182387 336113 175199 267119  54718 254119
 189277 203933 176275 127632 234867 265473 144217 216591  84567 307681]
