OriginalClass, 1
NewClass, 0
NumberWordsChanged, 8
WordPositions
242	243	244	245	246	247	248	249	
OldWordVectorPositions
[185457 174642  52879 383071 360914 323336 358159  71494 185457 226278
  97887 181890 251057  54718 388710  43010 360601 222471 358159 185457
 383513 348373 357265 188951 240636 232536 390138  71090  43010 225985
 268046 155185 193716 302352 383632 185457 239170 357265  45815 383513
 137888  65963 357265 322255 107995 337258 102221  65963 222999  54718
 357265 338994 133907 225639 222471 337266 170714 335775  51582 273428
 357265 218947  45893 336113 185457 329915 174642 226298 193716 371798
 193919 302352 128851  74651 357760 178621 185457 118743 360914 383735
 357265 217787 171586 268046 357265 251034 386494 126981 254258 354106
 307029 357225 182540  81044 358159 148224 192973 259933 186645 394474
 226278  65963 251057 394474 387695 137548 357265 128978 142646 268046
 357265 145527 265753  54718 357265 342651  45815 268046 357265 169725
 386886 286468 128770 354740 360914  71090 144249 360914 357265 288743
 232536 175199 126848 174642 360914 120116 337258  53202 189518 222999
 388710 344147 143869 222471 357265 108410 175199 174032 388710 179434
 387353 269798 363408 128527 357265 185457 228656 232536 187377 148427
 178965 388710  43010 159062 110239 192973 175199 298773 200035  43010
 223830  77162 393657 357265 286789 174032 128770 354740 382924  44608
 366273 360914 148427  43010 348095 397966 207463 229430  59617 270201
 388710 386306 225650 222471  43010      0 177661  43010  83176 232536
 371798 179434 286043 144223 386423 175199 148441  43010  75774 225985
 268046 164505 269798  43010 364527 268508 163444 193919 179434 132376
 319764 128770 354740 360914 357265  62979 187631 336113 162184 175199
 102485 357211 373316 185457 302323 187631 231552 358159 251034 338149
 301000 155185 193716 390138  71090 186645 193716 385663 270201   4961]
NewWordVectorPositions
[185457 174642  52879 383071 360914 323336 358159  71494 185457 226278
  97887 181890 251057  54718 388710  43010 360601 222471 358159 185457
 383513 348373 357265 188951 240636 232536 390138  71090  43010 225985
 268046 155185 193716 302352 383632 185457 239170 357265  45815 383513
 137888  65963 357265 322255 107995 337258 102221  65963 222999  54718
 357265 338994 133907 225639 222471 337266 170714 335775  51582 273428
 357265 218947  45893 336113 185457 329915 174642 226298 193716 371798
 193919 302352 128851  74651 357760 178621 185457 118743 360914 383735
 357265 217787 171586 268046 357265 251034 386494 126981 254258 354106
 307029 357225 182540  81044 358159 148224 192973 259933 186645 394474
 226278  65963 251057 394474 387695 137548 357265 128978 142646 268046
 357265 145527 265753  54718 357265 342651  45815 268046 357265 169725
 386886 286468 128770 354740 360914  71090 144249 360914 357265 288743
 232536 175199 126848 174642 360914 120116 337258  53202 189518 222999
 388710 344147 143869 222471 357265 108410 175199 174032 388710 179434
 387353 269798 363408 128527 357265 185457 228656 232536 187377 148427
 178965 388710  43010 159062 110239 192973 175199 298773 200035  43010
 223830  77162 393657 357265 286789 174032 128770 354740 382924  44608
 366273 360914 148427  43010 348095 397966 207463 229430  59617 270201
 388710 386306 225650 222471  43010      0 177661  43010  83176 232536
 371798 179434 286043 144223 386423 175199 148441  43010  75774 225985
 268046 164505 269798  43010 364527 268508 163444 193919 179434 132376
 319764 128770 354740 360914 357265  62979 187631 336113 162184 175199
 102485 357211 373316 185457 302323 187631 231552 358159 251034 338149
 301000 155185 271704 194573 327364 309326 146498 238443 177463  90304]
