OriginalClass, 1
NewClass, 1
NumberWordsChanged, 35
WordPositions
215	216	217	218	219	220	221	222	223	224	225	226	227	228	229	230	231	232	233	234	235	236	237	238	239	240	241	242	243	244	245	246	247	248	249	
OldWordVectorPositions
[ 29742 272930 268046  20965 280944 152393 358159 105851 374173  54718
 110424 280944  58997 346372 346416 151349 187646  54718 225650  60665
 251645  60665 151349 357265 191002 180658 186353 357211 227817  72057
 106060  98376  97130  54718 225650 174642  60665 251645 360914 126552
 388710 179434 186236 342104  60665 357265 246120 357211 174032  71814
 340204  88126 219621 293473 346372  60665 358159 251034  44608 178965
 185457 127708 209645 386320 390058  72182  91591  88126 269953 268046
  98376      0 270970 174695 360914 333080 358801  26559 182380 268046
 358159 368710      0 157581 357265 297566 193408 386983 358159      0
 383513 229835  87775 386306 361952 357387 336113 225289  88126 357387
 187631 303890 268046 110542 360914 219631 180682  54718 193919 323118
 226278 268046 235589 368760 220364  93484 351934 394564 284145 185457
  52943 145388 357211 193716 361952 118593 151349 269953 268046      0
 219145 352154 221670 124777 360914 148356 351934 269798 346372  54273
 192882  75344 293473 293229 386431 383513 269316 343722  51582 357760
 393334 309866 303502 359839 309841 383415  71347  50372 275484 159864
 103031  68708 344550 141816 193919  43010 254586  51582 357760 273832
  60445 174642 268345 189417 357408 188481 332007 287869      0 293244
 393704 337262  97689 168600 386886 192973  59182 357265 250392 288917
  54718 385389 106061 174194  71814  43010 148224 362161 268046 357354
 393704 168551 174032  51582 357265 171857 268046  54273  53504      0
 343963 268046  54273 138304 319931 357639 192973  60665 251645 144006
 122128 360914  71090 152393 177231  60665 188481 272583 332007 180682
      0 287865 144338  76641 346372  60665 231847 391290 270970 157264
 186573  52261 263564 357265 251034 341860 119810 362463  60665 357265]
NewWordVectorPositions
[ 29742 272930 268046  20965 280944 152393 358159 105851 374173  54718
 110424 280944  58997 346372 346416 151349 187646  54718 225650  60665
 251645  60665 151349 357265 191002 180658 186353 357211 227817  72057
 106060  98376  97130  54718 225650 174642  60665 251645 360914 126552
 388710 179434 186236 342104  60665 357265 246120 357211 174032  71814
 340204  88126 219621 293473 346372  60665 358159 251034  44608 178965
 185457 127708 209645 386320 390058  72182  91591  88126 269953 268046
  98376      0 270970 174695 360914 333080 358801  26559 182380 268046
 358159 368710      0 157581 357265 297566 193408 386983 358159      0
 383513 229835  87775 386306 361952 357387 336113 225289  88126 357387
 187631 303890 268046 110542 360914 219631 180682  54718 193919 323118
 226278 268046 235589 368760 220364  93484 351934 394564 284145 185457
  52943 145388 357211 193716 361952 118593 151349 269953 268046      0
 219145 352154 221670 124777 360914 148356 351934 269798 346372  54273
 192882  75344 293473 293229 386431 383513 269316 343722  51582 357760
 393334 309866 303502 359839 309841 383415  71347  50372 275484 159864
 103031  68708 344550 141816 193919  43010 254586  51582 357760 273832
  60445 174642 268345 189417 357408 188481 332007 287869      0 293244
 393704 337262  97689 168600 386886 192973  59182 357265 250392 288917
  54718 385389 106061 174194  71814  43010 148224 362161 268046 357354
 393704 168551 174032  51582 357265 171857 268046  54273  53504      0
 343963 268046  54273 138304 319931 255514 316737 254400 150381  70911
 376969 378414 293692 296488 183060 293712 158899 238288 161933 165872
  96143 314173 226251 389855  46944 174177  90396 230618 240961 211176
 110262 311472 187687 196442 367341 153562 280348  78736  46030 223649]
