OriginalClass, 0
NewClass, 1
NumberWordsChanged, 28
WordPositions
222	223	224	225	226	227	228	229	230	231	232	233	234	235	236	237	238	239	240	241	242	243	244	245	246	247	248	249	
OldWordVectorPositions
[357265  63505 268046 265603 264831 286468  54718 329710 343906 381757
 337287 237047      0 383513 107670  53909 357265 389987 166369  63534
 131142 179434 222218  54718  52673 179434 306148 174032 144034 273428
 357265 393334 179434 389835 108155 360914 105779 112045 306501  54718
  43010 217449 302232 294743 294799 188481  14104 357265 301593 133480
 192973 357265 352136 268046  43010 389937 383134 185457 378072 386959
 322768 151349 339654 137584 150027 188481 357265 143869 268046 327057
 385892 375635 193716 383513      0 217787 231345      0 193716 383513
 187882 288917 162058 357211 357265 264831 107153  58997 191464 339654
  54718 283365 193642 193716 383513  52520  54273 143219 267697  99771
 151349  43010 148224      0 117294 143497      0 268046  17984  95359
 152660 146604 188481 226278 388710 357265  80586  54718 335693 373316
 357265 322171 308625 329819  47798 294770  45217 360914 148224 225820
 357265 301593 133480 383513 360914  71090 124744  88126 357265 219705
 159864 113437 154323  43010 322181  88126 237047      0 193716 126848
 323420 357211 237047 390488  54273  46127 386423 357265 148224 385594
 191811 292986 182573 113437 383513 305878  88126 133646 165094  43010
 124763 220815 209675 151349  60438 362866 357108  43010 389895 233320
  54718 357265 237047 322255 383513 305878 388710 269953  88126 216313
 365908 357265  63505 268046 346372 240743 322182  60665 357265 274200
 188786 368790 290159 302802 307031 154323 244456 325757 131142 389937
 383134 186986 383513  93265  60665 357265 339662 107148 217584 117273
 159367 359526 269953 268046 357265 166369  71418 268046 177103 138715
 383513  93265  60665 336329 192994  82608 357265 348220  93265 383513
 278020 264557 188839 177167 235256  55790  70671 102771 384523 227060]
NewWordVectorPositions
[357265  63505 268046 265603 264831 286468  54718 329710 343906 381757
 337287 237047      0 383513 107670  53909 357265 389987 166369  63534
 131142 179434 222218  54718  52673 179434 306148 174032 144034 273428
 357265 393334 179434 389835 108155 360914 105779 112045 306501  54718
  43010 217449 302232 294743 294799 188481  14104 357265 301593 133480
 192973 357265 352136 268046  43010 389937 383134 185457 378072 386959
 322768 151349 339654 137584 150027 188481 357265 143869 268046 327057
 385892 375635 193716 383513      0 217787 231345      0 193716 383513
 187882 288917 162058 357211 357265 264831 107153  58997 191464 339654
  54718 283365 193642 193716 383513  52520  54273 143219 267697  99771
 151349  43010 148224      0 117294 143497      0 268046  17984  95359
 152660 146604 188481 226278 388710 357265  80586  54718 335693 373316
 357265 322171 308625 329819  47798 294770  45217 360914 148224 225820
 357265 301593 133480 383513 360914  71090 124744  88126 357265 219705
 159864 113437 154323  43010 322181  88126 237047      0 193716 126848
 323420 357211 237047 390488  54273  46127 386423 357265 148224 385594
 191811 292986 182573 113437 383513 305878  88126 133646 165094  43010
 124763 220815 209675 151349  60438 362866 357108  43010 389895 233320
  54718 357265 237047 322255 383513 305878 388710 269953  88126 216313
 365908 357265  63505 268046 346372 240743 322182  60665 357265 274200
 188786 368790 290159 302802 307031 154323 244456 325757 131142 389937
 383134 186986 383513  93265  60665 357265 339662 107148 217584 117273
 159367 359526 383765  48305 177258 233805 279000 286113 164333 280005
 363349 143620 179183 359014 219171 162912 274327 197709 373589 322645
 383474 313718  56147 397985 319136 308251 233641 129020  60571 395721]
