OriginalClass, 1
NewClass, 0
NumberWordsChanged, 12
WordPositions
238	239	240	241	242	243	244	245	246	247	248	249	
OldWordVectorPositions
[ 52673 357265  45905 385663 164328 339019 154219 170516  60665 357265
  78229 222604 357265 148224 322255 192973 267284 291972  54718 106329
  58548  43010 144738 357292 124763      0 336060      0  71587  78229
  47798  43010  91624  45129 192973 269798 357265 313329 151349 179018
  54718 179434 122067 222604  72182 331312 332239 177103  76933 192973
 354428 151349  78229 281949  54718 383080 360914 231458 178965 323392
  47887  78229 281949  58997 323392 388710 357353 148510 264476  54718
 132479 177231 358159 251034 192973  71587  43010      0  54718 357265
 225401 357265 309729  71586 357265 103082 357353 304963 122463 386473
 383513 291286 332239 357265  71956 268046 357265 148224 357265 357292
 124763 192973 269798 357265 309729 360914 179434 250482 196911      0
 179434 250482 192973 224021 337307 188481 313665 269798 357265 322568
  54718 231552  60438 190723 268046 110542 386306 329915 327863 126552
 272583  54718 327863 192973 343256 224021  71494 327863 192973 382333
 179434 337385 360914 123577 254258 163444 358159  58997 122064 148356
 357265 337385  60096 252802 192973  94878  43010  75774 278093  62065
 357265  71104 388017 192973  78609  54718  43010 283992 192973 286442
 269798  43010 302292 283998 188481 357265 243674 268046  43010 130787
 393657 357809  58997  94878 177103 145072 357265 337385  60098 200035
 188481 359888 250482  90548 148356 349166 357265 284771  46656  88126
  43010 292006 265753 264937  43010 166369  60429  90548 123577 188481
 357265  59741 268046 177103 166369  60429 337385 338966 315103 108036
  44608 223944 188481 281272 160117 386494 357265 337385 192973  56163
 388710  43010 311988  45081  71494 357265 337385 192973 370635 360914
 323336 175199 192973 264550 144575 188481 226278 360914 357265 265753]
NewWordVectorPositions
[ 52673 357265  45905 385663 164328 339019 154219 170516  60665 357265
  78229 222604 357265 148224 322255 192973 267284 291972  54718 106329
  58548  43010 144738 357292 124763      0 336060      0  71587  78229
  47798  43010  91624  45129 192973 269798 357265 313329 151349 179018
  54718 179434 122067 222604  72182 331312 332239 177103  76933 192973
 354428 151349  78229 281949  54718 383080 360914 231458 178965 323392
  47887  78229 281949  58997 323392 388710 357353 148510 264476  54718
 132479 177231 358159 251034 192973  71587  43010      0  54718 357265
 225401 357265 309729  71586 357265 103082 357353 304963 122463 386473
 383513 291286 332239 357265  71956 268046 357265 148224 357265 357292
 124763 192973 269798 357265 309729 360914 179434 250482 196911      0
 179434 250482 192973 224021 337307 188481 313665 269798 357265 322568
  54718 231552  60438 190723 268046 110542 386306 329915 327863 126552
 272583  54718 327863 192973 343256 224021  71494 327863 192973 382333
 179434 337385 360914 123577 254258 163444 358159  58997 122064 148356
 357265 337385  60096 252802 192973  94878  43010  75774 278093  62065
 357265  71104 388017 192973  78609  54718  43010 283992 192973 286442
 269798  43010 302292 283998 188481 357265 243674 268046  43010 130787
 393657 357809  58997  94878 177103 145072 357265 337385  60098 200035
 188481 359888 250482  90548 148356 349166 357265 284771  46656  88126
  43010 292006 265753 264937  43010 166369  60429  90548 123577 188481
 357265  59741 268046 177103 166369  60429 337385 338966 315103 108036
  44608 223944 188481 281272 160117 386494 357265 337385 192973  56163
 388710  43010 311988  45081  71494 357265 337385 192973 193831 334506
 252116 196631 387357 228155 236449  72502 165993 336912 306156 290017]
