OriginalClass, 1
NewClass, 1
NumberWordsChanged, 35
WordPositions
215	216	217	218	219	220	221	222	223	224	225	226	227	228	229	230	231	232	233	234	235	236	237	238	239	240	241	242	243	244	245	246	247	248	249	
OldWordVectorPositions
[358159 251034  74745 239105 193716 237383  71090 357211 187631 200035
  43010 345296  53504  87775 185457 302352 200035 127708 160418  27825
  78616 141950 194101 302207  44608 358159 251034 174032  71814  43010
 362759 301259  87775 185457 200035 110159 342180 191289 187631 348373
 357211 193716 383513  60665 307353 188481 148261  60665  51582 357265
 112062 319690  87775 386423 193716  79740 308561 128527 360914 193716
 193919 200035 302352 302352  81044 237426 193919 357265 217055  69353
 237383 187631 200035 264550 325033 270970  60486 137680  87775 386314
 357265  93018 192973 185457 174341 358159 251034 357265 343963 193923
 193408  65963 193919  44608  43010 394520 153730  82265 386886 192973
 364471 371713  88126 179434 277483  54718 179434 354432  54718 141859
 175199 137189 373316 188481  43010 200123 143937 357211 188481 193923
 272833 360914  71090 191290  54718 193716 383513  62065 148908 357639
 383513 264612 390469 388710 357265 123184  87775 357411  47887 193919
 173236 360914 319690  71494 171586 268046 357265 108415      0 346233
  54718 151349 262350  57697 302476 336113 185457 123557  52879 209645
 386306 383513 163745 269798  87775 151349 357265 123184 384373 110156
 371425 193716 229835 137680 325007 357265  45905 385663  72475 137680
  87775 193919 173236 360914 319690 386306  43010 302292 281904 390138
 126552 188481 357760 333194 336113 394474 146344 151349 357265 231068
  97014  87775 270201 188481 357265 325007 357211 386423 175199 160457
 191811 365920 394474 357969 385217 357211 346423 357265 286789 193408
 141816 394564 368709 286789 132276 359888 175199 160457 188481 365920
 175199 160457 191811 249714 365920 357108 357265 217787 359888  87775
 357265 302484 259914 376233 361939 251645  54718 358801 357265 137937]
NewWordVectorPositions
[358159 251034  74745 239105 193716 237383  71090 357211 187631 200035
  43010 345296  53504  87775 185457 302352 200035 127708 160418  27825
  78616 141950 194101 302207  44608 358159 251034 174032  71814  43010
 362759 301259  87775 185457 200035 110159 342180 191289 187631 348373
 357211 193716 383513  60665 307353 188481 148261  60665  51582 357265
 112062 319690  87775 386423 193716  79740 308561 128527 360914 193716
 193919 200035 302352 302352  81044 237426 193919 357265 217055  69353
 237383 187631 200035 264550 325033 270970  60486 137680  87775 386314
 357265  93018 192973 185457 174341 358159 251034 357265 343963 193923
 193408  65963 193919  44608  43010 394520 153730  82265 386886 192973
 364471 371713  88126 179434 277483  54718 179434 354432  54718 141859
 175199 137189 373316 188481  43010 200123 143937 357211 188481 193923
 272833 360914  71090 191290  54718 193716 383513  62065 148908 357639
 383513 264612 390469 388710 357265 123184  87775 357411  47887 193919
 173236 360914 319690  71494 171586 268046 357265 108415      0 346233
  54718 151349 262350  57697 302476 336113 185457 123557  52879 209645
 386306 383513 163745 269798  87775 151349 357265 123184 384373 110156
 371425 193716 229835 137680 325007 357265  45905 385663  72475 137680
  87775 193919 173236 360914 319690 386306  43010 302292 281904 390138
 126552 188481 357760 333194 336113 394474 146344 151349 357265 231068
  97014  87775 270201 188481 357265 325007 357211 386423 175199 160457
 191811 365920 394474 357969 385217 279129 239242  78139 133914 105561
  89051  92462 273640 289862 151383  85554 392822 170091 228696 310593
 291658 312852 275813 308145 210660  79814 146074  83986 138578 198553
 265276  97142  74056 228367 300229 378242 364155 225658  79181  54330]
