OriginalClass, 1
NewClass, 1
NumberWordsChanged, 35
WordPositions
215	216	217	218	219	220	221	222	223	224	225	226	227	228	229	230	231	232	233	234	235	236	237	238	239	240	241	242	243	244	245	246	247	248	249	
OldWordVectorPositions
[393657 357639  58997 166369 281316 177231 371798 357809 173061 188481
 357265 108098 268046  43010 251034 357211 126852 323420 360914 174642
  43010 103260 386306 193919 126981 131142 357265 148908      0 245571
 268046 358159  51582 357265 253590 351989 285908  60665 302329 281311
 346475  44608  54273 182363 188481 357265  97035 386886 373139 358159
 287479 170714  52879 339874 360914 132276 272583 346475 341874 332387
 360914 132276 272583 360914 155499 107210 357964  43010 223830 155499
 188481 272930 268046 264974 357809  45929 126552  44608  10741 245571
 268046      0 123179 357411 323420 360914 129579 357211 186344  54718
 251014 269798 360914 272583 357964 346372  60665  43010 265557 357211
  71959 188481  43010 196359 103218 388710  43010 129764  54718 368320
 135111 168872 346475 367676 191811  43010 155104 271130 284318 388710
  43010 236171 372896 344724 323164 269798 362049 268046  51582 358159
 188907 188481 182540 357265 253590 192973 374167 192973 357265 106396
 102471 188564 360914  45929 390409 253590 188481 357265 345399 357211
 192973 348226  72182 289256 386494 357265 148908 110481 268046 284321
 126552 337917 268046 244834 357265  14181 250670 338149 357265 306581
 268046 357265 148224 192973 200035  65963  84559 329973 253590 357411
 357651 357265 295472 331747 268046 335855 268046  43010 167631 126981
  43010  65963 194733 144715 187834  54718 133395 253348 250006 154323
 223830 308118 360914 195355  85060 360914 223275 308162 386423 175199
 341885  96809 343066 389439 185457 110159 176551 218178 272930 226077
 358159 383513 102496 269953 268046 358451 148269 357211 231458 239105
  57890 182540 223830 359888 185457 174642 269798 132482  54718 306299
 357211 185457 383689 368320 182380 268046 193716 383752 358159 148224]
NewWordVectorPositions
[393657 357639  58997 166369 281316 177231 371798 357809 173061 188481
 357265 108098 268046  43010 251034 357211 126852 323420 360914 174642
  43010 103260 386306 193919 126981 131142 357265 148908      0 245571
 268046 358159  51582 357265 253590 351989 285908  60665 302329 281311
 346475  44608  54273 182363 188481 357265  97035 386886 373139 358159
 287479 170714  52879 339874 360914 132276 272583 346475 341874 332387
 360914 132276 272583 360914 155499 107210 357964  43010 223830 155499
 188481 272930 268046 264974 357809  45929 126552  44608  10741 245571
 268046      0 123179 357411 323420 360914 129579 357211 186344  54718
 251014 269798 360914 272583 357964 346372  60665  43010 265557 357211
  71959 188481  43010 196359 103218 388710  43010 129764  54718 368320
 135111 168872 346475 367676 191811  43010 155104 271130 284318 388710
  43010 236171 372896 344724 323164 269798 362049 268046  51582 358159
 188907 188481 182540 357265 253590 192973 374167 192973 357265 106396
 102471 188564 360914  45929 390409 253590 188481 357265 345399 357211
 192973 348226  72182 289256 386494 357265 148908 110481 268046 284321
 126552 337917 268046 244834 357265  14181 250670 338149 357265 306581
 268046 357265 148224 192973 200035  65963  84559 329973 253590 357411
 357651 357265 295472 331747 268046 335855 268046  43010 167631 126981
  43010  65963 194733 144715 187834  54718 133395 253348 250006 154323
 223830 308118 360914 195355  85060 360914 223275 308162 386423 175199
 341885  96809 343066 389439 185457 179607  83823 173226 225838 167429
 161865 359864 181561 168306 298382 396373  94736 117971 395948 163588
 347938 316078  66666 134910 142420 301469  51885  47407 131625 114080
 326479 245567 114210 282111 370020 163963 351658 224661  94639 171841]
