OriginalClass, 1
NewClass, 0
NumberWordsChanged, 20
WordPositions
230	231	232	233	234	235	236	237	238	239	240	241	242	243	244	245	246	247	248	249	
OldWordVectorPositions
[185457 170714 175426 337258  65963 357964  44608  88904 147457  52261
  60665 251645  60665 185457 175426 357265 113559 184980  60665 193716
 367700 272930 357265 148908 148224 154323 357265 259972 188342 135416
 311829 193919 200035  43010 337967 133946 388710 357265 192522 287518
 129603  60665 357265 148224 293187 357639  58997 390058 251057 272930
 357639  54718 348380 249714 164824 270120 386494 187631 264550 348373
 182540 357265      0 164934 336113 178401 269798 357265      0 151349
 182159 357639 192973  43010 164328  53974 151349 159619 144877 177231
 357265 291553 193408 258302  65963 134678 358461 207126 163237 360914
  43010  88904 151349  43010 384713 268046 278104 270201 360914 105625
  45776  43010 377945 330825 232536 110720 188481  78456 386919 188481
  43010 276467 357809 325898 269798 148728 175199 388111 373316 118188
 188481 357265 383771 357211 146334 357265 306326  54718 337661 357265
  97035  51582 346355 360914 357265      0 379676 269953 384121 270970
  56041 357265  97035 134678 357265 218947 105014 207126 188839 308289
 344850  60665 357265 177433  54718 195355      0  60665 357265 164457
 330941 270970 357265 348220 379043 151009  58997  58750 360914 357265
 287479 268046 189536 186645 264550 275311 336113  60665 357809 239785
 357353 145575 357265 363159 160418 292006 385026  54718 193716 200035
 323430 360914  71090      0 358829 361189 388755 357265 233708 218189
 276216 207071 105678 272930 268046 264974  54718 237426 243977 174642
  71814 155340 188481  56041 251034 270970  88126 193923  87775 188481
 357265 108098 268046 357265 306581 268046 357265 251034 193716 200035
 126852 389835 357651  52520  43010 394520 287768  97014 386886 192973
 141816 130645  54718 220815 108464 357108 357265 272587  54718 357265]
NewWordVectorPositions
[185457 170714 175426 337258  65963 357964  44608  88904 147457  52261
  60665 251645  60665 185457 175426 357265 113559 184980  60665 193716
 367700 272930 357265 148908 148224 154323 357265 259972 188342 135416
 311829 193919 200035  43010 337967 133946 388710 357265 192522 287518
 129603  60665 357265 148224 293187 357639  58997 390058 251057 272930
 357639  54718 348380 249714 164824 270120 386494 187631 264550 348373
 182540 357265      0 164934 336113 178401 269798 357265      0 151349
 182159 357639 192973  43010 164328  53974 151349 159619 144877 177231
 357265 291553 193408 258302  65963 134678 358461 207126 163237 360914
  43010  88904 151349  43010 384713 268046 278104 270201 360914 105625
  45776  43010 377945 330825 232536 110720 188481  78456 386919 188481
  43010 276467 357809 325898 269798 148728 175199 388111 373316 118188
 188481 357265 383771 357211 146334 357265 306326  54718 337661 357265
  97035  51582 346355 360914 357265      0 379676 269953 384121 270970
  56041 357265  97035 134678 357265 218947 105014 207126 188839 308289
 344850  60665 357265 177433  54718 195355      0  60665 357265 164457
 330941 270970 357265 348220 379043 151009  58997  58750 360914 357265
 287479 268046 189536 186645 264550 275311 336113  60665 357809 239785
 357353 145575 357265 363159 160418 292006 385026  54718 193716 200035
 323430 360914  71090      0 358829 361189 388755 357265 233708 218189
 276216 207071 105678 272930 268046 264974  54718 237426 243977 174642
  71814 155340 188481  56041 251034 270970  88126 193923  87775 188481
 357265 108098 268046 357265 306581 268046 357265 251034 193716 200035
 281790  84573 213791 188297 217879 349394 196462 272826 291269 289324
 381867 199648 152004 371432 393032  69118 387764 251484 165256  75064]
