OriginalClass, 1
NewClass, 1
NumberWordsChanged, 35
WordPositions
215	216	217	218	219	220	221	222	223	224	225	226	227	228	229	230	231	232	233	234	235	236	237	238	239	240	241	242	243	244	245	246	247	248	249	
OldWordVectorPositions
[268508 182540 384373 174642  43010 246037 177231  43010 148224 336113
  65963 357211 394564 244950 387695 389439  54718 129364  64331 270284
 272583 357964  60665 193716 383700 394564 359888 388710  82731 265572
 288743 292986 375635  97014 342929 268046 357265 390079  54718 298576
 207715 332239 131465 166995 303888 360914 357265  99212  97014 188481
  84723  78561  60665 357265 393459 232536  97035 336113 372047  54718
 371647 357211 193919 123789 360914 383735  60665 385217  60665  43010
 256745 357211 286753  52318  62065 346372  43010 334951 345296  54718
 287513 274756 357211 394474 387695 297566 357265 377945 280944 386886
 319690 357809 222471 358159 148224      0 181371 192973  43010 148224
 357211 137189 373316  72182  54273  44786 289743 124942 188481 141941
 386473 384121 289446 357265 148224 192973  43010 241941  54718 325010
 124942 357211 174032 198418 184479 124747 203688 367663  54718 194667
 260812 341775  54718 141943 135869 148210 188481 357265 157523  60665
 134678 130637 342929 270970 348220  97035 357211 384748 269798  43010
 283483 264937  54718  47887 270970  75477 388710  43010 231068  97014
      0 181371 192973  43010 148224 357211 144594 191811  43010 159619
 268046      0 105647 310815  45830 157368  54718 273500 111836 358159
 368268 388710 193919 124763  54718  93265 329915  71090 137680 360914
 293496 193716 358801 337258 337917 268046  43010 343963 337258 337917
 268046  43010 325298 268046 164328 320245 337258 337917 268046 191006
 188481 357265 151719 268046  43010 322181 270970 337301 135869  87775
 262350 386306 384373 160418 192973  43010 257044  54718 369897 148224
 307371  59937 264612  62065  51582 187377 162051  43010 110481 268046
 142285 268046 182540 329463 358159 181890 329973 268046  43010 148224]
NewWordVectorPositions
[268508 182540 384373 174642  43010 246037 177231  43010 148224 336113
  65963 357211 394564 244950 387695 389439  54718 129364  64331 270284
 272583 357964  60665 193716 383700 394564 359888 388710  82731 265572
 288743 292986 375635  97014 342929 268046 357265 390079  54718 298576
 207715 332239 131465 166995 303888 360914 357265  99212  97014 188481
  84723  78561  60665 357265 393459 232536  97035 336113 372047  54718
 371647 357211 193919 123789 360914 383735  60665 385217  60665  43010
 256745 357211 286753  52318  62065 346372  43010 334951 345296  54718
 287513 274756 357211 394474 387695 297566 357265 377945 280944 386886
 319690 357809 222471 358159 148224      0 181371 192973  43010 148224
 357211 137189 373316  72182  54273  44786 289743 124942 188481 141941
 386473 384121 289446 357265 148224 192973  43010 241941  54718 325010
 124942 357211 174032 198418 184479 124747 203688 367663  54718 194667
 260812 341775  54718 141943 135869 148210 188481 357265 157523  60665
 134678 130637 342929 270970 348220  97035 357211 384748 269798  43010
 283483 264937  54718  47887 270970  75477 388710  43010 231068  97014
      0 181371 192973  43010 148224 357211 144594 191811  43010 159619
 268046      0 105647 310815  45830 157368  54718 273500 111836 358159
 368268 388710 193919 124763  54718  93265 329915  71090 137680 360914
 293496 193716 358801 337258 337917 268046  43010 343963 337258 337917
 268046  43010 325298 268046 164328 320245 337258 337917 268046 191006
 188481 357265 151719 268046  43010  71465 295772 310095 343246 336133
 323255  88296 292427 210323  93075 237866 190706  67877 300964 141387
 285717 146020 106606  77894 117308 129108  94249 154109 109537 348534
 377196 295443 393750 391412 158095 370922 364819 112445 104087 328504]
