OriginalClass, 1
NewClass, 1
NumberWordsChanged, 35
WordPositions
215	216	217	218	219	220	221	222	223	224	225	226	227	228	229	230	231	232	233	234	235	236	237	238	239	240	241	242	243	244	245	246	247	248	249	
OldWordVectorPositions
[213200 239798 207802 193716 338170 336113 293358  65680 188481 357265
 340236 268046  14623 185457 305224 357411 357265 251034  90233 272930
  54718 357265 213200 113562 174642  71814  75479 388710 357265 207802
 113562 141863 332239 357265 207802 113562 319690 341596 213200 361952
  43010 166369 181890 352136  54718 313137 193716 357265 213200 113562
 127708 162051  43010 116454  44608 207845 343963 357809 352213  44608
      0 363408 329871  90266      0 192973  43010 148224 357809 190632
 193716 329915  71090 107670 269798 193919 274148  60665 193716 173067
  81562  90510  58997 109476 371798 186645 269953 378776 193716 295485
  60665  54273  46127 268046 207845 264802 357265 328939 192973 189034
  43010 144227  43010 383689 270806  43010 325549 268046  81544 256745
 157025 185457 374167 360914  77791 357211 269798      0 322191 357265
 390422 123241 198446  63505 268046 218935 235187      0 218935 126086
 140213 174032  43010 306148  60665  54273 264815 268046 336297 233328
 237426 327863 383513 100075 151349 177103 346236 166075 268046 107363
 304965 270970 144715 131666  87775 357265 223830      0 363116 268046
 331031 105313 126852 142627 269798  57170 233795 188481 177103 153050
 372241 213200 357265  55365 292769 152393 177103 107238 182573 175199
 268046 110542 192973 357265 302292  63489  54718 107670 269798 193919
 274148 241467 179434 322181 151349 357265 328939 388710 193919 246093
 268046  44522 294577 301058 348003  54718 188240 304659 200035 126852
 341439 373316 360914 224927  54431 187631 387795 360914 107661      0
 328939 269798 193919 274148 356211 187631 141816 387795 360914 351934
 193716  60665 337301 272583 357108  43010 108379      0 251034  87775
 193716 126852 346312  60665  43010 257307 345194 268046 193459  51373]
NewWordVectorPositions
[213200 239798 207802 193716 338170 336113 293358  65680 188481 357265
 340236 268046  14623 185457 305224 357411 357265 251034  90233 272930
  54718 357265 213200 113562 174642  71814  75479 388710 357265 207802
 113562 141863 332239 357265 207802 113562 319690 341596 213200 361952
  43010 166369 181890 352136  54718 313137 193716 357265 213200 113562
 127708 162051  43010 116454  44608 207845 343963 357809 352213  44608
      0 363408 329871  90266      0 192973  43010 148224 357809 190632
 193716 329915  71090 107670 269798 193919 274148  60665 193716 173067
  81562  90510  58997 109476 371798 186645 269953 378776 193716 295485
  60665  54273  46127 268046 207845 264802 357265 328939 192973 189034
  43010 144227  43010 383689 270806  43010 325549 268046  81544 256745
 157025 185457 374167 360914  77791 357211 269798      0 322191 357265
 390422 123241 198446  63505 268046 218935 235187      0 218935 126086
 140213 174032  43010 306148  60665  54273 264815 268046 336297 233328
 237426 327863 383513 100075 151349 177103 346236 166075 268046 107363
 304965 270970 144715 131666  87775 357265 223830      0 363116 268046
 331031 105313 126852 142627 269798  57170 233795 188481 177103 153050
 372241 213200 357265  55365 292769 152393 177103 107238 182573 175199
 268046 110542 192973 357265 302292  63489  54718 107670 269798 193919
 274148 241467 179434 322181 151349 357265 328939 388710 193919 246093
 268046  44522 294577 301058 348003  54718 188240 304659 200035 126852
 341439 373316 360914 224927  54431 343538 214283 374337  72976 132254
 297375  66027  94750 188567 358649 298371 388392 162142 349209 382450
 156842 173726 335422 350947 213057 155158 153243 148283  51358 311050
  75296 397873 183520 246610 352799 236698 165712 186144 254594 360966]
