OriginalClass, 1
NewClass, 0
NumberWordsChanged, 26
WordPositions
224	225	226	227	228	229	230	231	232	233	234	235	236	237	238	239	240	241	242	243	244	245	246	247	248	249	
OldWordVectorPositions
[185457  52943  43010 345139 268046 148224  54718 174642  71814 151349
 326145 393334  54718 357265 106706 268046  43010 114423 213728 319018
  99150 170714 239105 389452 192973 358159 357265 148224 357225 163745
 360914  83332 357265 248000 220930 143869 193716  53499 174032 259914
  71814 220870 128527  88126  57170 284318 268046 101278 357211 146160
  43010 331999 109921  47798 346372 166369 102233  60665 248644 365920
  54718 130930  97803 188481 185457 358463 357211 357265  74390 186369
 385663  52477 351972  87775 357411 105678 155323 248644 185457 218173
 185457 111820 185457 108032 346796 264937 194101 302207  44608 120607
 289432 188481 357265  75395  87775 357211 343256 126852 142852 386983
 337266 390138 111448 346372  43010 292984 268046 141999 148908 268074
 174695  62065 219145  43010 330095 268046 191006 185457 302344 357211
  43010  99150 383513 188481 143954  54273  57393 264550  43010 248644
  62065  51582 182573 185457 383513 348373 357211 357265 148260 390138
 102471 358159 292794 373316 155499 191811 357265 148224 357809 123557
 220870 239105 347146 373316 358159 389835 268046  60228  43010 106170
  88126 357265 256046 268046 397707 174032 118743 360914 363589  99151
  60665 336884 386983 185457 357969 357809 241108 337301  44608 357265
 336884 389882 151349  67757  87775 386423 193716 390138 109891  44608
  54273 140080   9321 244641 127119 268046 165202 248489 360914 363589
 269953  99149 358159 126852 323420      0 385217  57195 397707  84243
 188481  43010 100897 339009 236888 247488 360914 363589 102573 357265
  99149 102573 192973 141950 397707 181583 151349 175199  90548 351934
 272930  54273 137937 328651 268046 168324 386886  51582  57715 360914
 174642 165004 357353 363600 333816  62065 357265 224573 232098  54718]
NewWordVectorPositions
[185457  52943  43010 345139 268046 148224  54718 174642  71814 151349
 326145 393334  54718 357265 106706 268046  43010 114423 213728 319018
  99150 170714 239105 389452 192973 358159 357265 148224 357225 163745
 360914  83332 357265 248000 220930 143869 193716  53499 174032 259914
  71814 220870 128527  88126  57170 284318 268046 101278 357211 146160
  43010 331999 109921  47798 346372 166369 102233  60665 248644 365920
  54718 130930  97803 188481 185457 358463 357211 357265  74390 186369
 385663  52477 351972  87775 357411 105678 155323 248644 185457 218173
 185457 111820 185457 108032 346796 264937 194101 302207  44608 120607
 289432 188481 357265  75395  87775 357211 343256 126852 142852 386983
 337266 390138 111448 346372  43010 292984 268046 141999 148908 268074
 174695  62065 219145  43010 330095 268046 191006 185457 302344 357211
  43010  99150 383513 188481 143954  54273  57393 264550  43010 248644
  62065  51582 182573 185457 383513 348373 357211 357265 148260 390138
 102471 358159 292794 373316 155499 191811 357265 148224 357809 123557
 220870 239105 347146 373316 358159 389835 268046  60228  43010 106170
  88126 357265 256046 268046 397707 174032 118743 360914 363589  99151
  60665 336884 386983 185457 357969 357809 241108 337301  44608 357265
 336884 389882 151349  67757  87775 386423 193716 390138 109891  44608
  54273 140080   9321 244641 127119 268046 165202 248489 360914 363589
 269953  99149 358159 126852 323420      0 385217  57195 397707  84243
 188481  43010 100897 339009 236888 247488 360914 363589 102573 357265
  99149 102573 192973 141950 246449 179832 254437 121877 333941 121723
 326022 269364 250239 184024 283967 307370  88981 242883 279092 314158
  58300 319182  88715 252293 264552 188616 370426 259950 286333 185369]
