OriginalClass, 1
NewClass, 0
NumberWordsChanged, 11
WordPositions
239	240	241	242	243	244	245	246	247	248	249	
OldWordVectorPositions
[185457 174642  71814 374252 187781 151349 393334  54718 185457 259914
 383071 360914 160418 192214 188481 357265 105857 268046      0 264937
 358159 126747 174032 336113 233708 292803 357211 185457 173357 209645
 386306 360914 319690 185457  52943 264550  43010 253700 263939  52943
 185457  54273 193305 345172 142833  87775 185457 209645 137680 360914
 327940 337258 222292 269798 357265 267358      0 378773 357211 358159
 126747 139823 357265 292803 388710 358159 251034  71950 388710 357265
 143954 357211 193716 192973  43010 126747 250392 268046 357265 126745
 357211 185457 174642 323431  54664 357408  59937  43010 147468 375429
 287518  54718 357411 348562 358451 287518 388710 118407 191580  54718
 246120 358159 192973  95616 357265  93018 388710 193297 386306 357265
 385793 258481 360914 209645 393657 357639  58997 155246  59937 357265
 389937  54718 337258 268046 357387  58997 253700  87775 360914  86363
  43010 126747  44608  51582 268046 193297  59937  43010 335128 281114
 268046 298738 280944 192973 188953 246167 358159 192973 302352  43010
 126747  44608 357265 155245  61428 268046 193297  54718 264612 249714
 151349 358451 386886 390138 222471 360914 249714 267079 142902 337258
 268046 357265 193642 299528 188481 358159 126747 177231  58997 326145
 287518 357211 237383 176551 357639 383513 264612 289384  44608 193297
 291763 188481 357265 126747 357265 126747 150793 269798 357265 243674
 132583  87775 249714 253708 223944 273278 268046 357211 304237 249714
 253708 223944 188481  99161  72477 193716 270970 264550 357108 188481
 319220  58223  44608  27558 268046  51582 253708 223944 188481 275448
  68023 189129  54718 189344 357265 364009 268046 357265 298036 374167
 188481 357265 126747 192973  43010 297569 269953 185457 383743 357265]
NewWordVectorPositions
[185457 174642  71814 374252 187781 151349 393334  54718 185457 259914
 383071 360914 160418 192214 188481 357265 105857 268046      0 264937
 358159 126747 174032 336113 233708 292803 357211 185457 173357 209645
 386306 360914 319690 185457  52943 264550  43010 253700 263939  52943
 185457  54273 193305 345172 142833  87775 185457 209645 137680 360914
 327940 337258 222292 269798 357265 267358      0 378773 357211 358159
 126747 139823 357265 292803 388710 358159 251034  71950 388710 357265
 143954 357211 193716 192973  43010 126747 250392 268046 357265 126745
 357211 185457 174642 323431  54664 357408  59937  43010 147468 375429
 287518  54718 357411 348562 358451 287518 388710 118407 191580  54718
 246120 358159 192973  95616 357265  93018 388710 193297 386306 357265
 385793 258481 360914 209645 393657 357639  58997 155246  59937 357265
 389937  54718 337258 268046 357387  58997 253700  87775 360914  86363
  43010 126747  44608  51582 268046 193297  59937  43010 335128 281114
 268046 298738 280944 192973 188953 246167 358159 192973 302352  43010
 126747  44608 357265 155245  61428 268046 193297  54718 264612 249714
 151349 358451 386886 390138 222471 360914 249714 267079 142902 337258
 268046 357265 193642 299528 188481 358159 126747 177231  58997 326145
 287518 357211 237383 176551 357639 383513 264612 289384  44608 193297
 291763 188481 357265 126747 357265 126747 150793 269798 357265 243674
 132583  87775 249714 253708 223944 273278 268046 357211 304237 249714
 253708 223944 188481  99161  72477 193716 270970 264550 357108 188481
 319220  58223  44608  27558 268046  51582 253708 223944 188481 275448
  68023 189129  54718 189344 357265 364009 268046 357265 298036 185925
 336855 259888 112617 227884  62426 285755  64367  48816 107234 363335]
