OriginalClass, 1
NewClass, 0
NumberWordsChanged, 3
WordPositions
247	248	249	
OldWordVectorPositions
[358159 338170 222471  43010 302352 191290 251034 154323 357265  78849
 257754 267429 165202 107759 185457 383513 142760  43010 226394  86085
 257729 377861 268046 357265 117762 104216 270970 357265  82339 154323
  83254 270970 141816 329457 190756 394474 160418 337301 297928 123767
 249714 294569 249714 337301 222471 154323 117720 228308 357211 383513
  45929  43010 286963  87775 357265 384121 357265 343963 192973 361391
 192973 200035  64362 277915 268046 357265 365920 192973 357265  93403
      0      0  97014 341901 268074 357265 251070  72182 337306 360019
  54718  47675 327863 200035 126852 126552 357211 385217 141816  62065
 177103  48003 358461 327863  95616 365129 357265  45893  93265  60665
 357265 337385  57698 358463 358159 383513  43010 105647 250392 268046
 357265 272583  45905  52520 323425 360914 174642 358463 358159 383513
  43010  90524 251034 270970  62065 219145  45805 222471 193716 301000
 357108 332147  72182 297901 357265 270201 269953 357211 185457 358463
 123517 302352 385217 383513 357265 117632 332867      0  56041  75774
 277915 192973 357265 274847 193716 341901 268074 377945 334978 336113
 334978 394474 243977  71090 355592 360914 367634 193716 268074  87775
 357411 193716 160457 106231 151349  43010 386494 386423 394474 160418
 360914 357265 117634 346796  54718 357265  47833  87775 329819  47848
 193716  51582  71586  43010 199665 241860 337258 268046 358159 383513
 269798 295589  87775 251645 268046 193716 383513 200035 258475 107214
 248859  54718 288752 150792 357265 302292 292794 192973 193919 332147
 264550  43010 286522 251034 360914 383735 193919 334951 130591 263564
 268046 357265  97035  58997 222467 273998 268046 187655  54718 325965
 337258 251057 394474 323336  97035 160418 362628 188481 358159 193919]
NewWordVectorPositions
[358159 338170 222471  43010 302352 191290 251034 154323 357265  78849
 257754 267429 165202 107759 185457 383513 142760  43010 226394  86085
 257729 377861 268046 357265 117762 104216 270970 357265  82339 154323
  83254 270970 141816 329457 190756 394474 160418 337301 297928 123767
 249714 294569 249714 337301 222471 154323 117720 228308 357211 383513
  45929  43010 286963  87775 357265 384121 357265 343963 192973 361391
 192973 200035  64362 277915 268046 357265 365920 192973 357265  93403
      0      0  97014 341901 268074 357265 251070  72182 337306 360019
  54718  47675 327863 200035 126852 126552 357211 385217 141816  62065
 177103  48003 358461 327863  95616 365129 357265  45893  93265  60665
 357265 337385  57698 358463 358159 383513  43010 105647 250392 268046
 357265 272583  45905  52520 323425 360914 174642 358463 358159 383513
  43010  90524 251034 270970  62065 219145  45805 222471 193716 301000
 357108 332147  72182 297901 357265 270201 269953 357211 185457 358463
 123517 302352 385217 383513 357265 117632 332867      0  56041  75774
 277915 192973 357265 274847 193716 341901 268074 377945 334978 336113
 334978 394474 243977  71090 355592 360914 367634 193716 268074  87775
 357411 193716 160457 106231 151349  43010 386494 386423 394474 160418
 360914 357265 117634 346796  54718 357265  47833  87775 329819  47848
 193716  51582  71586  43010 199665 241860 337258 268046 358159 383513
 269798 295589  87775 251645 268046 193716 383513 200035 258475 107214
 248859  54718 288752 150792 357265 302292 292794 192973 193919 332147
 264550  43010 286522 251034 360914 383735 193919 334951 130591 263564
 268046 357265  97035  58997 222467 273998 268046 187655  54718 325965
 337258 251057 394474 323336  97035 160418 362628  50981  45264 237757]
