OriginalClass, 1
NewClass, 0
NumberWordsChanged, 12
WordPositions
238	239	240	241	242	243	244	245	246	247	248	249	
OldWordVectorPositions
[358159 148224 192973  44608  43010 167631 268046 149239 154060 386886
 305655  43010  88904 188481 357265 389632 269953 268046 357265 154060
  93666  43010 181884      0 379676 346475 357265 154060 367634 269798
 269953  56041 188481  43010 121958  62696 360914 204679 154323 108205
 357265 125175 357408  88904 147457 192973  43010 181872 148224 151349
 269953 193716 365140 360914  71090 233708 159622  62065 269889 192973
 193716 348225 360914  71090  43010 180856  43010 334386  43010  77486
 105647 270970  43010 320173 251034 388710 372096 105647 262456  90548
 355344 357651  43010 325572 320242  62065 148908  54718  43010 323024
  52613 193716 367700 155345 386423 357265 148224 365140 360914  71090
 155345 357265 183993 192973 297928  77829 142421 357265 137073 185457
 222477 357265 137073  43010 225985  87775  57350 154323 357265 137073
 185457 383513 292006 124906  54718 125256 357265 379442 192973      0
 249714 225644  64331 154323 357265 322171 357108  72182 320105 357265
 361773  96737 388746 132276 320242 337304 155345 337304 320173  54718
 337304 297928 300313 188481 143954 394474 323336  43010 161844 126981
 202769 188481      0 386306  58997 384373 348225 360914 160418 154323
 357211 358159 316998 161844 390138  77191 269953 268046 357265  97035
 383513 357211 348225 360914  71090 155345 185457 127708 209645 337258
 268046 357265 281316 385663 118700  54718 233708 385663 297928  53159
 185457 123557  92019 151349 250392 268046 357265  97035 185457 222477
 357265 286789  87775 357265 142487 383513 127491 181874  60665  43010
 181890 148224 185457 123557 209645 386306 193716 383513 366273 360914
  71090 185457 123557 148427 193716 155345 355881 263939 320173  88126
 357265 136979 394567 219577 189200 357979 386306 174642 185457 200035]
NewWordVectorPositions
[358159 148224 192973  44608  43010 167631 268046 149239 154060 386886
 305655  43010  88904 188481 357265 389632 269953 268046 357265 154060
  93666  43010 181884      0 379676 346475 357265 154060 367634 269798
 269953  56041 188481  43010 121958  62696 360914 204679 154323 108205
 357265 125175 357408  88904 147457 192973  43010 181872 148224 151349
 269953 193716 365140 360914  71090 233708 159622  62065 269889 192973
 193716 348225 360914  71090  43010 180856  43010 334386  43010  77486
 105647 270970  43010 320173 251034 388710 372096 105647 262456  90548
 355344 357651  43010 325572 320242  62065 148908  54718  43010 323024
  52613 193716 367700 155345 386423 357265 148224 365140 360914  71090
 155345 357265 183993 192973 297928  77829 142421 357265 137073 185457
 222477 357265 137073  43010 225985  87775  57350 154323 357265 137073
 185457 383513 292006 124906  54718 125256 357265 379442 192973      0
 249714 225644  64331 154323 357265 322171 357108  72182 320105 357265
 361773  96737 388746 132276 320242 337304 155345 337304 320173  54718
 337304 297928 300313 188481 143954 394474 323336  43010 161844 126981
 202769 188481      0 386306  58997 384373 348225 360914 160418 154323
 357211 358159 316998 161844 390138  77191 269953 268046 357265  97035
 383513 357211 348225 360914  71090 155345 185457 127708 209645 337258
 268046 357265 281316 385663 118700  54718 233708 385663 297928  53159
 185457 123557  92019 151349 250392 268046 357265  97035 185457 222477
 357265 286789  87775 357265 142487 383513 127491 181874  60665  43010
 181890 148224 185457 123557 209645 386306 193716 383513 366273 360914
  71090 185457 123557 148427 193716 155345 355881 263939 308640 317568
 386941 267939 321040 254801  51046  94430 319036 139635 342482 391110]
