OriginalClass, 1
NewClass, 0
NumberWordsChanged, 2
WordPositions
248	249	
OldWordVectorPositions
[357639  58997 339863 181063 266223 181489 246727 202895      0 273428
 357265 222138  54718  91624 268046  12750 379568 141816 358461 177661
 361939 136152 360914  46704 193716 104929 153856 364741 104753 212607
 313979  88126 357265 136979 268046 357265 251034      0 264550 270201
      0  87775 162051 288743 190361  54718 255780 364741  43010 220845
 188481 182540 360914 340108  43010 116674 265811 198213  54718 204679
  60665 144971  64331 151349 178965 270970      0 271173 360914 204679
 154323 137073 373316 367676 191811 269953 172728  59937  43010 366053
      0 246727 192973 284154 373316  88126 312314  87480 394520 151349
 337258 182186  54718 175599  45830 188481 357265  65680 322839 268046
 179434  86300 312314 192973 134678 361939 129787 270970 345296 360914
 302343 357211 246727 192973 262802 272583 357411 179434 140109 117632
 273219 357211 246727 192973 305138 360914 160418 193716 269798 388710
 178965 312314  52261 344254 177103 360914 118337 270201 360914  71090
 191628  88126 148908 393301 104929 345139 364741 104753 386886 286833
 191811 357265      0 330915 349628 269953 268046 357265 366054 323392
 177103  96602 246727 199711 191811      0  91624  54718 357265 368320
  58997 268074 188481 386306 367700 272930 360914  71090 357265 385029
  91624  97352 141863 295763 191811  43010 251034 163745  51582  45776
 357265 264281 132625 374067 357265 368320 136979 373316 192214 188481
  43010 366047  91624 335250  43010 253218  54718  43010 329625 388710
 357265 341955 365812 357211 357411 218983 360914      0 277483 180883
 388710 357387  72182 176239 182150 193919 357639 357211 357651  56041
 387532 329625  74651 357265 111380 246727 388710  54273 137937 349299
 354460 304695  88126 357265 224573 287768  54718 341955 365812 394474]
NewWordVectorPositions
[357639  58997 339863 181063 266223 181489 246727 202895      0 273428
 357265 222138  54718  91624 268046  12750 379568 141816 358461 177661
 361939 136152 360914  46704 193716 104929 153856 364741 104753 212607
 313979  88126 357265 136979 268046 357265 251034      0 264550 270201
      0  87775 162051 288743 190361  54718 255780 364741  43010 220845
 188481 182540 360914 340108  43010 116674 265811 198213  54718 204679
  60665 144971  64331 151349 178965 270970      0 271173 360914 204679
 154323 137073 373316 367676 191811 269953 172728  59937  43010 366053
      0 246727 192973 284154 373316  88126 312314  87480 394520 151349
 337258 182186  54718 175599  45830 188481 357265  65680 322839 268046
 179434  86300 312314 192973 134678 361939 129787 270970 345296 360914
 302343 357211 246727 192973 262802 272583 357411 179434 140109 117632
 273219 357211 246727 192973 305138 360914 160418 193716 269798 388710
 178965 312314  52261 344254 177103 360914 118337 270201 360914  71090
 191628  88126 148908 393301 104929 345139 364741 104753 386886 286833
 191811 357265      0 330915 349628 269953 268046 357265 366054 323392
 177103  96602 246727 199711 191811      0  91624  54718 357265 368320
  58997 268074 188481 386306 367700 272930 360914  71090 357265 385029
  91624  97352 141863 295763 191811  43010 251034 163745  51582  45776
 357265 264281 132625 374067 357265 368320 136979 373316 192214 188481
  43010 366047  91624 335250  43010 253218  54718  43010 329625 388710
 357265 341955 365812 357211 357411 218983 360914      0 277483 180883
 388710 357387  72182 176239 182150 193919 357639 357211 357651  56041
 387532 329625  74651 357265 111380 246727 388710  54273 137937 349299
 354460 304695  88126 357265 224573 287768  54718 341955 208692 303701]
