OriginalClass, 1
NewClass, 1
NumberWordsChanged, 35
WordPositions
215	216	217	218	219	220	221	222	223	224	225	226	227	228	229	230	231	232	233	234	235	236	237	238	239	240	241	242	243	244	245	246	247	248	249	
OldWordVectorPositions
[185457 100493  43010 147468 359970 131142 358159 251034 185457 218173
 272930 226077 131142 357265      0 268046 357265 234346 106170 172620
 295236 191034 357639  58997 358548 323532 188481 358159 251034 357265
 148908 269953 192973 348225 360914  71090  43010 339928 268046 389400
 167700 373316  54718 218212  92030 251057 357265 352580  82218 383513
 357265 155342 357958 188481 358159 323525 250392 268046 357265  93265
 240688  59057 223634 177231 269798 187781 357809  58997 357265 227099
 270120 147468 272583 280944 387695  71090  44493 360914 107425 358159
 357958 360914 357265 313131 268046 357353  45815  92049 357265 323024
 323525 192973  43010 339928 268046      0 389400 334573 177103 384121
 360914 357265 362049  54718 323793 108302 268046 183606 189462 251057
 309866 113534 174032 326145 155345 248245  51582 283877 183993 188839
 357265  47650 172620  47798 179434  97014 123676 357265 323525 332604
 226512  54718 226512  60665 127346 109609 309146 178545  54718 178545
  88126 357265 359888 327863  71586 148908 215685 185457 383071 360914
 309039 357265  88919 272930 268046 357265 367966  54718 383735 335970
 185457 349670 360914 275451 253590 378585 190756 185457 127708 371425
 373769 270970 386314 217055 357265 378585 385663 188481 193716 383513
 343256  74597 357108 223644 360914 357265 123184 188481 358159 275311
 130591 343963 357411  90233      0 388710 357265  75774 341860 171586
 268046 357387 269798 322171 151349 220815 357108  43010 245562 135513
 108526 199170 100306 224340 307671 281572 176952 394543 199593 204020
 308118 387198  54718 309847  73357 193919 348225 360914  71090  43010
 339928 268046 394520 108700 354482 388710 173314 346165  44918 269089
 108700 386886 258481 306889  66097 251057 357265 181737 149618  68431]
NewWordVectorPositions
[185457 100493  43010 147468 359970 131142 358159 251034 185457 218173
 272930 226077 131142 357265      0 268046 357265 234346 106170 172620
 295236 191034 357639  58997 358548 323532 188481 358159 251034 357265
 148908 269953 192973 348225 360914  71090  43010 339928 268046 389400
 167700 373316  54718 218212  92030 251057 357265 352580  82218 383513
 357265 155342 357958 188481 358159 323525 250392 268046 357265  93265
 240688  59057 223634 177231 269798 187781 357809  58997 357265 227099
 270120 147468 272583 280944 387695  71090  44493 360914 107425 358159
 357958 360914 357265 313131 268046 357353  45815  92049 357265 323024
 323525 192973  43010 339928 268046      0 389400 334573 177103 384121
 360914 357265 362049  54718 323793 108302 268046 183606 189462 251057
 309866 113534 174032 326145 155345 248245  51582 283877 183993 188839
 357265  47650 172620  47798 179434  97014 123676 357265 323525 332604
 226512  54718 226512  60665 127346 109609 309146 178545  54718 178545
  88126 357265 359888 327863  71586 148908 215685 185457 383071 360914
 309039 357265  88919 272930 268046 357265 367966  54718 383735 335970
 185457 349670 360914 275451 253590 378585 190756 185457 127708 371425
 373769 270970 386314 217055 357265 378585 385663 188481 193716 383513
 343256  74597 357108 223644 360914 357265 123184 188481 358159 275311
 130591 343963 357411  90233      0 388710 357265  75774 341860 171586
 268046 357387 269798 322171 151349 220815 357108  43010 245562 135513
 108526 199170 100306 224340 307671 313978 298742  76646  52237 359116
 220730  49796 171856 157446 185412 235734 258494  68235 266368 349084
 306579 114710 350479  82620 108356 147006 115495 324828 304889  89904
  47844  97686 327427  46775 133906 253778 251749 270596 133957 284622]
