OriginalClass, 1
NewClass, 0
NumberWordsChanged, 7
WordPositions
243	244	245	246	247	248	249	
OldWordVectorPositions
[358159 251034 365140 173236  87775 106329 215522 357265 155185 268046
 357265  14304 367966 325549 357211 185457  52943 348373 280944 126552
 305224 388710 151130  52673 185457  52943  12126 185457 383743 337258
 268046 357265 325549 269798 394608  43010 225289 359888  48262  54718
 193716 383513 137549  54718 155185 315242 358159 251034 126848 223830
 200044 360914 357265 325549 357265 338994 133907  58997 301000 346167
  54718 358159 383632 176555  88126 357265 149655  90275 357265 322255
  52520 383513 130591  54718 215508  57170 325007 268046 389439  54718
 184007 272583 148269 388710      0 322262  58997 180883  52315  26559
  93522 188481 357265 174296 358230  54718 357265 230306 299406  54718
  46181 144715 307066 264937 185457 387695 319690 185457 222477 357265
 186344 268046 357265 343963  87775 371798 193716 383513  66097 142484
  54718 300216 272930 268046 342248 144971 361939 132422  54718 185457
  52943 181209 264550 348373 151349 358159 302476 358159 192973 337301
 151349 357265 144715 360914 137548  54718 185457 383513  55914  88126
 357265 352232 346825 121972 339644 380507 389835 154323 384160 209507
  87775 357265 357958 357211  55229 239105 250392  44608 358159 251034
 383513 357211 193716 383689 357265 352157 268046 100306 224340 196660
 116723  54718 117377 172824  51582 377945 352154  45905 196660 116723
 174032 295109 268074 337258 164328 281316  71895  87775 175199 123557
 323420 360914 174642  43010 103260 386306 175199 383513 348225 360914
  71090 126981  54718 135553 184271  97014 315242  90233  45776  60665
 374176 117377 172824 192973  43010 226326  45910  54718 159426 186888
  54718 185457 222477 357265 186344 268046 177103  72182 357265 226278
 191283  87775 315242 394474 323336 377945 223830 268046      0 360914]
NewWordVectorPositions
[358159 251034 365140 173236  87775 106329 215522 357265 155185 268046
 357265  14304 367966 325549 357211 185457  52943 348373 280944 126552
 305224 388710 151130  52673 185457  52943  12126 185457 383743 337258
 268046 357265 325549 269798 394608  43010 225289 359888  48262  54718
 193716 383513 137549  54718 155185 315242 358159 251034 126848 223830
 200044 360914 357265 325549 357265 338994 133907  58997 301000 346167
  54718 358159 383632 176555  88126 357265 149655  90275 357265 322255
  52520 383513 130591  54718 215508  57170 325007 268046 389439  54718
 184007 272583 148269 388710      0 322262  58997 180883  52315  26559
  93522 188481 357265 174296 358230  54718 357265 230306 299406  54718
  46181 144715 307066 264937 185457 387695 319690 185457 222477 357265
 186344 268046 357265 343963  87775 371798 193716 383513  66097 142484
  54718 300216 272930 268046 342248 144971 361939 132422  54718 185457
  52943 181209 264550 348373 151349 358159 302476 358159 192973 337301
 151349 357265 144715 360914 137548  54718 185457 383513  55914  88126
 357265 352232 346825 121972 339644 380507 389835 154323 384160 209507
  87775 357265 357958 357211  55229 239105 250392  44608 358159 251034
 383513 357211 193716 383689 357265 352157 268046 100306 224340 196660
 116723  54718 117377 172824  51582 377945 352154  45905 196660 116723
 174032 295109 268074 337258 164328 281316  71895  87775 175199 123557
 323420 360914 174642  43010 103260 386306 175199 383513 348225 360914
  71090 126981  54718 135553 184271  97014 315242  90233  45776  60665
 374176 117377 172824 192973  43010 226326  45910  54718 159426 186888
  54718 185457 222477 357265 186344 268046 177103  72182 357265 226278
 191283  87775 315242 348001 344448 193580  82042 389772 191404 237252]
