OriginalClass, 1
NewClass, 0
NumberWordsChanged, 20
WordPositions
230	231	232	233	234	235	236	237	238	239	240	241	242	243	244	245	246	247	248	249	
OldWordVectorPositions
[186645  62065 219145 357265 112704  54718 129098 272930 118358 170714
  43010 295589 360914 357265 343963 360914 200060 357353 188840  87775
 357265 322255 383513 200035 372093  54718 200035 285994 345296 193716
 385594 264974 357265 343963 170714 262350 219740 108158 193716 383513
 200035  43010  86766 268046 129098 272930 287513 336081 320245  54718
  43010 302352 345296 137073 351228 269798  60665 186645 360914 319690
 357265 136979  71824 394474 254258 174350  54718 254258 147468 119291
 151349 383752 254258 157581 185457 127708 160418 193716  43010 235962
 253225 386886 259914 170714 179434 235957 305355 188481 292520  43010
 292520 300574 320242 357211 383513 348224 360914  71090 357265 168324
 300621  43010  43010 369897 119423 325523 207446  54718 160466 207441
  88126 178965  54718 264612 135869 262350 142859 262350 295327  43010
 302352 384382 231068 108700  97014 357211 383513  43010 383683 268046
  43010  45893 222471 277434 386886 123557 366253 360914 268074 357265
 169725 386886 207441 179434 108858 362628  43010  65526  43010 389400
  54718  43010 126864  54718 325065 357387 360914 394474 360914 383735
 269798 378546 108858 386886 151349 337258 372321 302476  51582 382921
 268074 188481 357265 117140  88126 357408 189274 188481 179434 145168
 182387  62065 261149 222471  43010  86766 268046 288752 390449 354794
  97035 360914  71090 207441 269953  62065  43010 359888 222471  43010
  86766 268046 186470  54718 262350 272583 108700 175441 357387 123577
 188481 357265 117179 269953  47798 357265 272583  54718 200035 204679
 382924  59937 151349 262350 302476 359774 132276 192973 207441 188481
 367634  43010  86766 268046 181872 302292 222138  55539 336081 320245
 188481 357265  71956 151349 262350 302476 270970 142859 383513 175199]
NewWordVectorPositions
[186645  62065 219145 357265 112704  54718 129098 272930 118358 170714
  43010 295589 360914 357265 343963 360914 200060 357353 188840  87775
 357265 322255 383513 200035 372093  54718 200035 285994 345296 193716
 385594 264974 357265 343963 170714 262350 219740 108158 193716 383513
 200035  43010  86766 268046 129098 272930 287513 336081 320245  54718
  43010 302352 345296 137073 351228 269798  60665 186645 360914 319690
 357265 136979  71824 394474 254258 174350  54718 254258 147468 119291
 151349 383752 254258 157581 185457 127708 160418 193716  43010 235962
 253225 386886 259914 170714 179434 235957 305355 188481 292520  43010
 292520 300574 320242 357211 383513 348224 360914  71090 357265 168324
 300621  43010  43010 369897 119423 325523 207446  54718 160466 207441
  88126 178965  54718 264612 135869 262350 142859 262350 295327  43010
 302352 384382 231068 108700  97014 357211 383513  43010 383683 268046
  43010  45893 222471 277434 386886 123557 366253 360914 268074 357265
 169725 386886 207441 179434 108858 362628  43010  65526  43010 389400
  54718  43010 126864  54718 325065 357387 360914 394474 360914 383735
 269798 378546 108858 386886 151349 337258 372321 302476  51582 382921
 268074 188481 357265 117140  88126 357408 189274 188481 179434 145168
 182387  62065 261149 222471  43010  86766 268046 288752 390449 354794
  97035 360914  71090 207441 269953  62065  43010 359888 222471  43010
  86766 268046 186470  54718 262350 272583 108700 175441 357387 123577
 188481 357265 117179 269953  47798 357265 272583  54718 200035 204679
 382924  59937 151349 262350 302476 359774 132276 192973 207441 188481
  67900 219722 232315  45460 392151  91558 145051  95501 180825 114230
  91053 209369  55219 248357 377328 277883 326996 125447 216187 342737]
