OriginalClass, 1
NewClass, 0
NumberWordsChanged, 7
WordPositions
243	244	245	246	247	248	249	
OldWordVectorPositions
[185457 123557 357969 193716 110156  71090 127491  87775 337301 174032
 105625  52318  54718 305878 270501 182387  43010 226394  86085 181890
  44608 337266 207463 273428 357265 178401 292127 268046 302292 139994
  60665 357265 390079 148224 194101 141863 323431 188481 254258 329710
  87775 272589 349414 222138 193716 383513 363052  60665 357265  74390
 148224 188481      0 250392 302801 148224 147328 386473 218983 239105
 360914  72477 357211 141941 272583 138041 253767 107692 268046      0
 329871  45192  88126 280944 302232 162831 287385 383752 358159 251034
 383513 222471  43010 223830 334647 268046 176378 193919 154323  63446
  54718 193716  62699 360914 345240  52318 188481 357265 151329 268046
 329710 114238  54718  78655 377076 320245  44608 376146  97035 224021
 188481  43010 346270  58999 388710  43010 117140 371223 357651 357265
 145527 126864 274156  54718 179434 145527 230967 387353 386886      0
 151349 178965 357265 333855 126088 386959 387353 343256 223999 388710
 178965 188481  43010 182387 357211 188838 357265 373153 311178 268046
 179434 118188  98970 357265      0 389400 179604 386886 302919 362049
 355616 223663 357265 223628 163634 269798 151616 251645 222471 357265
 368320 182380 286963 185457 339275 188481 357211 357292 393657 357265
  97035 191135  87775 264550 188481  43010 102687 270970 191290 270970
 141816 305032 384121 185457 110159 319690 186645 357809 385663  57170
 164328  60665  45905  60665  45217 360914 357265 346234 357809 385663
 162058 222999 357211 385663 357265  63451 138700 268046 394474  58997
 336113 216426 357809  95616 123557 174642 360914 219109 233708  60665
 132276 305821 179434 270970 177103 316998 222999  62065 219145 358548
 359970 188481  43010 320242 358159 192973 262350 169087 270970  57170]
NewWordVectorPositions
[185457 123557 357969 193716 110156  71090 127491  87775 337301 174032
 105625  52318  54718 305878 270501 182387  43010 226394  86085 181890
  44608 337266 207463 273428 357265 178401 292127 268046 302292 139994
  60665 357265 390079 148224 194101 141863 323431 188481 254258 329710
  87775 272589 349414 222138 193716 383513 363052  60665 357265  74390
 148224 188481      0 250392 302801 148224 147328 386473 218983 239105
 360914  72477 357211 141941 272583 138041 253767 107692 268046      0
 329871  45192  88126 280944 302232 162831 287385 383752 358159 251034
 383513 222471  43010 223830 334647 268046 176378 193919 154323  63446
  54718 193716  62699 360914 345240  52318 188481 357265 151329 268046
 329710 114238  54718  78655 377076 320245  44608 376146  97035 224021
 188481  43010 346270  58999 388710  43010 117140 371223 357651 357265
 145527 126864 274156  54718 179434 145527 230967 387353 386886      0
 151349 178965 357265 333855 126088 386959 387353 343256 223999 388710
 178965 188481  43010 182387 357211 188838 357265 373153 311178 268046
 179434 118188  98970 357265      0 389400 179604 386886 302919 362049
 355616 223663 357265 223628 163634 269798 151616 251645 222471 357265
 368320 182380 286963 185457 339275 188481 357211 357292 393657 357265
  97035 191135  87775 264550 188481  43010 102687 270970 191290 270970
 141816 305032 384121 185457 110159 319690 186645 357809 385663  57170
 164328  60665  45905  60665  45217 360914 357265 346234 357809 385663
 162058 222999 357211 385663 357265  63451 138700 268046 394474  58997
 336113 216426 357809  95616 123557 174642 360914 219109 233708  60665
 132276 305821 179434 270970 177103 316998 222999  62065 219145 358548
 359970 188481  43010 323262 319195 156485 182390 177006 274198 170285]
