OriginalClass, 1
NewClass, 1
NumberWordsChanged, 35
WordPositions
215	216	217	218	219	220	221	222	223	224	225	226	227	228	229	230	231	232	233	234	235	236	237	238	239	240	241	242	243	244	245	246	247	248	249	
OldWordVectorPositions
[264937 185457 226278  72298      0 160418 239105      0 192973 269953
 268046 357265 250392 191290 280944 360914 141863 231458  43010 251034
  87775 175199  95616 123517 179434 327481 268046      0 192973 200035
  56041 269953 268046 358451 227308 286468      0 126713 386886 174032
 170714 179434 239526 221859 295109 151349 371700      0 192973 182573
 126981 142832 360914 204679 179434 387353 394520  54718      0 307134
 357211 327863 192973      0 393334 269062 393704 227308 225650 360914
  71090 188481 179434 243375  31543 336113 386983 175199 192973 235191
 360914 358159 269062 389400 192973 259914 302352 142854  57194 357760
 364481 270970 142832 192214 162071  83961 386886  58997  62065 357265
  52573  72182 235191 337258 337917 268046 349414 335305 346165 386437
 357809 278340 272930  87775  58997 358463 360914  71090      0 227308
  54718 337258 268046 179434  61697 342237 357265  79376 269798 193919
 384121 360914 357265 249828  54718 351934 193716  65680 360914 179434
 215235 386431 193919 205393 188481 337258 337917 268046 348711  55559
 270970  93646      0 357265 343645  83961 174642  43010 258464 300084
 337307 188481 357353      0 357265      0 357411 357265 258464 192973
 300084 191811 357265  79376 268046      0 387353 360914  84236 177103
  65680 360914 394596  54718      0 259914 302352 323336 386431 227308
 343155 357265 258464 270970 386306 193716 192973 357211 175199 129101
 272930 268046 357265  83961  87775 193716 337262 306650 179434 387353
  57698 269062  48003 231492 394474 322153 388710 275303  71494      0
 387353 126848  43010 225985 268046 322159 373139 327863 160457  65680
 360914 177103 394533      0 227308 188481 179434 215235 192973 357265
 270201 164328 357958  44608 358159      0 385026 269062 170981  54718]
NewWordVectorPositions
[264937 185457 226278  72298      0 160418 239105      0 192973 269953
 268046 357265 250392 191290 280944 360914 141863 231458  43010 251034
  87775 175199  95616 123517 179434 327481 268046      0 192973 200035
  56041 269953 268046 358451 227308 286468      0 126713 386886 174032
 170714 179434 239526 221859 295109 151349 371700      0 192973 182573
 126981 142832 360914 204679 179434 387353 394520  54718      0 307134
 357211 327863 192973      0 393334 269062 393704 227308 225650 360914
  71090 188481 179434 243375  31543 336113 386983 175199 192973 235191
 360914 358159 269062 389400 192973 259914 302352 142854  57194 357760
 364481 270970 142832 192214 162071  83961 386886  58997  62065 357265
  52573  72182 235191 337258 337917 268046 349414 335305 346165 386437
 357809 278340 272930  87775  58997 358463 360914  71090      0 227308
  54718 337258 268046 179434  61697 342237 357265  79376 269798 193919
 384121 360914 357265 249828  54718 351934 193716  65680 360914 179434
 215235 386431 193919 205393 188481 337258 337917 268046 348711  55559
 270970  93646      0 357265 343645  83961 174642  43010 258464 300084
 337307 188481 357353      0 357265      0 357411 357265 258464 192973
 300084 191811 357265  79376 268046      0 387353 360914  84236 177103
  65680 360914 394596  54718      0 259914 302352 323336 386431 227308
 343155 357265 258464 270970 386306 193716 192973 357211 175199 129101
 272930 268046 357265  83961  87775 193716 337262 306650 179434 387353
  57698 269062  48003 231492 394474 311171 120880 379848  59576 343374
 241357 131799 281938 313881  66968 374199 394110  69075 303376 200235
 170629 218934 157204 166966 283838 316081 286746 155146  59238 382841
 247904 147620 278733 359566 208297 253515 170502 167505  94727 171366]
