OriginalClass, 1
NewClass, 0
NumberWordsChanged, 29
WordPositions
221	222	223	224	225	226	227	228	229	230	231	232	233	234	235	236	237	238	239	240	241	242	243	244	245	246	247	248	249	
OldWordVectorPositions
[299666  71586  81104  47887  47798 160466  43010 230310 290159 386473
 175199  90548 374162 326058 359970 357639  58997 326145 292803 388710
 358159 251034 357211  58997 267358 360914 357265  93503  62979 357265
  31532 299666 192973 343256  62065 180883 388710 179434 277483 357265
 145583 268046 357265 161844 260309 127800 357982 357211 175199 192973
  43010 106231  82265      0      0 299666 346475 191635 357265 251034
 388710 179434 325609 357265 390079  72182 182540 389422 268046 393698
 164934 357353 142532 358801 182417      0 384373  58997 360914  72477
 357211 175199 192973 264550  43010 357365 141816 358461 175199 383513
 385217 302207 175199 383700 333278 268046 179434 326058 290231 269798
  43010 345296 208538 185457  90548 163237 269798  87775 394474 160418
 357265 284277 357639  58997 163541 357639  58997 163561  54718 357639
 192973 299666 357265 124780 174032 123792 149179 299666 191811 269953
 268046 357760  93712 190178 299666 192973 200035 299666 126981 386306
 352509 177443      0 373316 360914 379059  54718 188481 339692 268046
  72182 357265 269091 160466 110567  88126 357265 292000 161844 188481
 357265 251034 299666 126848 358159 385217  54718 337258 268046      0
 363464 345404  58997  45929      0 110224 192973  43010 264833 386306
 231492 358159 251034 370796 192973 357211 358451 147468 190165 245571
  58997 200035  43010 291358 360914  54273 390079  80586 360914  71090
 141863 390449 141816 357211 291358 192973 295276 388710 337258 105647
 386473  58997 151413  54718 267358 357265 124763 126852 142852 357265
 295589 268046 357265 177433 384373 323336 357211 357265 177433 192973
 143941 326145 184248 154323 287877  60665 374385  87775 384373  91041
 302352 311222 151349 357265 177433  71494 384373 127708 209645 386306]
NewWordVectorPositions
[299666  71586  81104  47887  47798 160466  43010 230310 290159 386473
 175199  90548 374162 326058 359970 357639  58997 326145 292803 388710
 358159 251034 357211  58997 267358 360914 357265  93503  62979 357265
  31532 299666 192973 343256  62065 180883 388710 179434 277483 357265
 145583 268046 357265 161844 260309 127800 357982 357211 175199 192973
  43010 106231  82265      0      0 299666 346475 191635 357265 251034
 388710 179434 325609 357265 390079  72182 182540 389422 268046 393698
 164934 357353 142532 358801 182417      0 384373  58997 360914  72477
 357211 175199 192973 264550  43010 357365 141816 358461 175199 383513
 385217 302207 175199 383700 333278 268046 179434 326058 290231 269798
  43010 345296 208538 185457  90548 163237 269798  87775 394474 160418
 357265 284277 357639  58997 163541 357639  58997 163561  54718 357639
 192973 299666 357265 124780 174032 123792 149179 299666 191811 269953
 268046 357760  93712 190178 299666 192973 200035 299666 126981 386306
 352509 177443      0 373316 360914 379059  54718 188481 339692 268046
  72182 357265 269091 160466 110567  88126 357265 292000 161844 188481
 357265 251034 299666 126848 358159 385217  54718 337258 268046      0
 363464 345404  58997  45929      0 110224 192973  43010 264833 386306
 231492 358159 251034 370796 192973 357211 358451 147468 190165 245571
  58997 200035  43010 291358 360914  54273 390079  80586 360914  71090
 141863 390449 141816 357211 291358 192973 295276 388710 337258 105647
 386473  58997 151413  54718 267358 357265 124763 126852 142852 357265
 295589 278801 345633 254979  92252 139864 167511 371777 311641 331174
 236555 262022 180294 398197 397316 170295 382559 290076 388866 131764
 344580 286783 236955 118653 390996  50797 281740 190713  68015 317739]
