OriginalClass, 1
NewClass, 0
NumberWordsChanged, 20
WordPositions
230	231	232	233	234	235	236	237	238	239	240	241	242	243	244	245	246	247	248	249	
OldWordVectorPositions
[127708 160418 239105 390469 358159 192973  43010 356325      0 148224
  87775 193716 192973  43010 120051 151349 144877 268046 269331 184453
 297928 289450 357265 250392 191832  71425 141863 360914 165480 357265
 331817 322171 269953 289675 341992 357211 327863 383513 372592 360914
 225629  62065 185457 389439 386306 179434 186348 389400 225650 222471
 277561      0  78351 329915 302352 139953  43010 345867 360914 358159
 368668 268046 148224  60665 357265 145540  62803 286789 174032  71585
  43010 159619 373147 193923 386423 387695  78351  46778 357265      0
 323164 193716 387695 149139 188481 297928 260763  74651 357265 128966
  54718  45830 323171 308561 358159 148224 307370  59937 269331 184453
 386886 339265  43010 261149 268046 278426 388710  54273 372992 392356
 274156 386886 237383 174642 253224 179434      0 386886 225650 305183
 222471 251409 184453 358159      0 292840 360914 341310 269331  54718
 359055 231458 177103 222138  43010      0 185457 222471 269331 184453
  87775 185457 174642 262350 350042 151349  97035 188481 251057 357211
  97717 269798 357353 340147 336113 185457 302352 383632 311234 151349
 269331 360914 231458 193716 272930 266497 358159 343345  51496 379442
 357639 192973  43010 335252 268046 379442 188481 357265 148224 127406
 253355  54718  56316 198418 120865 160418 192214 188481  43010 149130
 386423 120865 319764 357211 175199 387695 264550 343811 323392 269331
 253358 387353  71494 327863 192973 200035 361939 164328 188481  71602
 269331  52520 160457 360914 172590  43010 329617  54718 243977 160418
 360914 340565 268074  43010 312054 187377 220870 394474 383735 265437
 269331 192973 357265 297420 268046  84030 265437  54718 348209  43010
 223830 177231 327863 174032  43010 226278 320242 388710  56316 198418]
NewWordVectorPositions
[127708 160418 239105 390469 358159 192973  43010 356325      0 148224
  87775 193716 192973  43010 120051 151349 144877 268046 269331 184453
 297928 289450 357265 250392 191832  71425 141863 360914 165480 357265
 331817 322171 269953 289675 341992 357211 327863 383513 372592 360914
 225629  62065 185457 389439 386306 179434 186348 389400 225650 222471
 277561      0  78351 329915 302352 139953  43010 345867 360914 358159
 368668 268046 148224  60665 357265 145540  62803 286789 174032  71585
  43010 159619 373147 193923 386423 387695  78351  46778 357265      0
 323164 193716 387695 149139 188481 297928 260763  74651 357265 128966
  54718  45830 323171 308561 358159 148224 307370  59937 269331 184453
 386886 339265  43010 261149 268046 278426 388710  54273 372992 392356
 274156 386886 237383 174642 253224 179434      0 386886 225650 305183
 222471 251409 184453 358159      0 292840 360914 341310 269331  54718
 359055 231458 177103 222138  43010      0 185457 222471 269331 184453
  87775 185457 174642 262350 350042 151349  97035 188481 251057 357211
  97717 269798 357353 340147 336113 185457 302352 383632 311234 151349
 269331 360914 231458 193716 272930 266497 358159 343345  51496 379442
 357639 192973  43010 335252 268046 379442 188481 357265 148224 127406
 253355  54718  56316 198418 120865 160418 192214 188481  43010 149130
 386423 120865 319764 357211 175199 387695 264550 343811 323392 269331
 253358 387353  71494 327863 192973 200035 361939 164328 188481  71602
 269331  52520 160457 360914 172590  43010 329617  54718 243977 160418
 360914 340565 268074  43010 312054 187377 220870 394474 383735 265437
 123039 383622 382739 362308 119795 388431 199108 175613 346868 138973
 369457 389020 315180 178190 371785 302140  58394 104952 356129 232035]
