OriginalClass, 1
NewClass, 0
NumberWordsChanged, 23
WordPositions
227	228	229	230	231	232	233	234	235	236	237	238	239	240	241	242	243	244	245	246	247	248	249	
OldWordVectorPositions
[254258 360601 272833 360914  71090 137680 193716  66208 239105 357211
  43010 113591 336113 308115 188481 223711 142327 130636 149746  67644
 237099 390138 100758 272930 346372 362672  60665 357265 264749 375069
 101291 251021 373139 357265  17984  95359 152927 170714  43010 166369
 363493 268046  60438 227040  54718 102687 283378  87775 357265 245562
 394474 172466 357387  43010 251034  90266 357809 341874  45815 222471
      0 225629 182540 385026 185457  90548  71090 286789 357397 294431
 220930 148224  54273  54220 277606 308279 163745 312054 312054  62065
 219145 358159 192973 264550  60665  65963  60665 163461 386886 174032
  54273 371897 145392 388710 357265  65840 268046 280955 175319      0
 297466  60436 262350 366105 231146  43010 119560 268046 379857 102162
  87775 336113 126848 357265 323223  90266  62065  43010      0 357265
 368320  58997 189259 171102 200035  60665  54273  61214 360914  51582
 394474 131498 148224 321159 259232 185457  74465 357265 376879 192973
 288891 272930 357265 330915 268046 394564 258325 308561 264937  87775
 127708 219178 388755 302232 357265 217787 325079 268046 254258 307253
  57194 186645 394474 222471 153730 223718 394474 387695 174339 358159
 280944 386886 222471 358159 251034 292769 174642 259914 302207  57170
  80642 272583 357108 357265 299976 268046 194667 205561 270970 237426
 179605 168666 360914 357265 156605 270970 237426 357809 174642 302207
 357265 228409 360914 357265 127831 337509  54718 357809 357969 357225
 293111 251070 386314 150145 393613  79061 185457 148427 193716 192784
 357211 358159 148224 190208 337258 384382  52126 360914  67644 269953
 268046 357265 148472  54718 250392 239188 390433 386886 141863 223956
 260760 366253 366108  87775 394567 264974 258155 357265  67434  64170]
NewWordVectorPositions
[254258 360601 272833 360914  71090 137680 193716  66208 239105 357211
  43010 113591 336113 308115 188481 223711 142327 130636 149746  67644
 237099 390138 100758 272930 346372 362672  60665 357265 264749 375069
 101291 251021 373139 357265  17984  95359 152927 170714  43010 166369
 363493 268046  60438 227040  54718 102687 283378  87775 357265 245562
 394474 172466 357387  43010 251034  90266 357809 341874  45815 222471
      0 225629 182540 385026 185457  90548  71090 286789 357397 294431
 220930 148224  54273  54220 277606 308279 163745 312054 312054  62065
 219145 358159 192973 264550  60665  65963  60665 163461 386886 174032
  54273 371897 145392 388710 357265  65840 268046 280955 175319      0
 297466  60436 262350 366105 231146  43010 119560 268046 379857 102162
  87775 336113 126848 357265 323223  90266  62065  43010      0 357265
 368320  58997 189259 171102 200035  60665  54273  61214 360914  51582
 394474 131498 148224 321159 259232 185457  74465 357265 376879 192973
 288891 272930 357265 330915 268046 394564 258325 308561 264937  87775
 127708 219178 388755 302232 357265 217787 325079 268046 254258 307253
  57194 186645 394474 222471 153730 223718 394474 387695 174339 358159
 280944 386886 222471 358159 251034 292769 174642 259914 302207  57170
  80642 272583 357108 357265 299976 268046 194667 205561 270970 237426
 179605 168666 360914 357265 156605 270970 237426 357809 174642 302207
 357265 228409 360914 357265 127831 337509  54718 357809 357969 357225
 293111 251070 386314 150145 393613  79061 185457 148427 193716 192784
 357211 358159 148224 190208 337258 384382  52126 247318 123298 302801
 110562  78888 352691 305173 341350 285523 288673 270083 281647 180395
  80455 393698 333886  64282 222332 282699 142823 308253 390925 115948]
