OriginalClass, 1
NewClass, 0
NumberWordsChanged, 34
WordPositions
216	217	218	219	220	221	222	223	224	225	226	227	228	229	230	231	232	233	234	235	236	237	238	239	240	241	242	243	244	245	246	247	248	249	
OldWordVectorPositions
[268788 336113 185457 200035 164934  65680  71895 185457 341874 254258
 307253 220870 239105 355344 394474 269953 357958 185457 383071 360914
 222471 358159 251034 185457 209645 194101  71814 258587 188481 357265
 278468  87775 185457 383513 181611 360914  71090 348532  54718  45929
 105625 272930 222501 357265 148224 185457 123557 193919 264550 200035
 357265 143954 357211 141941 181890 102713 187662 192973 188481 358159
  54718 193919 264550 200035 357265 143954 357211 357809 231458 141941
 223830 357958 191811  43010 199694 320102 382626 191811  43010  69714
  70135 219577 269798 357265 150202  58997 394474 207091 239105 193716
 200035 383632 320173 269953 357958 185457 383513 348532  44608 357639
 383513 249714  78456 357108 185457 358463 357639 383513 163745 360914
  71090 386473 193408 319744 251645 357265 148224 341901 268074 388710
 127641  72182 129599 268074  88126 223538 248214  62065 177103 182387
 327863 105678 188481 163634 373584  90266 276608 360914 177103 145583
 118188 269798 357265 110110 339942 327863 163634 373584 386431 357265
  47650  69714  70135 320242 173067 148441 177103  84998 269798 179434
  71602  57698 118188 182540 110156 327863 355344 175199 123557 174642
  43010 340108 268046  78456 269798 178965 207446 105678 188481 127641
 178293 371151  71602 248214 123676 327863 313447 273278 322159 151349
 176551 207446  72057 177103 185457 123517 193716 151349 374020 114166
 360914 357633 325874 358159 107211  43010 225985 268046 280944 141948
 383513  61290 386457 270970 264550 177103 144715  45929 123595 270970
 186645 327863 187677 193716  54718 327863 241112 182540 357265 261193
 174642 341885 105730  65680 148201 123184 137809 357809 114166 360914
 357265  97352 292006 297632 147468 320245  62065 357265 316566 357809]
NewWordVectorPositions
[268788 336113 185457 200035 164934  65680  71895 185457 341874 254258
 307253 220870 239105 355344 394474 269953 357958 185457 383071 360914
 222471 358159 251034 185457 209645 194101  71814 258587 188481 357265
 278468  87775 185457 383513 181611 360914  71090 348532  54718  45929
 105625 272930 222501 357265 148224 185457 123557 193919 264550 200035
 357265 143954 357211 141941 181890 102713 187662 192973 188481 358159
  54718 193919 264550 200035 357265 143954 357211 357809 231458 141941
 223830 357958 191811  43010 199694 320102 382626 191811  43010  69714
  70135 219577 269798 357265 150202  58997 394474 207091 239105 193716
 200035 383632 320173 269953 357958 185457 383513 348532  44608 357639
 383513 249714  78456 357108 185457 358463 357639 383513 163745 360914
  71090 386473 193408 319744 251645 357265 148224 341901 268074 388710
 127641  72182 129599 268074  88126 223538 248214  62065 177103 182387
 327863 105678 188481 163634 373584  90266 276608 360914 177103 145583
 118188 269798 357265 110110 339942 327863 163634 373584 386431 357265
  47650  69714  70135 320242 173067 148441 177103  84998 269798 179434
  71602  57698 118188 182540 110156 327863 355344 175199 123557 174642
  43010 340108 268046  78456 269798 178965 207446 105678 188481 127641
 178293 371151  71602 248214 123676 327863 313447 273278 322159 151349
 176551 207446  72057 177103 185457 123517 193716 151349 374020 114166
 360914 357633 325874 358159 107211  43010 225985 268046 280944 141948
 383513  61290 386457 270970 264550 177103 230582 274082 373686 335776
 228986 222838  70214 201921  99648 272567 282000 109850 103716 280328
 190863 252074 122955  50670 281539 301747 141759  99144 152264 178350
  64505  99871 384772  89273 378554 362435 155246 172449 100056 178789]
