OriginalClass, 1
NewClass, 0
NumberWordsChanged, 11
WordPositions
239	240	241	242	243	244	245	246	247	248	249	
OldWordVectorPositions
[225985 268046 331755 286789 180526 188481 357265 148224 148908 384373
 323336 178965 383752 179434 236224 290460 213728  54718 123577 188481
 357265 243844 268046 179434 290460 357225 148444 388710 239105  54718
 357411  62065 357265 136979 268046 357265 148224 384373 323336 178965
 374162 357265 213728 357211 175199 219111 200035  88126 383752 179434
 236224 386423 175199 383513 343256  43010 207071 192973 357211 141816
 289446 185457 127708 357969 336113 358159 329973 192973 295485 151349
 196237 100099 144877  54718 357265 148224 215522  43010 121339 188481
 356211 268046  97014 122455 101299 345404  54718 371780 268046 286789
  57178 264624 357211 357265  91556 268046 357265  69909 354460 151675
 179434 256046  54718 357265 186506 286410 221536 391676 225629 336113
 332007 360914 132276 272583 360914 357265 143048 357211 394478 357969
 357809 385663 357265 269953  54718 316998 281904 225289 171254      0
 225629 352241  54718 344850 357265 368320 268046 357387 225639 222471
 357809  90233 272930 154323  43010 236058 292986 143996 121851 360914
 100758 272930 292998 357211 231492 354794 161859 322153 387532 188481
 271402 264550 357211 358451 368320  45905 170714  57189 268046 375623
 360914 108280 360914 357265 251034  60665  43010 386896 151349 357265
 251034 189462  62065  51582 357265 198520 385663 216426  54718 264550
 155345  62065  51582 357265 320242 388710 304140 360914 357265  26559
 236257 268046 196237 100099 105730  65680 360914 176551 178965 272930
 188481 357265  69911 110554 119502 191811  43010 287513 286789 386423
 357809 341885  69810 357353 270772  50260 312317 313243 345399 390058
 268046  51582 386423 357265  26559 236257 389435 357265 147967 357265
 112571  71917  97855  54718 357265 236422 108154 193716 383513 366128]
NewWordVectorPositions
[225985 268046 331755 286789 180526 188481 357265 148224 148908 384373
 323336 178965 383752 179434 236224 290460 213728  54718 123577 188481
 357265 243844 268046 179434 290460 357225 148444 388710 239105  54718
 357411  62065 357265 136979 268046 357265 148224 384373 323336 178965
 374162 357265 213728 357211 175199 219111 200035  88126 383752 179434
 236224 386423 175199 383513 343256  43010 207071 192973 357211 141816
 289446 185457 127708 357969 336113 358159 329973 192973 295485 151349
 196237 100099 144877  54718 357265 148224 215522  43010 121339 188481
 356211 268046  97014 122455 101299 345404  54718 371780 268046 286789
  57178 264624 357211 357265  91556 268046 357265  69909 354460 151675
 179434 256046  54718 357265 186506 286410 221536 391676 225629 336113
 332007 360914 132276 272583 360914 357265 143048 357211 394478 357969
 357809 385663 357265 269953  54718 316998 281904 225289 171254      0
 225629 352241  54718 344850 357265 368320 268046 357387 225639 222471
 357809  90233 272930 154323  43010 236058 292986 143996 121851 360914
 100758 272930 292998 357211 231492 354794 161859 322153 387532 188481
 271402 264550 357211 358451 368320  45905 170714  57189 268046 375623
 360914 108280 360914 357265 251034  60665  43010 386896 151349 357265
 251034 189462  62065  51582 357265 198520 385663 216426  54718 264550
 155345  62065  51582 357265 320242 388710 304140 360914 357265  26559
 236257 268046 196237 100099 105730  65680 360914 176551 178965 272930
 188481 357265  69911 110554 119502 191811  43010 287513 286789 386423
 357809 341885  69810 357353 270772  50260 312317 313243 345399 390058
 268046  51582 386423 357265  26559 236257 389435 357265 147967 391082
  66912 318117 227154  50480 162897 285040  45877  47213 388442 188179]
