OriginalClass, 1
NewClass, 0
NumberWordsChanged, 16
WordPositions
234	235	236	237	238	239	240	241	242	243	244	245	246	247	248	249	
OldWordVectorPositions
[269889 373484  43010 359888 357639 383513  43010 124763  88126 357265
 256046 268046 195355 175199  85024 374020 389450 358742      0 346372
  60665 356186  54718  51375 357760 251057 385663 357265 345206  78352
 385663 229835 268046  54718 175199 225639 360914 174642  43010 144908
 155653  48608 268046 178965  60665 357265 117844 268046 106518 159436
 338994 133907 216718 373484 357265 148224 189462 356186  15341 329998
 158482 374020 162655 268046 386306 383513 289446 188481 358159 259972
 138715  54718 357411 193716      0      0  53977 268046      0  69256
 268046      0 293088      0 383513 177231 185457 174642 259914 141863
  71814 269953 360914 199694 269798 357265  67951  54718  71090 273758
 112045 151349 357265 316080 268046 193716 188481 143954 185457 174642
 268345 351972 357265 270817 341421 154323 357265 231371 200035 360914
 160418  54273  59193 163745 360550 182573 383513  43010 148224 185457
 270201 361952 269953 332394 289384 272930 268046 357211 268046 203639
 388354  72182  44787 164678 358808 297656 357265 123184 383513 222471
 337301 272930 268046  74707 178905  41315 357265  45815 383513 249714
 389561 357108 254258 259167 364527 182387 187656 239200 360914 356337
 385663  45929 105712 232536 144575 154323 329045  54718 179665 293501
 179552 144617 127708 141816 160418 239105 341885  71494 357651 361939
 251645 193716 170714 124725 357397 253590 373316 357639 388710 357265
  79387 151349  97865  54718 357265 287513 226278 343963 383513 336113
 354755 323980  44810  54718 278702 357211 193716 125621 357265 286700
 268046 141948 135869 192214 185457 383513 162184 386423 175199 123595
  54718 124906 386423 327863 123517 264550 193716 383513 286007 267358
 154323 357265 389792 163237 357211 358159 284277 383513 121851 360914]
NewWordVectorPositions
[269889 373484  43010 359888 357639 383513  43010 124763  88126 357265
 256046 268046 195355 175199  85024 374020 389450 358742      0 346372
  60665 356186  54718  51375 357760 251057 385663 357265 345206  78352
 385663 229835 268046  54718 175199 225639 360914 174642  43010 144908
 155653  48608 268046 178965  60665 357265 117844 268046 106518 159436
 338994 133907 216718 373484 357265 148224 189462 356186  15341 329998
 158482 374020 162655 268046 386306 383513 289446 188481 358159 259972
 138715  54718 357411 193716      0      0  53977 268046      0  69256
 268046      0 293088      0 383513 177231 185457 174642 259914 141863
  71814 269953 360914 199694 269798 357265  67951  54718  71090 273758
 112045 151349 357265 316080 268046 193716 188481 143954 185457 174642
 268345 351972 357265 270817 341421 154323 357265 231371 200035 360914
 160418  54273  59193 163745 360550 182573 383513  43010 148224 185457
 270201 361952 269953 332394 289384 272930 268046 357211 268046 203639
 388354  72182  44787 164678 358808 297656 357265 123184 383513 222471
 337301 272930 268046  74707 178905  41315 357265  45815 383513 249714
 389561 357108 254258 259167 364527 182387 187656 239200 360914 356337
 385663  45929 105712 232536 144575 154323 329045  54718 179665 293501
 179552 144617 127708 141816 160418 239105 341885  71494 357651 361939
 251645 193716 170714 124725 357397 253590 373316 357639 388710 357265
  79387 151349  97865  54718 357265 287513 226278 343963 383513 336113
 354755 323980  44810  54718 278702 357211 193716 125621 357265 286700
 268046 141948 135869 192214 185457 383513 162184 386423 175199 123595
  54718 124906 386423 327863 376521 255945 159859  91347 157809 310988
  56480 168271  89739 212917 388137 179822 157095  74925 321269 189048]
