OriginalClass, 1
NewClass, 0
NumberWordsChanged, 25
WordPositions
225	226	227	228	229	230	231	232	233	234	235	236	237	238	239	240	241	242	243	244	245	246	247	248	249	
OldWordVectorPositions
[270970  57187 386886 383513 290787 151349 357265 331301 268046  49932
 102917 390344  43010 255886  38571 352241  77486 169725 191811  43010
 155017 258875 394564 148224 174032  60096 148224 341805 218244 111349
 373959      0 192973 207110  88126  43010 167631 386886 120331 357265
 300491 268046  33544 244641 360914  71090 120121 360914 357353 193331
 178269 386306 357809 127708 110224 269798 192973 313053 378742 378065
 282257 385992 102917  72182 179315  88126  43010 148224 292972 360914
 319417 357265 161844  54718 386306 357809 302352 123557 110224 269798
 383513  43010 224573 364993 357211 222494 360914 268186 373316 394520
 389422 360914 357353 248926  90929 163444 388710  78495  86258 143346
 292006 251645 357265 316998 148255 325898 373316  60665  90938 358159
 269953 145068  43010  77162  74597 386423 193716 105678 360914 137889
 375623 357160 250425  43010 178764 130050 363394  54718 357265 188299
 164457 248926 388710 357265  86527 143346 153021 107128 357809 385663
 339801 284991 288518  67442 269798 357265 125154 191737 153021 160457
  43010 344850      0 348220  93265 188839 161917 171114 108017  54718
 385702      0 386959 118337 192973 269953 268046 357265 250392      0
 357964 185457 141863 323431  60665  43010 169725 386886 192973 362775
 264550 178965 192973 330027 188481 103049 373316 366273 360914  71090
 178965 357265 148224 146160 361910 268046 265437  54718 357265 164646
      0 275325 376135 192973 357639 357265 178616 151349 239105 383513
 357265 389987 334978 149125  74651 102917  54718  57008 118152  88942
 188481 357265 339742 384074 315242 268971 197144 275051 358159 269953
 272930 360914  54273  61880  54718  62065 359970  48289   2479 182363
  54718  27558 245571 386423 193716 329915 174642 313329  39033 245571]
NewWordVectorPositions
[270970  57187 386886 383513 290787 151349 357265 331301 268046  49932
 102917 390344  43010 255886  38571 352241  77486 169725 191811  43010
 155017 258875 394564 148224 174032  60096 148224 341805 218244 111349
 373959      0 192973 207110  88126  43010 167631 386886 120331 357265
 300491 268046  33544 244641 360914  71090 120121 360914 357353 193331
 178269 386306 357809 127708 110224 269798 192973 313053 378742 378065
 282257 385992 102917  72182 179315  88126  43010 148224 292972 360914
 319417 357265 161844  54718 386306 357809 302352 123557 110224 269798
 383513  43010 224573 364993 357211 222494 360914 268186 373316 394520
 389422 360914 357353 248926  90929 163444 388710  78495  86258 143346
 292006 251645 357265 316998 148255 325898 373316  60665  90938 358159
 269953 145068  43010  77162  74597 386423 193716 105678 360914 137889
 375623 357160 250425  43010 178764 130050 363394  54718 357265 188299
 164457 248926 388710 357265  86527 143346 153021 107128 357809 385663
 339801 284991 288518  67442 269798 357265 125154 191737 153021 160457
  43010 344850      0 348220  93265 188839 161917 171114 108017  54718
 385702      0 386959 118337 192973 269953 268046 357265 250392      0
 357964 185457 141863 323431  60665  43010 169725 386886 192973 362775
 264550 178965 192973 330027 188481 103049 373316 366273 360914  71090
 178965 357265 148224 146160 361910 268046 265437  54718 357265 164646
      0 275325 376135 192973 357639 357265 178616 151349 239105 383513
 357265 389987 334978 149125  74651 102917  54718  57008 118152  88942
 188481 357265 339742 384074 315242 129875 359505 396396 209548  99975
 108838  44596 346492 307954 216673 364041 234001 363073 262792 172151
  52318 227319 232750 216036 219970 183656 226546 308365 311818 220565]
