OriginalClass, 1
NewClass, 0
NumberWordsChanged, 13
WordPositions
237	238	239	240	241	242	243	244	245	246	247	248	249	
OldWordVectorPositions
[360914 231458 373316  43010 251043  62979 187631  95616 345269  88126
 357265 265557 268046 289384 105868 358159 390347 148224 174032 157837
 177231 185457  91041 111503 193716  91041 176551  87775  71090 348725
 151349 357211 236860 268046  65680  51922 279356 360914 112062 386886
  58997 363054  55826  73229 151349  54273 272042 357265 180518 188481
 357265 208526  94824 243977  71090 249714  57929  62813 360914 177103
 320244  98553 328475  43010 389449  45910  87775 358159 192973  54273
 371798 370787 281311 215514 357211 139904 297112 148224  45905 253767
 236224 268046  93671 357265  89116 268046 357265 322181  54718 231145
 193716 151349 357265 131086 268046 357265 125356 229983 357211 192973
  43010 148224 329608 185457 127708 302352 383067 360914  77791 246253
  73229 270970 250392 268046 357265 272583 281321 385217 169934 276010
 174032 262350 142467 151349 177103 254130 389835 182573  71494 358159
 192973  43010 181868  46127  43010 102221  93018 268046 246378 185457
  52943 291635 360914  61762 185457 174666 302207 357265  80586  54718
 127708 357969 185457 387695  47798 358159 357265 322255 218212 374020
 191811 357265      0 268046 370650  72028  54718 143217 136534  55413
 339330 154323 254597  97035 386886 174642 122450 304967 258790 388710
 374020 263939 132276 272583 193716 297656  71586  43010 167535 142364
      0  61569 357211 347074  97035  54718  62979  51409  54718 219577
 239105 222471  43010 348620 326970 254258 175207  62065 357265 122277
 219577  62065 357265 136979 268046 132276 305859 138435 329441  54718
  64345 390138 121730 254258 302192 360914 153176  76729 249311 349610
  74651 300512  54718      0 325038 357265 218067 355144  88126 269953
 268046 357265 250392 192919 233201 129563 338198 194101 175426 357211]
NewWordVectorPositions
[360914 231458 373316  43010 251043  62979 187631  95616 345269  88126
 357265 265557 268046 289384 105868 358159 390347 148224 174032 157837
 177231 185457  91041 111503 193716  91041 176551  87775  71090 348725
 151349 357211 236860 268046  65680  51922 279356 360914 112062 386886
  58997 363054  55826  73229 151349  54273 272042 357265 180518 188481
 357265 208526  94824 243977  71090 249714  57929  62813 360914 177103
 320244  98553 328475  43010 389449  45910  87775 358159 192973  54273
 371798 370787 281311 215514 357211 139904 297112 148224  45905 253767
 236224 268046  93671 357265  89116 268046 357265 322181  54718 231145
 193716 151349 357265 131086 268046 357265 125356 229983 357211 192973
  43010 148224 329608 185457 127708 302352 383067 360914  77791 246253
  73229 270970 250392 268046 357265 272583 281321 385217 169934 276010
 174032 262350 142467 151349 177103 254130 389835 182573  71494 358159
 192973  43010 181868  46127  43010 102221  93018 268046 246378 185457
  52943 291635 360914  61762 185457 174666 302207 357265  80586  54718
 127708 357969 185457 387695  47798 358159 357265 322255 218212 374020
 191811 357265      0 268046 370650  72028  54718 143217 136534  55413
 339330 154323 254597  97035 386886 174642 122450 304967 258790 388710
 374020 263939 132276 272583 193716 297656  71586  43010 167535 142364
      0  61569 357211 347074  97035  54718  62979  51409  54718 219577
 239105 222471  43010 348620 326970 254258 175207  62065 357265 122277
 219577  62065 357265 136979 268046 132276 305859 138435 329441  54718
  64345 390138 121730 254258 302192 360914 153176  76729 249311 349610
  74651 300512  54718      0 325038 357265 218067 294137 280994 350094
 124689  45822 119290 321563 359174 174667 203253 239731 153363 370758]
