OriginalClass, 1
NewClass, 1
NumberWordsChanged, 35
WordPositions
215	216	217	218	219	220	221	222	223	224	225	226	227	228	229	230	231	232	233	234	235	236	237	238	239	240	241	242	243	244	245	246	247	248	249	
OldWordVectorPositions
[308331 150473 357211 106427 193919 139198  88126 366273 360914 174642
 239187 198186 358159 359888  60665  43010 107313  47955 303710  96209
 268046  43010 105962 119047 360914 192128 357265 178401 109891 268046
 151204 319764 107313 303710 357265 182447 174032  71814 160466 193716
 188481 357265 258325 361939 225289 187631 163745 360914 204679 147978
 225289 137680 336113 357211 357265  53504 144715  90548 351934  43010
 374915 269889  43010 393301 323336  43010 251034 141941 384713  54718
 146320  54273 267397 279681 360914  54273 135327 328475  51582  87651
  87775  71586  51582 169555 386423 327863 192973  64312  54273 181378
 119560 154323 164328 181581 105014 386431 327863 383513 142788 151349
 357265 111836 268046 174695 342186 272930  51582 261149 357265 277135
 360914 198203 302292 222138 192973 372449 177231  60665 193716 192973
 188481  51582 198186 251057 357265 119560  94047 251645 107816 269798
  90518 357211 390138 231458 193716 357265 250392  84536 190793 188481
 357265 179571 268046 133717  87775 198186 192973 370779 268046 358159
  60665 327863  60098 357265 105014 291804 197733 241591 286407  88126
 309866 394520  62065 179434 172654 173067 360914  71090 198203 151780
 354428  54718 226335 193716 383513 388710 178965 357211 327863 339275
 357265 261149 272930  51582 358451 393334  48262  87775 198186 146662
 193716 383513  74597 360914 200035 124899 301000 357108 366253  54718
 142852 360914 357265 333696 105014 357211 357809 385663  44608 360914
  71090 235191 257315 358159      0 141844 387695  71090 110720  88126
 222138 230220  54718 386886 126848 357265 283650 367634 272930 360914
  71090 393704  56041 268046 198203 269062 226344 358159 269953 327863
 184085 272930 388710 188481  99161 131142 357265 383134  54718 175199]
NewWordVectorPositions
[308331 150473 357211 106427 193919 139198  88126 366273 360914 174642
 239187 198186 358159 359888  60665  43010 107313  47955 303710  96209
 268046  43010 105962 119047 360914 192128 357265 178401 109891 268046
 151204 319764 107313 303710 357265 182447 174032  71814 160466 193716
 188481 357265 258325 361939 225289 187631 163745 360914 204679 147978
 225289 137680 336113 357211 357265  53504 144715  90548 351934  43010
 374915 269889  43010 393301 323336  43010 251034 141941 384713  54718
 146320  54273 267397 279681 360914  54273 135327 328475  51582  87651
  87775  71586  51582 169555 386423 327863 192973  64312  54273 181378
 119560 154323 164328 181581 105014 386431 327863 383513 142788 151349
 357265 111836 268046 174695 342186 272930  51582 261149 357265 277135
 360914 198203 302292 222138 192973 372449 177231  60665 193716 192973
 188481  51582 198186 251057 357265 119560  94047 251645 107816 269798
  90518 357211 390138 231458 193716 357265 250392  84536 190793 188481
 357265 179571 268046 133717  87775 198186 192973 370779 268046 358159
  60665 327863  60098 357265 105014 291804 197733 241591 286407  88126
 309866 394520  62065 179434 172654 173067 360914  71090 198203 151780
 354428  54718 226335 193716 383513 388710 178965 357211 327863 339275
 357265 261149 272930  51582 358451 393334  48262  87775 198186 146662
 193716 383513  74597 360914 200035 124899 301000 357108 366253  54718
 142852 360914 357265 333696 105014 357211 357809 385663  44608 360914
  71090 235191 257315 358159      0 154291 128577  87500 130873 200769
  76596 125155  99422 397174  88458  47124 304437 313393 340509  91789
 271420 164933 174285 165357 277247 371727 153437 177329  67400  95880
 352398 205979 358188 339784 174036  72937 296786  81078 198837 101611]
