OriginalClass, 1
NewClass, 1
NumberWordsChanged, 35
WordPositions
215	216	217	218	219	220	221	222	223	224	225	226	227	228	229	230	231	232	233	234	235	236	237	238	239	240	241	242	243	244	245	246	247	248	249	
OldWordVectorPositions
[185457  52943 292769 269953 268046 357265 147468 378766 386886 390138
 264550 303025 358159 148224 358463 379869 345272 222471  51582 268046
  55142 219506 389835 132276 343256 152894 323430 390107 268046  43010
 292430 185457 383513 302352 124906  88126 357265 148269 125356 274756
 193716 302352 383513 361939 225289 357265 343963 192973 325898 188481
 101822 383134 138715 246316  54718 192973  44608  43010 394520 232536
      0 386886 198486 357265 146907 151421 268046 357265  87628 337917
 268046 305491 107040 350038 386886 106967      0 368668 147978 388710
 357265 196311 357353 372112 110362 175199  54718 179434 103049 154049
 194667  86559  99023 286407  88126 333643 370279 198476 357265 167631
  47798  99023 145583 192973 329853 287496  54718 179434 180883 192973
  87342 291927  88126 196311 357265 343963 151063      0  54718  99023
 299355  47025  54718 357353 191142 388710 272583 378481 268046 357265
 383134 188839 151780 334435 386886 147980 151349 357265  87634 116708
 180789 286407  88126 196678 390367  54718  43010 383134 387209 286407
  88126 197282 193716 323425 357211 141941 359888 357265 148224 122450
 357265 343963 360914  54273 191290 287479 193716 390138 367634 360914
 337258 272583 346041  54718 219178 357964 371524 151349 142283 357265
  48181  53909      0 167631  94044  88126 151780 334435 180789 277997
 188481 357265 107040  94041 192973 330027  84041 358801 337258 107146
 304138 293615  54718 293912  54718 357411 129599 373139 217909 188481
 357265 251034  43010 394520      0  87633 174351      0  54718 124783
 251645  55413  54718 379442  47889 178965  87775 384373 259914 209645
 386983 337258 268046 357265  97035 259914 323420 360914 348405 185457
 357969 357211 192973  71494 357265 251034 136242 361939 233708 268046]
NewWordVectorPositions
[185457  52943 292769 269953 268046 357265 147468 378766 386886 390138
 264550 303025 358159 148224 358463 379869 345272 222471  51582 268046
  55142 219506 389835 132276 343256 152894 323430 390107 268046  43010
 292430 185457 383513 302352 124906  88126 357265 148269 125356 274756
 193716 302352 383513 361939 225289 357265 343963 192973 325898 188481
 101822 383134 138715 246316  54718 192973  44608  43010 394520 232536
      0 386886 198486 357265 146907 151421 268046 357265  87628 337917
 268046 305491 107040 350038 386886 106967      0 368668 147978 388710
 357265 196311 357353 372112 110362 175199  54718 179434 103049 154049
 194667  86559  99023 286407  88126 333643 370279 198476 357265 167631
  47798  99023 145583 192973 329853 287496  54718 179434 180883 192973
  87342 291927  88126 196311 357265 343963 151063      0  54718  99023
 299355  47025  54718 357353 191142 388710 272583 378481 268046 357265
 383134 188839 151780 334435 386886 147980 151349 357265  87634 116708
 180789 286407  88126 196678 390367  54718  43010 383134 387209 286407
  88126 197282 193716 323425 357211 141941 359888 357265 148224 122450
 357265 343963 360914  54273 191290 287479 193716 390138 367634 360914
 337258 272583 346041  54718 219178 357964 371524 151349 142283 357265
  48181  53909      0 167631  94044  88126 151780 334435 180789 277997
 188481 357265 107040  94041 192973 330027  84041 358801 337258 107146
 304138 293615  54718 293912  54718 357411 129599 373139 217909 188481
 357265 251034  43010 394520      0 216218 377707 333487 306130 277894
 396130 160869 359216 119388 336077  85897 131431  74588 205334 347705
 121011 114819 369718  90390 294897 276667 168493 394536 290705 168808
 210847 112656  97871 198078 194470 142411 366031 103681 174869  50080]
