OriginalClass, 1
NewClass, 0
NumberWordsChanged, 3
WordPositions
247	248	249	
OldWordVectorPositions
[187631 357265 337917 268046 281904 386886 385594 128527 360914 357265
 224573 221790  54718 302207  80642 269798      0 123763 137402 386500
 254258 321208 385663 286442 151266 140213 336113 186645 357639 192973
  57170 346372 357958  60665  43010 353324  62979 151349 358159 148224
 357411 185457 168566 186309 292769  71090 188837 188481 357211 237426
 185457 200035 258451 360914 383735 193716  47887  43010 292066 307258
 241110 264550 360914 383735 358159 148224 386500  72182 360399 237426
 357211 383513 254258 246350 185457 365129 254258  74390 360914 137548
 358159 148224  54718 357639  58997  61428 268046 193716 357211 185457
 126552 222471  87775 273500 185457 152393 193716  53159  54718 297928
 286750  72182 337306 268046  43010 323980 107065 106518 259226 185457
 200035  91041 176551  87775 284145 373316 269798 357265 142240 359888
 152894 386423 357265 251034 383513  45929 229835  54718 182540 357265
 136616 166036 303936 357211 359888 186573  15022 174695 286407 157111
 268046 357265 138715  95831 244950 167137 360914 101650 269953 142283
 358159 148224  90964 139402 357211      0 105368 226394 306217 252627
 142908 268046 357211 359888 264937 357155 358159 174032 337306 220832
 188481 249714 302801 393334 188481 357265 157151 389937  62065 219145
 188481 145845 268046  45919 157049 286375 174695 360914 306476 360914
 383752 358159 251034 378205  43010 160117 154688 318965  96805  60665
 185457 127708 357969 193919 141863  71814  49155 269798 370045 154688
 367966 385217 264550 302802  57194 185457 383513 244325  54219 360914
 323336 357265 136979 111520 264588      0 163444 126864 170714  26559
 280944 389882 269798 193919 121839 237426 193919 239170 339644 268046
 239105 360914  71090  54219  88126 358159 162058 357211 355616 393334]
NewWordVectorPositions
[187631 357265 337917 268046 281904 386886 385594 128527 360914 357265
 224573 221790  54718 302207  80642 269798      0 123763 137402 386500
 254258 321208 385663 286442 151266 140213 336113 186645 357639 192973
  57170 346372 357958  60665  43010 353324  62979 151349 358159 148224
 357411 185457 168566 186309 292769  71090 188837 188481 357211 237426
 185457 200035 258451 360914 383735 193716  47887  43010 292066 307258
 241110 264550 360914 383735 358159 148224 386500  72182 360399 237426
 357211 383513 254258 246350 185457 365129 254258  74390 360914 137548
 358159 148224  54718 357639  58997  61428 268046 193716 357211 185457
 126552 222471  87775 273500 185457 152393 193716  53159  54718 297928
 286750  72182 337306 268046  43010 323980 107065 106518 259226 185457
 200035  91041 176551  87775 284145 373316 269798 357265 142240 359888
 152894 386423 357265 251034 383513  45929 229835  54718 182540 357265
 136616 166036 303936 357211 359888 186573  15022 174695 286407 157111
 268046 357265 138715  95831 244950 167137 360914 101650 269953 142283
 358159 148224  90964 139402 357211      0 105368 226394 306217 252627
 142908 268046 357211 359888 264937 357155 358159 174032 337306 220832
 188481 249714 302801 393334 188481 357265 157151 389937  62065 219145
 188481 145845 268046  45919 157049 286375 174695 360914 306476 360914
 383752 358159 251034 378205  43010 160117 154688 318965  96805  60665
 185457 127708 357969 193919 141863  71814  49155 269798 370045 154688
 367966 385217 264550 302802  57194 185457 383513 244325  54219 360914
 323336 357265 136979 111520 264588      0 163444 126864 170714  26559
 280944 389882 269798 193919 121839 237426 193919 239170 339644 268046
 239105 360914  71090  54219  88126 358159 162058 390956 399664  97864]
