OriginalClass, 1
NewClass, 0
NumberWordsChanged, 14
WordPositions
236	237	238	239	240	241	242	243	244	245	246	247	248	249	
OldWordVectorPositions
[ 64362  64362  64362 262350 185457 123557 222471 193716 193716 383513
 267358 386306 357265 191056 268046 357265 148224 383513 360914 363394
 357265 386390  54718 118271 268046 357265 251029  54718 326937 386886
 292969  43010 148224 188481 337258  93054 357760  58997 280944 386886
 305994 357408  60665 272583 357108 386306 357809  58997 185457 123557
 258451  43010 148224 360914 355344 239105 182540 327057 337258 268046
 357265 280944 188481 357265 148224 189462  58997 185457 348224 187631
  62065 145731 302352  71494 185457 142758 337301 222471 310808 180539
 187631 264550  43010 251050 263939 126552 185457 351934 148224 102220
  87775 193716  57718 360914 239105 357211 357265 148224 107696 268046
  43010 325549 268046      0 188481 357265 231068 386431 357265  45905
 170714  71814 348206 388710  43010 225689 286795  54718 357809 385663
 360914 188399 357265 123184 176988      0 231492 357265 101976 357211
 175199  52318 388710 378486 152729  45929 390488 357265 322181  87775
 357265 188350 383513 357211 357265  45905 104535 268046 357265 159391
 124748 268046 357265 148224      0 357265 123184  54718 193716 383513
 264550  52879 346322 346372  43010  93018 188481 287479 383513 386423
 311020 331817 229835 337258 305180 386473 302352 123557 150400  52318
 357265 222946 268046 357265 108410  54718 187631 264550 163745  65680
 360914 225629 151349 193716  54718 166822 319883  84720 191811 218190
 141816 358461 357809 385663 348225 360914  71090 174695  43010 325572
 108410  71494 331866 305180 383513 346372  43010 262802 325324 394474
 160418 357265 188350 361939 357211 269953  45893 120022 365140 360914
 390469 151255 357265 272583  45893  54718  83332      0 106697  56041
 190734 268046 358159 192973 386423  43010 292972 355374 331817 360914]
NewWordVectorPositions
[ 64362  64362  64362 262350 185457 123557 222471 193716 193716 383513
 267358 386306 357265 191056 268046 357265 148224 383513 360914 363394
 357265 386390  54718 118271 268046 357265 251029  54718 326937 386886
 292969  43010 148224 188481 337258  93054 357760  58997 280944 386886
 305994 357408  60665 272583 357108 386306 357809  58997 185457 123557
 258451  43010 148224 360914 355344 239105 182540 327057 337258 268046
 357265 280944 188481 357265 148224 189462  58997 185457 348224 187631
  62065 145731 302352  71494 185457 142758 337301 222471 310808 180539
 187631 264550  43010 251050 263939 126552 185457 351934 148224 102220
  87775 193716  57718 360914 239105 357211 357265 148224 107696 268046
  43010 325549 268046      0 188481 357265 231068 386431 357265  45905
 170714  71814 348206 388710  43010 225689 286795  54718 357809 385663
 360914 188399 357265 123184 176988      0 231492 357265 101976 357211
 175199  52318 388710 378486 152729  45929 390488 357265 322181  87775
 357265 188350 383513 357211 357265  45905 104535 268046 357265 159391
 124748 268046 357265 148224      0 357265 123184  54718 193716 383513
 264550  52879 346322 346372  43010  93018 188481 287479 383513 386423
 311020 331817 229835 337258 305180 386473 302352 123557 150400  52318
 357265 222946 268046 357265 108410  54718 187631 264550 163745  65680
 360914 225629 151349 193716  54718 166822 319883  84720 191811 218190
 141816 358461 357809 385663 348225 360914  71090 174695  43010 325572
 108410  71494 331866 305180 383513 346372  43010 262802 325324 394474
 160418 357265 188350 361939 357211 269953  45893 120022 365140 360914
 390469 151255 357265 272583  45893  54718 244666 107089 194449 290640
 341959 396848 365569 186752  97434 300028 324461 148495 284552  86541]
