OriginalClass, 1
NewClass, 1
NumberWordsChanged, 35
WordPositions
215	216	217	218	219	220	221	222	223	224	225	226	227	228	229	230	231	232	233	234	235	236	237	238	239	240	241	242	243	244	245	246	247	248	249	
OldWordVectorPositions
[148908 220870 239105 341955 357211 185457 126552 264550  72477 188481
 163444 186645 394474 383067 360914 374162 357265 389792  62272 148444
  87775 185457 127708 222471 357211 389792 332239 193716 121734 386306
 187631 264550 264550 386306 185457  52943  87775 185457 174341 358159
 126747 357265 292986 375635 385663 116454 258155 262802 142637 357265
 291553 143219 327000  54718 386896 357958 323425 360914  71090  54273
 142532 188481  83867      0 190558 357265 292986 375635 385663 356325
  54718  83867 149905 192973 102496  54273  53159 124763  62065  74390
 357265 256743 338170 222471 175199 200035 256740 273428 357265 148224
  51582 188481 269953 329853  54718 175199 123557 290460  62065  51582
 357639 385663 384121 360914 233708 370569  54718 279114 386423 175199
 329915 174642  71814 352232 188481 357265 251034  55559 383513  52520
 292006 116454  65963 357265 386896 186344 357211 197186 192973  43010
 254615  97014 192973 264550 351972 325574  88126 179544  54718  75401
 321106  60665 185457 341992  71895 185457 126552 264550  72477 188481
 163444  54718 185457 127708 357969 357211 386457 270970 264550 197186
 383513  43010 302292 232536 319764 264612  44608 357265 142634 268046
 163444 254258 281915 378760 197186 292769 383513  43010 302292 232536
  87775 175199 223956 188481  43010 359888 386431 357639 385663 233708
      0 225629 373316  57578 268046 359198  54718 357211 357265 343906
 268046 179434 222138  54718 291085 385663  78610 272930 268046 293570
 357265 145328 394474 164934 154323 179434 118337  45217 360914 357265
 387473  60371 269798 357265 179555 268046 197186  54718 357651  43010
 164328 101647 151349 358159 336113 193919 157581 379656  51582 321106
 188481 357265 147828 268046  75401 345172  54718 179571  48346 357211]
NewWordVectorPositions
[148908 220870 239105 341955 357211 185457 126552 264550  72477 188481
 163444 186645 394474 383067 360914 374162 357265 389792  62272 148444
  87775 185457 127708 222471 357211 389792 332239 193716 121734 386306
 187631 264550 264550 386306 185457  52943  87775 185457 174341 358159
 126747 357265 292986 375635 385663 116454 258155 262802 142637 357265
 291553 143219 327000  54718 386896 357958 323425 360914  71090  54273
 142532 188481  83867      0 190558 357265 292986 375635 385663 356325
  54718  83867 149905 192973 102496  54273  53159 124763  62065  74390
 357265 256743 338170 222471 175199 200035 256740 273428 357265 148224
  51582 188481 269953 329853  54718 175199 123557 290460  62065  51582
 357639 385663 384121 360914 233708 370569  54718 279114 386423 175199
 329915 174642  71814 352232 188481 357265 251034  55559 383513  52520
 292006 116454  65963 357265 386896 186344 357211 197186 192973  43010
 254615  97014 192973 264550 351972 325574  88126 179544  54718  75401
 321106  60665 185457 341992  71895 185457 126552 264550  72477 188481
 163444  54718 185457 127708 357969 357211 386457 270970 264550 197186
 383513  43010 302292 232536 319764 264612  44608 357265 142634 268046
 163444 254258 281915 378760 197186 292769 383513  43010 302292 232536
  87775 175199 223956 188481  43010 359888 386431 357639 385663 233708
      0 225629 373316  57578 268046 359198  54718 357211 357265 343906
 268046 179434 222138  54718 291085 385663  78610 272930 268046 293570
 357265 145328 394474 164934 154323 230310 356757 182000 362493 151203
 223511 199667 382915 151683 325216 354144 292178 304522 162682 398604
  69989 340790 185899 359563 270256 378917 299595 247602 142374 318864
 112973 251858 346235 243682 256810 255651 156878  73183 247575 271814]
