OriginalClass, 1
NewClass, 1
NumberWordsChanged, 35
WordPositions
215	216	217	218	219	220	221	222	223	224	225	226	227	228	229	230	231	232	233	234	235	236	237	238	239	240	241	242	243	244	245	246	247	248	249	
OldWordVectorPositions
[185457 319557 358159  43010 110481 268046 261202  65680 264550 142760
 361939 251645  54718 373052 193716 123557 120116  57189 361939 142400
 357265 286789 325898 373316 268046  43010 111748 268046 375679 184168
      0 151349 375679 317757 163745  59937 188481 357353 338602 281447
 207463 338555 375687  54718 306255 280944 192973 297928 338149  54718
 170714 357265 148224  71814 172593  74597 193716 243977 385217 174642
  71814 337301 297928  45315 371798  47798  43010 144304 118700 270547
 357265 325007 268046  45919 297112 341901 360914 128934  64331 154323
 357265 148224 219194 337301  72057 357211 358461 374907 383737 192973
 297928 218171  65963 185457 127708 142750  57189 361939 338994 154323
 357760 148269 357211 288767 373316 269798 357265 321675 147577  96805
  54718  62065 219145 358159 383632 269953 268046 357353 111469 146160
 388710  54273  62578  95923  71290 327114  44608  87775 193716 383513
 343256 292006  65963 250425 130319 360914 357265 390446  54718  45815
  87775 388710  43010 342963 108284 360914 357265 273500  66106 229835
  88126 357265 181872 253590 386423 357265 148224 270874 200035 151349
  43010 368709 321703 147717 338178 385026 262671  57920 360914 357265
 338197 193716 123517 268745  87775  51582 361939 268345 178765  65963
 336573 310051 191940  54718 285592 320245 191811 331747 185457 390138
 174642 361411 357265 159391  97887  45815  54718 390446 249714 385663
 193716 264550 151349 357265  99771 268046 253590 386473 383513  43010
 325572 245933 367676 357964 154323  97887 360914 216440 105712 268046
 357265  45815 127324      0 383513 268745  87775  77829  60665 357265
 262771 177433 386500 219078  46025 383513 292006 192919  60665 357265
 362908 161844 268046 357265 375673  87749 354460  54718  43666 279694]
NewWordVectorPositions
[185457 319557 358159  43010 110481 268046 261202  65680 264550 142760
 361939 251645  54718 373052 193716 123557 120116  57189 361939 142400
 357265 286789 325898 373316 268046  43010 111748 268046 375679 184168
      0 151349 375679 317757 163745  59937 188481 357353 338602 281447
 207463 338555 375687  54718 306255 280944 192973 297928 338149  54718
 170714 357265 148224  71814 172593  74597 193716 243977 385217 174642
  71814 337301 297928  45315 371798  47798  43010 144304 118700 270547
 357265 325007 268046  45919 297112 341901 360914 128934  64331 154323
 357265 148224 219194 337301  72057 357211 358461 374907 383737 192973
 297928 218171  65963 185457 127708 142750  57189 361939 338994 154323
 357760 148269 357211 288767 373316 269798 357265 321675 147577  96805
  54718  62065 219145 358159 383632 269953 268046 357353 111469 146160
 388710  54273  62578  95923  71290 327114  44608  87775 193716 383513
 343256 292006  65963 250425 130319 360914 357265 390446  54718  45815
  87775 388710  43010 342963 108284 360914 357265 273500  66106 229835
  88126 357265 181872 253590 386423 357265 148224 270874 200035 151349
  43010 368709 321703 147717 338178 385026 262671  57920 360914 357265
 338197 193716 123517 268745  87775  51582 361939 268345 178765  65963
 336573 310051 191940  54718 285592 320245 191811 331747 185457 390138
 174642 361411 357265 159391  97887  45815  54718 390446 249714 385663
 193716 264550 151349 357265  99771 268046 253590 386473 383513  43010
 325572 245933 367676 357964 154323 313022 245805 161254 125921 140397
 225400 106837 369742 156935 318686 270478 150851 325357  49929 109514
  85543 227522 136658  50703 111255 226823  44653 213430 362972 279487
 352101 392554 399280 285378 162863 333072 245015 299669 373557 244908]
