OriginalClass, 1
NewClass, 0
NumberWordsChanged, 5
WordPositions
245	246	247	248	249	
OldWordVectorPositions
[394474 126552 302343 357211      0  71814 383752 357265 142240 316998
 329973 151349 134390 393334 308561 185457 110156 371425 357265 190165
 113893 268046 323392 344242 104422 269798  54273 193331  87775 394478
 357969 357211  47798 383752 372308      0 177443 313329 312017 358801
 357265  87571 388710  54273 134056 269798  43010 339949 151349 171586
  43010 118585 390138  71090 137680 360914 160418 394474 360914 105951
 360914 337301  43010 223830 249714 271493  54718 191290  54718 187631
 264550 141816 338966 268046 357265 330038 375440 386473 151349 357265
 303140 185457 148427 297569 193919 200035 173236 360914 348710 124962
 151349  87637  76084 132714  43010 300927 386423 357265 137937 111748
 268046 292978  54718  90266 280944  58997 182408 188481  54273  49059
 106923 231493  76480 332796 154469      0 388710 251122 386320 357265
  57708 177231 185457 127708  92019  44608 357760 280944 270970 357353
 239177 223999 185457 200035 127708 160418 193716  87775 186645 394474
 126552 148427 394572  72182  91580  88126 171306 373239 280944 185457
 346704 394474 367634 268074 394564 367966  54718 200035 351934  43010
 365384 360914 394564 224573  87530 342051 386431 394474  90548 323336
 280944 222471 358159 188481 357353 366080 170569 357809  89824 357387
 180953 280944  54718 153443 268046  97097 394474  90548 333080  65680
  54718 235545 188481 357353 370878  44430 360914 306966 376146 101110
 118525 154323  43010 286643 268046 157581  90879 141859 344716 279316
  54718 145418  43010 180963 128770      0      0  51582 357265 386494
  71941 280944 151349  96721 151349 151204 386423 357265 343344 268046
  58104 377072 269798 357353  83421 192973 137680 360914 346704 272589
  54718 357265  74390 277915 251645 222471 348620 141941 384713 269953]
NewWordVectorPositions
[394474 126552 302343 357211      0  71814 383752 357265 142240 316998
 329973 151349 134390 393334 308561 185457 110156 371425 357265 190165
 113893 268046 323392 344242 104422 269798  54273 193331  87775 394478
 357969 357211  47798 383752 372308      0 177443 313329 312017 358801
 357265  87571 388710  54273 134056 269798  43010 339949 151349 171586
  43010 118585 390138  71090 137680 360914 160418 394474 360914 105951
 360914 337301  43010 223830 249714 271493  54718 191290  54718 187631
 264550 141816 338966 268046 357265 330038 375440 386473 151349 357265
 303140 185457 148427 297569 193919 200035 173236 360914 348710 124962
 151349  87637  76084 132714  43010 300927 386423 357265 137937 111748
 268046 292978  54718  90266 280944  58997 182408 188481  54273  49059
 106923 231493  76480 332796 154469      0 388710 251122 386320 357265
  57708 177231 185457 127708  92019  44608 357760 280944 270970 357353
 239177 223999 185457 200035 127708 160418 193716  87775 186645 394474
 126552 148427 394572  72182  91580  88126 171306 373239 280944 185457
 346704 394474 367634 268074 394564 367966  54718 200035 351934  43010
 365384 360914 394564 224573  87530 342051 386431 394474  90548 323336
 280944 222471 358159 188481 357353 366080 170569 357809  89824 357387
 180953 280944  54718 153443 268046  97097 394474  90548 333080  65680
  54718 235545 188481 357353 370878  44430 360914 306966 376146 101110
 118525 154323  43010 286643 268046 157581  90879 141859 344716 279316
  54718 145418  43010 180963 128770      0      0  51582 357265 386494
  71941 280944 151349  96721 151349 151204 386423 357265 343344 268046
  58104 377072 269798 357353  83421 192973 137680 360914 346704 272589
  54718 357265  74390 277915 251645 221246 168588  76121 333009 334820]
