OriginalClass, 0
NewClass, 1
NumberWordsChanged, 28
WordPositions
222	223	224	225	226	227	228	229	230	231	232	233	234	235	236	237	238	239	240	241	242	243	244	245	246	247	248	249	
OldWordVectorPositions
[357265 322003 142318  62065 343987 357265 363494 337917 233708 393334
  47798 357265 141844 185457  90548 343256 323336 188481 254258 245000
 143297  54273 135046 215685 254258 154060 250482 306822 357265  70427
 268046 113508 327863 231492 357265  97035 105625  51496 177103 278426
 192973 357211 268046  54273 143367 269953 360914 357265 141855 269798
 357265 336445 175534  43010 244331 270970 336113 154323 386431 327863
 223999 268046 110542 193716 173063 233708 393334  71895 327863 383513
  81104  87775 394474 390143 168566 154323 357265 384121 327863 355374
 193716 357265 316998 343963 192973 361391 188481  69408 357265 220336
  54718  83326 268046 321996  60665 185457 125162 193716 388710  43010
 154049 269953 261149 188481 232104  43010 224573 114166 188481 360914
 162051 179434 377861 357265 125165 108154 360914 103092 359888 343906
 278380 128527 222471 358159  71585 277915 268046 272881  72182 386886
 126852 305224 357265 343906 272881 277483 361391 374020 386423 384373
 385663  99004 357809  71585 272881 192174 389937  54718  60665 384373
 167678 269089 357809 237426 343256 325740  60665 190698 270970  60665
  54273 136534 306326 143954  54718 147717  78130 388710  61480 310672
 247396 383375 343906  58752 230306  54718 254586 254258 256046 192973
  57265 222471 254258 165837  54718 179434 165837  71895 178965 272881
 293783 191918 179018 360914 374020  54718  52520 191918 357265 343963
 357211 344623  65680 358801 159442 193716 292979 343906 388746 343906
 343906 357211 142040 357265 188105 389439 268046 321996 193919 313053
 250845 330185 188481 246398 357265 345206 268046 219701 393704      0
 192973 311226 188481 302334 358159 192973 386306 162064 193716 193919
 338994  97224 193716 174032  43010 311988  71425  54718  63501 355524]
NewWordVectorPositions
[357265 322003 142318  62065 343987 357265 363494 337917 233708 393334
  47798 357265 141844 185457  90548 343256 323336 188481 254258 245000
 143297  54273 135046 215685 254258 154060 250482 306822 357265  70427
 268046 113508 327863 231492 357265  97035 105625  51496 177103 278426
 192973 357211 268046  54273 143367 269953 360914 357265 141855 269798
 357265 336445 175534  43010 244331 270970 336113 154323 386431 327863
 223999 268046 110542 193716 173063 233708 393334  71895 327863 383513
  81104  87775 394474 390143 168566 154323 357265 384121 327863 355374
 193716 357265 316998 343963 192973 361391 188481  69408 357265 220336
  54718  83326 268046 321996  60665 185457 125162 193716 388710  43010
 154049 269953 261149 188481 232104  43010 224573 114166 188481 360914
 162051 179434 377861 357265 125165 108154 360914 103092 359888 343906
 278380 128527 222471 358159  71585 277915 268046 272881  72182 386886
 126852 305224 357265 343906 272881 277483 361391 374020 386423 384373
 385663  99004 357809  71585 272881 192174 389937  54718  60665 384373
 167678 269089 357809 237426 343256 325740  60665 190698 270970  60665
  54273 136534 306326 143954  54718 147717  78130 388710  61480 310672
 247396 383375 343906  58752 230306  54718 254586 254258 256046 192973
  57265 222471 254258 165837  54718 179434 165837  71895 178965 272881
 293783 191918 179018 360914 374020  54718  52520 191918 357265 343963
 357211 344623  65680 358801 159442 193716 292979 343906 388746 343906
 343906 357211 142040 357265 188105 389439 268046 321996 193919 313053
 250845 330185 329859 118428 172051 340574 363365 120124 385826 305861
 399696 111765 271590 137046 114477 111795 149208 196368 216334 259242
 272187 165989 356775 105492 269687 311920 320643 223783 177471 113906]
