OriginalClass, 1
NewClass, 0
NumberWordsChanged, 29
WordPositions
221	222	223	224	225	226	227	228	229	230	231	232	233	234	235	236	237	238	239	240	241	242	243	244	245	246	247	248	249	
OldWordVectorPositions
[301038  26559 272930 268046   4961  60665 358159 245291  57923  54718
 384373 385663 385217  64317 268046 193716 151349 357265 217787 333278
 249167  60665 321734  96805 108154 360914 280998 357353 330038 388710
  74900  46892 185457 107064 357211 185457 146662  43010 167685 371610
  60665 185457 219111 249714  60665 388710  57170 389835 268046 101291
  60228 386473 174032 343796 373316 360914 337258 356530 268046 359888
 123767 280944 163237 360914 193716 360914 323336 123767 357964 188481
 358159 304135 386423 280944 357969 268046  70463 156524 357809 305224
 123767 357964 151349 337258 193716 192973 357265 100352 383438 388710
 357265 272057 303305 222292 188481 357353 379828 151349 272587 193716
 192973 357265 151130 357211 357809 176239 151349 338994 133907 357211
 385663 297928 142050 151349 357353 359888 233708 151654 357265 341955
 268046 338994 133907 131142 357265 217850  36920 139731 358451 269798
 355301 151349 337258 357265 240762 306453  59937 357265 343963  58607
 272587 343256 305224 357265 304967 182540 182540 357265 304967 357408
 176555 273567 357265  96376 357211 357809 143885 153136 185457 105625
 154323 357265 218067 167631 357265 109103 268046  70463 156524 383513
 357265 280944 357211 295109 361189 360914 319417 269953  56041 154323
  54273 141999 136593 393657 141999 357265 114625 170714 264612 360914
 156414  87775 357265 143060 268046 357265 183848 298478 393704 357809
 123517 193716 386494  69709 341860 385663 349634  59937 240788  54718
 389422  90233 361189 360914 143869  54273 137224 388710 379656 372364
 306496  54718 337262 357809 232572 360914 348615 373139 357265 260309
 329973 357809 123557 348615  71494 357809 170714  74597 354661 270970
 249714 148728 290159 357809 348616  71494 357809  92025 151349  54718]
NewWordVectorPositions
[301038  26559 272930 268046   4961  60665 358159 245291  57923  54718
 384373 385663 385217  64317 268046 193716 151349 357265 217787 333278
 249167  60665 321734  96805 108154 360914 280998 357353 330038 388710
  74900  46892 185457 107064 357211 185457 146662  43010 167685 371610
  60665 185457 219111 249714  60665 388710  57170 389835 268046 101291
  60228 386473 174032 343796 373316 360914 337258 356530 268046 359888
 123767 280944 163237 360914 193716 360914 323336 123767 357964 188481
 358159 304135 386423 280944 357969 268046  70463 156524 357809 305224
 123767 357964 151349 337258 193716 192973 357265 100352 383438 388710
 357265 272057 303305 222292 188481 357353 379828 151349 272587 193716
 192973 357265 151130 357211 357809 176239 151349 338994 133907 357211
 385663 297928 142050 151349 357353 359888 233708 151654 357265 341955
 268046 338994 133907 131142 357265 217850  36920 139731 358451 269798
 355301 151349 337258 357265 240762 306453  59937 357265 343963  58607
 272587 343256 305224 357265 304967 182540 182540 357265 304967 357408
 176555 273567 357265  96376 357211 357809 143885 153136 185457 105625
 154323 357265 218067 167631 357265 109103 268046  70463 156524 383513
 357265 280944 357211 295109 361189 360914 319417 269953  56041 154323
  54273 141999 136593 393657 141999 357265 114625 170714 264612 360914
 156414  87775 357265 143060 268046 357265 183848 298478 393704 357809
 123517 193716 386494  69709 341860 385663 349634  59937 240788  54718
 389422  90233 361189 360914 143869  54273 137224 388710 379656 372364
 306496  56270 117288 113197  89950  93008 152969 381260  84998 171140
 125606  83533 271435 313979 320149 113305 376864 225798 102633 125950
 119778 332499 274747 313299 148730 356135 356081 258301 383774 146204]
