OriginalClass, 1
NewClass, 0
NumberWordsChanged, 7
WordPositions
243	244	245	246	247	248	249	
OldWordVectorPositions
[358159 383513 269953 268046 357265 390079      0 194101 323431 193716
 200035 123557 341439 272930  62065  51582 302352  91900 388561 185457
 358463 193716 383513 163745 360914  71090 292006 164328  87775 141941
 236422 200035 323425 360914 144545 329710 100176  73321 381330 254155
 269953 268046 357265  74597 236441  73321  92687 193716 185457 200035
 123557 357969 254155 383513 357211 166369  87775  73321 319420 358159
 236422 202177 381330 206179 390159 357760 368320 169754 127708 246670
 270970 237426 193919 206179  54718  57170 272583 281904  51496 127708
 246670  64362 236422 240453 381330  61081 187631 264550  43010 144744
 268046 146690 390344 133347 271501 381330 259972  83511 185457 383513
 142393  44608 358159 236422 373139 185457 319557 193716 302352 302352
 124908 133480 381330 103378 295337 381330 207802  80608 381330 196660
 173403 381330 236827 173403 381330 251315 205227 381330 148573 381330
 300334 271933  44787 357265 390079      0 236422 336113 144971 200035
  43010 231345 220870 128527 360914 233708 280944 188481 357265 308888
  62065 357265 316998 359888 193716 200035 123557 223944 373316  79129
 217703 381330 370442 268745 264550 143219 188357  87775 264550 357265
 390079 268046 357265 261149  70294 381330 371453 358159 383513 237426
 357265  74390 236422 268046 357265 261149 377945 377945 377945 260760
 360914 323336 337301 164328 151349  43010  96721 198418  95092 381330
 327793 242905 185457 302352 146344 222471 358159 236422 121795 360914
  71090 217787 280944 231458  43010  93018 151349  70294 381330 371453
  87775 358159 236422 383513 200035  60665 164328 185457  52943 341893
 360914 160418 330825 268046 323392  95092 387967 141941 236422 358461
 193919 160466  43010 223830 269062 264937 185457 174642 360914 319690]
NewWordVectorPositions
[358159 383513 269953 268046 357265 390079      0 194101 323431 193716
 200035 123557 341439 272930  62065  51582 302352  91900 388561 185457
 358463 193716 383513 163745 360914  71090 292006 164328  87775 141941
 236422 200035 323425 360914 144545 329710 100176  73321 381330 254155
 269953 268046 357265  74597 236441  73321  92687 193716 185457 200035
 123557 357969 254155 383513 357211 166369  87775  73321 319420 358159
 236422 202177 381330 206179 390159 357760 368320 169754 127708 246670
 270970 237426 193919 206179  54718  57170 272583 281904  51496 127708
 246670  64362 236422 240453 381330  61081 187631 264550  43010 144744
 268046 146690 390344 133347 271501 381330 259972  83511 185457 383513
 142393  44608 358159 236422 373139 185457 319557 193716 302352 302352
 124908 133480 381330 103378 295337 381330 207802  80608 381330 196660
 173403 381330 236827 173403 381330 251315 205227 381330 148573 381330
 300334 271933  44787 357265 390079      0 236422 336113 144971 200035
  43010 231345 220870 128527 360914 233708 280944 188481 357265 308888
  62065 357265 316998 359888 193716 200035 123557 223944 373316  79129
 217703 381330 370442 268745 264550 143219 188357  87775 264550 357265
 390079 268046 357265 261149  70294 381330 371453 358159 383513 237426
 357265  74390 236422 268046 357265 261149 377945 377945 377945 260760
 360914 323336 337301 164328 151349  43010  96721 198418  95092 381330
 327793 242905 185457 302352 146344 222471 358159 236422 121795 360914
  71090 217787 280944 231458  43010  93018 151349  70294 381330 371453
  87775 358159 236422 383513 200035  60665 164328 185457  52943 341893
 360914 160418 330825 268046 323392  95092 387967 141941 236422 358461
 193919 160466  43010 353725 327988 151766 364263 266498  55969 293515]
