OriginalClass, 1
NewClass, 0
NumberWordsChanged, 5
WordPositions
245	246	247	248	249	
OldWordVectorPositions
[385217 357639 394474 174642 193716  56041 125306 269798 254258  45230
 368320  45929 148908 268046  51582 141816 358461 185457 222471 360914
 357969 268046 254554 357211 185457 209645  43010 223830 337301  44608
  36920      0  54718 193919 250392 293302 108288 185457 259914 175426
  44608 198859 381757 318629  71895 177260  43010 169725 386886 229835
 273428 326123 300268  54718      0 142885 251057  54718 185457 174666
 323431  43010 332394 269953 182540 386983 386306 173063 177231 323103
  54718 141816 390058 200035 386423 394474 357969 360914 174642 152393
  43010 259972 338226 151349 267233 113550 251057 357211 124777 250392
 144738  54718 348225 236253 367700 272930 360914  71090  54273 192846
 130591  54718 192919 148224  46710 220730 375679 251057 151719  43010
 292006 190615 345533 159619  60665  43010 386896  87775 337258 268046
 357387  70229 188481 269682  62462  54718 113894 325058 222471 198822
      0 375691 270970 173822      0 117634 268046 117179 198859      0
 148224 174032 264612 360914 268186 142342 108766  53977 268046 166164
 265437  54718 141816 357211  71586  81044 301000 297656 357265 141855
 351934 285908 188481  43010 323015 269062  93405 178261 119136 188481
 357265 160117 250845 386431 149239  95352  48262 223956  43010 231993
  54718  78511 223704  69194 177103 226613 125008 343256 358815 255886
 116552 278037 188481 357265  93435  93534 386473  58997 223676  88126
      0      0  54718 181581 360914 306739 357265  69194  57170 359888
 337661 264937 346475 127708 141816  61257 182540 357265  93405 192973
 155017 268046 394520  54718 326305 146690 168591 336113 141816 249714
 139153 309257 137807 338189 120044  54718 137887 137680  87775 357265
 122528 286483 108008  43010 236171 265557 268046 325303 386431 223704]
NewWordVectorPositions
[385217 357639 394474 174642 193716  56041 125306 269798 254258  45230
 368320  45929 148908 268046  51582 141816 358461 185457 222471 360914
 357969 268046 254554 357211 185457 209645  43010 223830 337301  44608
  36920      0  54718 193919 250392 293302 108288 185457 259914 175426
  44608 198859 381757 318629  71895 177260  43010 169725 386886 229835
 273428 326123 300268  54718      0 142885 251057  54718 185457 174666
 323431  43010 332394 269953 182540 386983 386306 173063 177231 323103
  54718 141816 390058 200035 386423 394474 357969 360914 174642 152393
  43010 259972 338226 151349 267233 113550 251057 357211 124777 250392
 144738  54718 348225 236253 367700 272930 360914  71090  54273 192846
 130591  54718 192919 148224  46710 220730 375679 251057 151719  43010
 292006 190615 345533 159619  60665  43010 386896  87775 337258 268046
 357387  70229 188481 269682  62462  54718 113894 325058 222471 198822
      0 375691 270970 173822      0 117634 268046 117179 198859      0
 148224 174032 264612 360914 268186 142342 108766  53977 268046 166164
 265437  54718 141816 357211  71586  81044 301000 297656 357265 141855
 351934 285908 188481  43010 323015 269062  93405 178261 119136 188481
 357265 160117 250845 386431 149239  95352  48262 223956  43010 231993
  54718  78511 223704  69194 177103 226613 125008 343256 358815 255886
 116552 278037 188481 357265  93435  93534 386473  58997 223676  88126
      0      0  54718 181581 360914 306739 357265  69194  57170 359888
 337661 264937 346475 127708 141816  61257 182540 357265  93405 192973
 155017 268046 394520  54718 326305 146690 168591 336113 141816 249714
 139153 309257 137807 338189 120044  54718 137887 137680  87775 357265
 122528 286483 108008  43010 236171 340896 197015  78907 288811 229728]
