OriginalClass, 1
NewClass, 1
NumberWordsChanged, 35
WordPositions
215	216	217	218	219	220	221	222	223	224	225	226	227	228	229	230	231	232	233	234	235	236	237	238	239	240	241	242	243	244	245	246	247	248	249	
OldWordVectorPositions
[     0 360914 341874 185457 383513 270201  44493 360914 343696  44608
 357265 148908   4961 245571  71895 185457 367661 193716 268074 188481
 125255  61214 154323 357265  45893 286442 309903 181430 179018 357265
 306581 385663 200035 356325  54718 185457  90548 270201 344617 254258
 348718 268046 124962 270201 336113 144971 154323 357265 377945 270547
 268046 357265 148908 138435 185457 225979 110224 268046 182540 233708
 139205 286789 180526  54718 181872 109975 357639 385663 193716  71917
 388710 337258 288743 279724 366273 360914 184156 151349  43010 119178
 360914 146320 179434 144715  51582 385217  54718 164328 182573 357265
 288743      0 253767 174642  71814 250425 118242  71494  43010 172556
 268046 336884 188481 155017  59726 269798 181919 385663  44493 360914
 335746 373316 269798 178965 360914 388746  44608   4961 146367 357411
  60665 177661 313432  64331 175199 163634 154323 174695 357387   4961
 146367  72057 178965 360914  43010 329853 386431 394474  90964 141816
 323336 357387  62065  51582 187871 151055  88126 357387  44608  17044
 146367  72057 178965  47887 357411 175199 313447 191811 337258  87588
  54718 192973 187871 233072  88126 368320 268046 357265      0 200035
 241335 323107  71895 385663 156872 269798 181919 128705 268046 146367
  72057 178965 357265  59726 269798 357265 336884 192973 336113 275311
 267359 103105 386473 357809 365129 360914 231458 225629 222471 231038
  54718 246021 144214 264550 360914 241108 357265 218947 336884  59726
  72182  44608  30387 333433 361939  75774 151349 357265 288743 146627
 325574 175199 225650 222471 175199 192973  43010 335128  98970 384441
 179434 145598 273901  59726 148356 309903 232582 360914 148728  44608
  30387 281283  48987 329871  51582  59937 269953 336884 172466 188481]
NewWordVectorPositions
[     0 360914 341874 185457 383513 270201  44493 360914 343696  44608
 357265 148908   4961 245571  71895 185457 367661 193716 268074 188481
 125255  61214 154323 357265  45893 286442 309903 181430 179018 357265
 306581 385663 200035 356325  54718 185457  90548 270201 344617 254258
 348718 268046 124962 270201 336113 144971 154323 357265 377945 270547
 268046 357265 148908 138435 185457 225979 110224 268046 182540 233708
 139205 286789 180526  54718 181872 109975 357639 385663 193716  71917
 388710 337258 288743 279724 366273 360914 184156 151349  43010 119178
 360914 146320 179434 144715  51582 385217  54718 164328 182573 357265
 288743      0 253767 174642  71814 250425 118242  71494  43010 172556
 268046 336884 188481 155017  59726 269798 181919 385663  44493 360914
 335746 373316 269798 178965 360914 388746  44608   4961 146367 357411
  60665 177661 313432  64331 175199 163634 154323 174695 357387   4961
 146367  72057 178965 360914  43010 329853 386431 394474  90964 141816
 323336 357387  62065  51582 187871 151055  88126 357387  44608  17044
 146367  72057 178965  47887 357411 175199 313447 191811 337258  87588
  54718 192973 187871 233072  88126 368320 268046 357265      0 200035
 241335 323107  71895 385663 156872 269798 181919 128705 268046 146367
  72057 178965 357265  59726 269798 357265 336884 192973 336113 275311
 267359 103105 386473 357809 365129 360914 231458 225629 222471 231038
  54718 246021 144214 264550 360914 241108 357265 218947 336884  59726
  72182  44608  30387 333433 361939 325751  54280 368317  62957 125415
 263761 244111  72836 391645 341871 266941 143939 250198 305781 261981
 371798 354298 145443 164342 204036 232399 197825 392154 357088 157625
  51856 181607 287862 141999  81966 395390  75273 379572 118055 374748]
