OriginalClass, 1
NewClass, 0
NumberWordsChanged, 13
WordPositions
237	238	239	240	241	242	243	244	245	246	247	248	249	
OldWordVectorPositions
[271117 341901  60665 112810 192700 322568  91556 262707 308118 173785
 179434 111748  58997 366273 360914  91590  43010 166369 386642 327558
 336113 357809  90548 324316 193716 151349  75774  85980 371798 386423
  43010 173045 234655  76550  89857 205121 309866  92614 105678 371151
  62641 154323 193716 357265 327558 192973 207441  88126  43010 207446
 386256 358159 299532 262710 191283 188481 207446 386266 118748 175199
 383080 360914  93656 269953 268046 357387 190756 182573 386494 366273
 360914 126552 336113 175199  93666  43010 291417 146690 190224 193716
 360914 357265 143048 327863  44582 177103 370833 150822 269798 118800
 386473 231492  43010 241860 137703 177103 236464 262707 271183 357265
 386256  71090 130702  65680 188481 357265 322568 386473 192973 386306
 173067 357265 231875 207446 386256 192973  55914 360914 319690 357265
 219145 207480 269953 268046 262710 111748  71895 357809 302170 357265
 129823 216683 268046 260066 188481  90562 269889 357639 357265 207446
 386256 106979  43010 325549 268046  62648 269798 357265 363116 193919
 280944 188481  54273 133946 360914 227794 262707  65680 272930 360914
 322568 151349  43010 147967 360914 357265 118337 124744  88126 242891
  54803 185457 358463 358159  77959 309063 383513 356325 187631 337913
  87775 185457 358463 193716 383513 200035 285994 308331 374595 130591
 141816  62065  43010 247455  41112 267697 245571 357265 322255  88126
 292972 227034      0 325507 127451 192973 336113 345296 187631 225979
 151349 389822 357265 143954 357211 193716 323430 360914 351934 193923
 377945 325574 126852 176551 186645 185457 174642 360914 223635 360914
  97209 300146 163237 269798  44608 182540 191011 207446 386266  58997
 200035 269953 249714 359888 187377 322153 187631 337913  87775 185457]
NewWordVectorPositions
[271117 341901  60665 112810 192700 322568  91556 262707 308118 173785
 179434 111748  58997 366273 360914  91590  43010 166369 386642 327558
 336113 357809  90548 324316 193716 151349  75774  85980 371798 386423
  43010 173045 234655  76550  89857 205121 309866  92614 105678 371151
  62641 154323 193716 357265 327558 192973 207441  88126  43010 207446
 386256 358159 299532 262710 191283 188481 207446 386266 118748 175199
 383080 360914  93656 269953 268046 357387 190756 182573 386494 366273
 360914 126552 336113 175199  93666  43010 291417 146690 190224 193716
 360914 357265 143048 327863  44582 177103 370833 150822 269798 118800
 386473 231492  43010 241860 137703 177103 236464 262707 271183 357265
 386256  71090 130702  65680 188481 357265 322568 386473 192973 386306
 173067 357265 231875 207446 386256 192973  55914 360914 319690 357265
 219145 207480 269953 268046 262710 111748  71895 357809 302170 357265
 129823 216683 268046 260066 188481  90562 269889 357639 357265 207446
 386256 106979  43010 325549 268046  62648 269798 357265 363116 193919
 280944 188481  54273 133946 360914 227794 262707  65680 272930 360914
 322568 151349  43010 147967 360914 357265 118337 124744  88126 242891
  54803 185457 358463 358159  77959 309063 383513 356325 187631 337913
  87775 185457 358463 193716 383513 200035 285994 308331 374595 130591
 141816  62065  43010 247455  41112 267697 245571 357265 322255  88126
 292972 227034      0 325507 127451 192973 336113 345296 187631 225979
 151349 389822 357265 143954 357211 193716 323430 360914 351934 193923
 377945 325574 126852 176551 186645 185457 174642 360914 223635 360914
  97209 300146 163237 269798  44608 182540 191011 369126 373521 113115
 194047 173876  96859 113000 287285  93779 221938  46704 264756 240364]
