OriginalClass, 1
NewClass, 0
NumberWordsChanged, 13
WordPositions
237	238	239	240	241	242	243	244	245	246	247	248	249	
OldWordVectorPositions
[337304  43010 148224 105678  52318 357211 192973 372147 357265 264541
 284160 192973 269953 346372 148224 357265 264541 284160 192973 222471
 262350 272583 148224 185457 174642 141863 323431 371798 151349 357265
 264541 284160 254554 193919 372147 151349 123767 302484 357108 386306
 357265 148260 170714 271500 191034 302207 269798  51582 327042 181587
  71585 102471 357265 264541 284160  60665 193919 106001 209645  52673
 193716 383513  57698 148242 371151 357265 360601 357265  96735 341901
 388710 337258 143219 130591 329871 268046  54273  53504 363116 337307
 344527      0 357211 337917 268046 357958  60665 357265 270547 111520
 286375 386423 357265 264541 284160  71959 293513 384373 357265 378765
 357211 192973  58997 191916 360914  43010 302292 225947 256053 198312
  86458  92221      0 386886 192973 188481 179434  27967 175199 223999
 269798 179434 274148 188481  43010 111259 223830  57355 386431 175199
 383746 367966 132721  71779 149789 126864 151204 223646 360914 269062
 379412 303161  60665 175199 116579 388710  43010  78590 373316 312671
 326240 127107 198312 222494 354794 161859 175199 174032 376146 289040
 230224  87775 137555 357265 302292 357958 141816 249714 182573  72182
  54273 369897 161946 198312  91041 355589  57170 394520 215637 360914
 163237 272930 388710 178965 270970 126552  57189 135869 388710 178965
 151349 357211 236860 269953 145560 117874  54273 269062 180953 378742
 378065 181659 167103 323449 357265  48294 275303 357211 198312 174032
 360914 163237 358801  45929 175199 323449 198312  72182 339874 360914
  88126 357265 108858 151349 174251  43010 354794 161844 118748 360914
 176551 178965 272930 175199 355374 198312  44608  54273 188705 357211
 175199 219111 154323 357265 164482 188481 378742 357211 387695 363920]
NewWordVectorPositions
[337304  43010 148224 105678  52318 357211 192973 372147 357265 264541
 284160 192973 269953 346372 148224 357265 264541 284160 192973 222471
 262350 272583 148224 185457 174642 141863 323431 371798 151349 357265
 264541 284160 254554 193919 372147 151349 123767 302484 357108 386306
 357265 148260 170714 271500 191034 302207 269798  51582 327042 181587
  71585 102471 357265 264541 284160  60665 193919 106001 209645  52673
 193716 383513  57698 148242 371151 357265 360601 357265  96735 341901
 388710 337258 143219 130591 329871 268046  54273  53504 363116 337307
 344527      0 357211 337917 268046 357958  60665 357265 270547 111520
 286375 386423 357265 264541 284160  71959 293513 384373 357265 378765
 357211 192973  58997 191916 360914  43010 302292 225947 256053 198312
  86458  92221      0 386886 192973 188481 179434  27967 175199 223999
 269798 179434 274148 188481  43010 111259 223830  57355 386431 175199
 383746 367966 132721  71779 149789 126864 151204 223646 360914 269062
 379412 303161  60665 175199 116579 388710  43010  78590 373316 312671
 326240 127107 198312 222494 354794 161859 175199 174032 376146 289040
 230224  87775 137555 357265 302292 357958 141816 249714 182573  72182
  54273 369897 161946 198312  91041 355589  57170 394520 215637 360914
 163237 272930 388710 178965 270970 126552  57189 135869 388710 178965
 151349 357211 236860 269953 145560 117874  54273 269062 180953 378742
 378065 181659 167103 323449 357265  48294 275303 357211 198312 174032
 360914 163237 358801  45929 175199 323449 198312  72182 339874 360914
  88126 357265 108858 151349 174251  43010 354794 161844 118748 360914
 176551 178965 272930 175199 355374 198312  44608 161315 255823 191057
 132074 370935 346378 194555 399299  50974 126471 178184  97632 391154]
