OriginalClass, 1
NewClass, 0
NumberWordsChanged, 20
WordPositions
230	231	232	233	234	235	236	237	238	239	240	241	242	243	244	245	246	247	248	249	
OldWordVectorPositions
[186645 357265 231491 268046  62425 170714 337301 360914 319690 188481
 358159 148224 193919 357397 383513 223704 129656 272930  88126 357265
 136577 269798 338994 133907 273428  97028  52261  60665 186645 188481
  54273  62696 360914 204679 373316 388710 357265 306581 268046 357265
 347258  45830  78352 125431 174032 125878 357265      0      0  57920
 188481 145830 268046  43010 341677 383442      0 388710 342927 177443
  54718 379059 357265  60228 192973  92869  54718 357265 292978 357969
 357211 357809  90548 305141 269798 106518 159436 187656  95923 268046
 150642      0  54718 345969 360914 148192 357265 157506 357809  58997
 390469  54718 357265 117967 268046  71421 172529  55559 192973 145460
 150642 272930 357265 388090 188481 145830 268046      0  95923 358159
 251034 192973  51582 339069 388710 262350 175449  62065 359970 357265
 148224 105678 103049 360914  72182  43010 164328 390106 251034  87775
 154577 246272 357265 234801 336113 233708 359970  88126 108834 272930
 268046 352232  44608 337301 239188  54718 190756  99954 360914 163237
 388710 357265 162702  56041 292794 388710 357265 251034 192973 357265
 274847 193716 341901 107215  54718 357411  71959 360914 310099  52318
 388710  43010  99974 343963 133581 345399 357211 192973 264550  57891
 357265 378765 192973 313596 272930 268046 357265 127800  52318 388710
 244728 357212 380514 385217  88126 242891 194437 152660  54718 192973
 219577 357979 158958 357639 253767  71090  54273  64362 225985 268046
 345206 357225 163745 360914 173061 269889 384373 160418 360914  62425
 371798 264550 251645 173067 357265 323118 268046  62425 305158  43010
 323118 388710 357265 343986 264550 302352 209655 182540 360914 142852
 357265 219705      0 357809  58997  47675 360914 105951 360914 319744]
NewWordVectorPositions
[186645 357265 231491 268046  62425 170714 337301 360914 319690 188481
 358159 148224 193919 357397 383513 223704 129656 272930  88126 357265
 136577 269798 338994 133907 273428  97028  52261  60665 186645 188481
  54273  62696 360914 204679 373316 388710 357265 306581 268046 357265
 347258  45830  78352 125431 174032 125878 357265      0      0  57920
 188481 145830 268046  43010 341677 383442      0 388710 342927 177443
  54718 379059 357265  60228 192973  92869  54718 357265 292978 357969
 357211 357809  90548 305141 269798 106518 159436 187656  95923 268046
 150642      0  54718 345969 360914 148192 357265 157506 357809  58997
 390469  54718 357265 117967 268046  71421 172529  55559 192973 145460
 150642 272930 357265 388090 188481 145830 268046      0  95923 358159
 251034 192973  51582 339069 388710 262350 175449  62065 359970 357265
 148224 105678 103049 360914  72182  43010 164328 390106 251034  87775
 154577 246272 357265 234801 336113 233708 359970  88126 108834 272930
 268046 352232  44608 337301 239188  54718 190756  99954 360914 163237
 388710 357265 162702  56041 292794 388710 357265 251034 192973 357265
 274847 193716 341901 107215  54718 357411  71959 360914 310099  52318
 388710  43010  99974 343963 133581 345399 357211 192973 264550  57891
 357265 378765 192973 313596 272930 268046 357265 127800  52318 388710
 244728 357212 380514 385217  88126 242891 194437 152660  54718 192973
 219577 357979 158958 357639 253767  71090  54273  64362 225985 268046
 345206 357225 163745 360914 173061 269889 384373 160418 360914  62425
 371798 264550 251645 173067 357265 323118 268046  62425 305158  43010
 244769 382508 284276 275968 281986 184881 394308 381903 383772 196991
 215369 385358 389694 178289 188141 220885 280375 155715 290742  66327]
