OriginalClass, 1
NewClass, 1
NumberWordsChanged, 35
WordPositions
215	216	217	218	219	220	221	222	223	224	225	226	227	228	229	230	231	232	233	234	235	236	237	238	239	240	241	242	243	244	245	246	247	248	249	
OldWordVectorPositions
[339863 339863 154323 193919 377945 270547 111520 358159 144908 251034
 325965 357265 303140 344147 193919  54273 190737 102221 193716 126852
 351934 225289 360914 302343 357211 358159 251034 192973  75774  75820
 357108 207730 108700 270970 287768  44995  36169 357265 327994 166409
 268046 193716 219577 239105 339138  60665 185457 382609 272930 268046
 357265 251034 357283  54718 292837 308561  65680 360914 357265 359355
 110239 360914 295455 254554  56041 128704 268046 359365 358159 192973
  43010 251034 357211 332147 306177 252664 378771 357265 148908 383752
 387695 348380 219178 394474 388710 357211 344232 183664 146352  87775
 127708 146344 136152 193716 173067 360914 357265  74390 268046 374020
 357265 343963 192973 336113 123084 102687 357211 269953 174032 360914
 389439  44608 357265 250107 268046 193919  63534 386306 323430 360914
  71090  43010 332119 343963 268046  54273 186467 189683 357265 145986
 367700 272930 360914  71090  54273  51849 343963 357211 389912 269798
 326145 221134  54718 354433 374020  51582  44608 357265 302352 188273
 357964 188481 222138 357265 106349 268046 357265 286789 344935 387695
  66204 394474 269798 394564 148908 378770  87775 127708 162051 373316
 264550 373139 254258 333370 270970 326109 378770 123517 185457 270201
  71950 360914 372690 337258 268046 357265 178261 254576 268046 109207
 310858  54718 383735 272930 151349 357265 371694 368283  62065 357265
 136979 272589 394474 243977  71090  94000 106329 268074 168297 386423
 193716 192973 307134 357211 145986  48041  83910 117769 192973 145988
      0 111855 109207 192973 264550  43010 302292 145986  48041 288903
 310858 192973 190361 282257 310858  46707 177661 187468  54718 279050
 310858 105678 272930 268046 357265 103086  60665  43010 181154 348532]
NewWordVectorPositions
[339863 339863 154323 193919 377945 270547 111520 358159 144908 251034
 325965 357265 303140 344147 193919  54273 190737 102221 193716 126852
 351934 225289 360914 302343 357211 358159 251034 192973  75774  75820
 357108 207730 108700 270970 287768  44995  36169 357265 327994 166409
 268046 193716 219577 239105 339138  60665 185457 382609 272930 268046
 357265 251034 357283  54718 292837 308561  65680 360914 357265 359355
 110239 360914 295455 254554  56041 128704 268046 359365 358159 192973
  43010 251034 357211 332147 306177 252664 378771 357265 148908 383752
 387695 348380 219178 394474 388710 357211 344232 183664 146352  87775
 127708 146344 136152 193716 173067 360914 357265  74390 268046 374020
 357265 343963 192973 336113 123084 102687 357211 269953 174032 360914
 389439  44608 357265 250107 268046 193919  63534 386306 323430 360914
  71090  43010 332119 343963 268046  54273 186467 189683 357265 145986
 367700 272930 360914  71090  54273  51849 343963 357211 389912 269798
 326145 221134  54718 354433 374020  51582  44608 357265 302352 188273
 357964 188481 222138 357265 106349 268046 357265 286789 344935 387695
  66204 394474 269798 394564 148908 378770  87775 127708 162051 373316
 264550 373139 254258 333370 270970 326109 378770 123517 185457 270201
  71950 360914 372690 337258 268046 357265 178261 254576 268046 109207
 310858  54718 383735 272930 151349 357265 371694 368283  62065 357265
 136979 272589 394474 243977  71090  94000 106329 268074 168297 386423
 193716 192973 307134 357211 145986 100215 247647 310017  55366 341473
 309904 152292 241328 226020 207636 166736 139256 220656 250610 377856
 345886 345938 255458 113087  69355  50431 227840 160001 293616 157036
 136902 270708  70701 239084 326558 236268 381555 135894 372725 271097]
