OriginalClass, 1
NewClass, 0
NumberWordsChanged, 15
WordPositions
235	236	237	238	239	240	241	242	243	244	245	246	247	248	249	
OldWordVectorPositions
[363080 357265 136979 268046 357265 251034 185457 146662 193716 383513
 361939 354616 185457 146662 222471 185457 383513 188481  43010 102261
 383752 182540 272881 257587 281323 306254  62065 322568 185457 222477
 323392 357211 357265 137415 174642 148728 143085 185457 168566 185457
 329915 174642 148021 357211 272930  71895  87775 185457 259914 358463
  44608 193716 374252  43010  37652 360914 364122 375618 269062 275340
 388710 377945 223830 323223 192973 267697  54718 264550 302329 357265
  45815 383513 292006 164328 332239 357812 250425 322827 293053  87775
 186645 394567 163745 360914 344617 336113 144971 154323 386306 390138
 250392 222484 173061 193716 329915  71090 249714 222471  43010 144917
 105712 140213 141950 383513 351972 361939 325574  62065 219145 357265
 251034 170714 146596 371829  60665 284783 388710  85909 310461 357265
 261149 341312  54718 128811  52520 269798  79023 357265 251034 383513
 148198 388710 385217 209675 143904 185457 371425 357211 180682 174032
 360914 142254  43010  77162 151349 128966  87775 193716 126848 184322
 357265 297112 268046  43010 251034 386423  43010 325572 345908 192973
 229835 191811  43010  92145 357225 386983 185457 315709 193716 329915
 174642  71814 249714 105712 254258 282215 280070 388710 251057  44608
  49205 364330 192973 357211 141943 200035  93507 251030  44608 357809
 382590  59937 388710 129414 325990 357387 128527  54718 284184 357387
 373316  30387 245571 217909 200035  60665 186645 357812 188481  43010
  86371 270970 337301  54718  45815  60665 186645 367482 200035 126852
 142627  52520 185457 209645 193919  43010 124942 251034  87775 348716
 126852 174642 360914 188836  43010  23310 323024 111265  47798 179665
 337301  57194 357265 333806  45905  54718  45912 204679 358159 384382]
NewWordVectorPositions
[363080 357265 136979 268046 357265 251034 185457 146662 193716 383513
 361939 354616 185457 146662 222471 185457 383513 188481  43010 102261
 383752 182540 272881 257587 281323 306254  62065 322568 185457 222477
 323392 357211 357265 137415 174642 148728 143085 185457 168566 185457
 329915 174642 148021 357211 272930  71895  87775 185457 259914 358463
  44608 193716 374252  43010  37652 360914 364122 375618 269062 275340
 388710 377945 223830 323223 192973 267697  54718 264550 302329 357265
  45815 383513 292006 164328 332239 357812 250425 322827 293053  87775
 186645 394567 163745 360914 344617 336113 144971 154323 386306 390138
 250392 222484 173061 193716 329915  71090 249714 222471  43010 144917
 105712 140213 141950 383513 351972 361939 325574  62065 219145 357265
 251034 170714 146596 371829  60665 284783 388710  85909 310461 357265
 261149 341312  54718 128811  52520 269798  79023 357265 251034 383513
 148198 388710 385217 209675 143904 185457 371425 357211 180682 174032
 360914 142254  43010  77162 151349 128966  87775 193716 126848 184322
 357265 297112 268046  43010 251034 386423  43010 325572 345908 192973
 229835 191811  43010  92145 357225 386983 185457 315709 193716 329915
 174642  71814 249714 105712 254258 282215 280070 388710 251057  44608
  49205 364330 192973 357211 141943 200035  93507 251030  44608 357809
 382590  59937 388710 129414 325990 357387 128527  54718 284184 357387
 373316  30387 245571 217909 200035  60665 186645 357812 188481  43010
  86371 270970 337301  54718  45815  60665 186645 367482 200035 126852
 142627  52520 185457 209645 193919  43010 124942 251034  87775 348716
 126852 174642 360914 188836  43010 341179 249184 397640  80889  70115
 121363 392036 372452 335195 372196 345407 177620 203301  78746 335262]
