OriginalClass, 1
NewClass, 0
NumberWordsChanged, 8
WordPositions
242	243	244	245	246	247	248	249	
OldWordVectorPositions
[185457 319557 358159 251034 131142  43010      0 191342 102208 131142
 254258 337725 393301 268046 105014 185457 383513 322845 371798 103049
 360914 357265 322171  54718 254258 293057 100074 239105 360914 325740
  60665  43010 386547  82265 141948 135869 383513 218178  87775 357809
      0 388746 107783 143352 220930 160418 193716 272930 268046 357265
 384121 357265 282257 194733 225800 268046 357265 308945 148269 126552
 274119 337301 360914 357265  66899 148224 188481 194740 377861 268046
 357265 146634 268046 357265 308888 151349 190734 357265 320242 188481
 386473 357265  77486 308291  61569 357265 136670 190304  71717 192973
  52261  43010 106326  91787 108884 268046 357265 320242 188481      0
 148224 329853  88126 329853 394474 110156  89824 358159 285972 270970
 180856 121168 269798 394564  48034 187631 348373 357265 332012 127708
 343811 357639 187631 264550 163745 360914 126552  57170 306262 360914
 148427 272930 386306 357809  58997  71494 357211 390138 188256 185457
 174642 337258 250462 268046 306501 151349 358159 148224 187631 348373
 272587 174642 273142 357265 332012 225629  59937 358159 251034 192973
  43010 106326 363589 390306 188481 141941 325007 268046 357265 242115
  54718 233708 233708 280944 123595 188481 357265  45129 194101 118743
 360914 223628 386306 185457  90548 305224 188481  43010 249714 270970
 220815 100388 145412 186645 194101 219577 272930  57189 135869 357211
 268173 239105 193919  71494 187631 106329 274020 107199 388710  43010
 384407 268046 144227  54718  62065 178401 287518 239593 130319 360914
 175599 374162 268046 311907 157244 192973 262350 225401  43010 159673
 388561 388879  87775  43010 387588 149490 293531 268046 127774 386959
 174296 189572  96737 105304 269889 270970 368207 131142 357265 110542]
NewWordVectorPositions
[185457 319557 358159 251034 131142  43010      0 191342 102208 131142
 254258 337725 393301 268046 105014 185457 383513 322845 371798 103049
 360914 357265 322171  54718 254258 293057 100074 239105 360914 325740
  60665  43010 386547  82265 141948 135869 383513 218178  87775 357809
      0 388746 107783 143352 220930 160418 193716 272930 268046 357265
 384121 357265 282257 194733 225800 268046 357265 308945 148269 126552
 274119 337301 360914 357265  66899 148224 188481 194740 377861 268046
 357265 146634 268046 357265 308888 151349 190734 357265 320242 188481
 386473 357265  77486 308291  61569 357265 136670 190304  71717 192973
  52261  43010 106326  91787 108884 268046 357265 320242 188481      0
 148224 329853  88126 329853 394474 110156  89824 358159 285972 270970
 180856 121168 269798 394564  48034 187631 348373 357265 332012 127708
 343811 357639 187631 264550 163745 360914 126552  57170 306262 360914
 148427 272930 386306 357809  58997  71494 357211 390138 188256 185457
 174642 337258 250462 268046 306501 151349 358159 148224 187631 348373
 272587 174642 273142 357265 332012 225629  59937 358159 251034 192973
  43010 106326 363589 390306 188481 141941 325007 268046 357265 242115
  54718 233708 233708 280944 123595 188481 357265  45129 194101 118743
 360914 223628 386306 185457  90548 305224 188481  43010 249714 270970
 220815 100388 145412 186645 194101 219577 272930  57189 135869 357211
 268173 239105 193919  71494 187631 106329 274020 107199 388710  43010
 384407 268046 144227  54718  62065 178401 287518 239593 130319 360914
 175599 374162 268046 311907 157244 192973 262350 225401  43010 159673
 388561 388879  87775  43010 387588 149490 293531 268046 127774 386959
 174296 189572 251623 230413 187454 260320 293086 152235 120922 342639]
