OriginalClass, 1
NewClass, 1
NumberWordsChanged, 35
WordPositions
215	216	217	218	219	220	221	222	223	224	225	226	227	228	229	230	231	232	233	234	235	236	237	238	239	240	241	242	243	244	245	246	247	248	249	
OldWordVectorPositions
[185457 302352 127708 383067 360914 106189 235384      0  91278 146098
 360914 357265 102221  14325  91278 146098 148224  87775 185457  91041
 176551 193716 264550 270201  52943 185457  43010 183606 144744 268046
 357265 309866 246453  54718 166725 279800 341852  91278 146098  87775
 386423 321976 188838 320245 308561 272930 268046 357265 292066 148224
  89183 352024 357265 205893 272930 268046 357265 186874 126864 131629
  54718 141816 374252  73955      0 321937 358808 357265 137937 148224
 177661 264550 162071 239105  43010 225985 268046 270782 360914 264550
 231458  43010 106194  60665 185457  91041 176551  87775 357969 268046
 357265 102221  91278 146098 258200 141941 320242 386423 106192      0
 377861 268046  91278 146098 360914 357265 102221 377861 357265 305161
 105678 272930 122084  88126 357265 102221  87775 141816 386423 352024
 357265 148224  88126 193923 193919 343256  65963 264937 321976  54718
 322191 385768 344651 123557 200035 305161 357265  14325  91278 146098
 320242 151349 320242 357809 365129 360914 126552 357964 123784 371798
 358159 192973 269953 268046 357265 148269 292803 164233 192973 357265
 271493 111389  54718      0 237275  89183 386886 192973 272930 151349
 281915 307173 357265 237275  89183 188481 357265  14887 377861 192973
  43010 305079 144760 272930 360914 319417 316835  82129  54718 386886
 192973 188481 362866 388710 179434 146714 330915 179434 389822 264550
 245015  52520 164233 192973 357265 341521  54718 344850 316835  82129
 323431 188481 357265 102221  91278 146098 148224 357265 316835 152393
 188481 357265  14887 305161 192973 377945 164457 230525 125847  54718
 377945 372356 141816 251391  82129 192973  43010 106329 123767  97014
 328475 111383 357108 237275  89183 192973 357265 273500 343963 174032]
NewWordVectorPositions
[185457 302352 127708 383067 360914 106189 235384      0  91278 146098
 360914 357265 102221  14325  91278 146098 148224  87775 185457  91041
 176551 193716 264550 270201  52943 185457  43010 183606 144744 268046
 357265 309866 246453  54718 166725 279800 341852  91278 146098  87775
 386423 321976 188838 320245 308561 272930 268046 357265 292066 148224
  89183 352024 357265 205893 272930 268046 357265 186874 126864 131629
  54718 141816 374252  73955      0 321937 358808 357265 137937 148224
 177661 264550 162071 239105  43010 225985 268046 270782 360914 264550
 231458  43010 106194  60665 185457  91041 176551  87775 357969 268046
 357265 102221  91278 146098 258200 141941 320242 386423 106192      0
 377861 268046  91278 146098 360914 357265 102221 377861 357265 305161
 105678 272930 122084  88126 357265 102221  87775 141816 386423 352024
 357265 148224  88126 193923 193919 343256  65963 264937 321976  54718
 322191 385768 344651 123557 200035 305161 357265  14325  91278 146098
 320242 151349 320242 357809 365129 360914 126552 357964 123784 371798
 358159 192973 269953 268046 357265 148269 292803 164233 192973 357265
 271493 111389  54718      0 237275  89183 386886 192973 272930 151349
 281915 307173 357265 237275  89183 188481 357265  14887 377861 192973
  43010 305079 144760 272930 360914 319417 316835  82129  54718 386886
 192973 188481 362866 388710 179434 146714 330915 179434 389822 264550
 245015  52520 164233 192973 357265 341521  54718 344850 316835  82129
 323431 188481 357265 102221  91278 394269 316893 192167 133730 157412
 162670 165976 385268  89692  95300 250337  84971 101550 326860  51786
 237519 343539 134250 318824 294065  62501 362593  89678  59408 235116
  82581  58282 278628 206018  66411 233550 363189  51321 271216 395070]
