OriginalClass, 1
NewClass, 0
NumberWordsChanged, 27
WordPositions
223	224	225	226	227	228	229	230	231	232	233	234	235	236	237	238	239	240	241	242	243	244	245	246	247	248	249	
OldWordVectorPositions
[339863 188837 388710  43010 360601 222471  78085 394474 209645 357265
 111460 199521      0 313432 269798 178401 386423 358159 295418 383513
 106685 357265 251034 192973 394564  69840      0      0 334386 251034
 268508 348373 193716 365140 360914  71090 111460 388710 357265 291553
 268046 357265 253218 103218  87775 384373 219109 357211 383513 200035
  43010 198514  57195 268788 151349 358451 386886 302352  92019  44608
 357760 357964 357265  69840 286789 192973 357211 259972 161844 188481
 363116 341901 117570 177103 110828 175199 192189 177103 191811 179434
 101449 268046 154060  54718  62065  43010 278093 357809 355344 177103
 182540 357809 174642  43010 253218 103218  54718 357809 253218 280944
  77741  77741  77741 385217 384373 219109 357211 193716 383513  51582
  43010 198514  87775 264550  71895 272881 177451 207480  43010 215685
 188481  43010 277639 157537 264937 357265 240688 268046 357265 253218
 103218  58997  72182 207441 269953  88126 269953 268508  54718 357265
  65963 169754 388344  54718 357265 251034 137189 269798  43010 128554
  88126 357211 359888 394474 389497 302352  92019 358461 188481 306997
 357265 148908   4961 270970 336113 245571 268046 358159 251034 231458
 262350 325007 357265 250545 151349 357265 207467 188481 357265  71956
 268046 357265 251034 192973 259914 142854 185457 390138 319690 357211
 193716 383513  43010 384121 151349 357265 124763 360914 274922 272930
 357265 148224  87775 269798 357265 131420 357639  58997 119970 320245
 187631 264550 348373 386983  57187 390138 383067 360914 323336 249714
 357108 357265 146154 220336 377861 268046  78085  87775  57698 357265
 280944  72057 357265 131420 358463 357265 378766 390138  71090 102020
 151349 249714 269798 357265  82218 193716 319764 357639  58997 132614]
NewWordVectorPositions
[339863 188837 388710  43010 360601 222471  78085 394474 209645 357265
 111460 199521      0 313432 269798 178401 386423 358159 295418 383513
 106685 357265 251034 192973 394564  69840      0      0 334386 251034
 268508 348373 193716 365140 360914  71090 111460 388710 357265 291553
 268046 357265 253218 103218  87775 384373 219109 357211 383513 200035
  43010 198514  57195 268788 151349 358451 386886 302352  92019  44608
 357760 357964 357265  69840 286789 192973 357211 259972 161844 188481
 363116 341901 117570 177103 110828 175199 192189 177103 191811 179434
 101449 268046 154060  54718  62065  43010 278093 357809 355344 177103
 182540 357809 174642  43010 253218 103218  54718 357809 253218 280944
  77741  77741  77741 385217 384373 219109 357211 193716 383513  51582
  43010 198514  87775 264550  71895 272881 177451 207480  43010 215685
 188481  43010 277639 157537 264937 357265 240688 268046 357265 253218
 103218  58997  72182 207441 269953  88126 269953 268508  54718 357265
  65963 169754 388344  54718 357265 251034 137189 269798  43010 128554
  88126 357211 359888 394474 389497 302352  92019 358461 188481 306997
 357265 148908   4961 270970 336113 245571 268046 358159 251034 231458
 262350 325007 357265 250545 151349 357265 207467 188481 357265  71956
 268046 357265 251034 192973 259914 142854 185457 390138 319690 357211
 193716 383513  43010 384121 151349 357265 124763 360914 274922 272930
 357265 148224  87775 269798 357265 131420 357639  58997 119970 320245
 187631 264550 348373 386983  57187 390138 383067 360914 323336 249714
 357108 357265 146154 115840 296420 389902 251194 117083  88905  78520
 171297 172038 316401 138219 357460 374778 196360 366062 348077 395766
  95216 222519  92889  55249  44338 359702 378387 123177 154160 228196]
