OriginalClass, 1
NewClass, 0
NumberWordsChanged, 18
WordPositions
232	233	234	235	236	237	238	239	240	241	242	243	244	245	246	247	248	249	
OldWordVectorPositions
[120135 254355 207583  69887 192973  54273 373504 182447 357211 223999
 188481  43010 292572 106941 188481 357265 346278 388710 177103 368234
  99004  54718 177103  44920 184368 205241 111130 328017 120135 162064
  51582 357265  62719 360914 357265 368271 258611 357353 182387  54718
 177103  57716  54718 373564 205241 269798 357265 100274 141802 327863
 129458 360914 357265 224573 232098 188481 357265 261149 360914  87972
 390273 276859 151349 357265 161244  54718 327863 126848 264550 148427
  57170 277639 338555  63822 386423 327863 323449  54273 269062  91624
 277619 269798 368320 340127 327863 219190  43010 241862 360914 357265
 274156  89903 178965 324264 197028 386423 357265 232098 103084 120142
  91624 192973 180484  88126 357265 129454 268046 357265 269062  91624
  54718 327863 192973 358539  88126 152427 295348 100490 227389 170453
 357265      0 183574 195378 341850 357265      0      0 220488 390641
  54718 357265 217983 361727 227347 100804 386423 357265 323223 168297
 268046 357265 232098 293826 177103 175199 192973 329853 269798 357265
 175207  88126 100490 120135 339169 373316 177103  91624 366273 360914
 139402 154323 357265 111871 182573 327863 111275 177103 366047 258190
  43010 151580 386494  97354  88126 357265 157304 327863 351989 357265
 361963  54718 178293 188481 357265 389507 147978  47889 357265 157304
 360914 348615  43010 110481 268046 117967  48262 185457 319557 357265
 363575 268046 386494 327863 383513 272930  54718 185457 383513  57167
 360914 383735 357265 131420 371798 357265 363575 192973  74597 357108
 357265 251034  54718 185457  52943 362775 124906 388710 358159 130591
  54718 188215 104990 268046      0 120135 254355 192973 291763  60665
  54273 190556  54718 258610 182447  54718 189562  60665 387353 357265]
NewWordVectorPositions
[120135 254355 207583  69887 192973  54273 373504 182447 357211 223999
 188481  43010 292572 106941 188481 357265 346278 388710 177103 368234
  99004  54718 177103  44920 184368 205241 111130 328017 120135 162064
  51582 357265  62719 360914 357265 368271 258611 357353 182387  54718
 177103  57716  54718 373564 205241 269798 357265 100274 141802 327863
 129458 360914 357265 224573 232098 188481 357265 261149 360914  87972
 390273 276859 151349 357265 161244  54718 327863 126848 264550 148427
  57170 277639 338555  63822 386423 327863 323449  54273 269062  91624
 277619 269798 368320 340127 327863 219190  43010 241862 360914 357265
 274156  89903 178965 324264 197028 386423 357265 232098 103084 120142
  91624 192973 180484  88126 357265 129454 268046 357265 269062  91624
  54718 327863 192973 358539  88126 152427 295348 100490 227389 170453
 357265      0 183574 195378 341850 357265      0      0 220488 390641
  54718 357265 217983 361727 227347 100804 386423 357265 323223 168297
 268046 357265 232098 293826 177103 175199 192973 329853 269798 357265
 175207  88126 100490 120135 339169 373316 177103  91624 366273 360914
 139402 154323 357265 111871 182573 327863 111275 177103 366047 258190
  43010 151580 386494  97354  88126 357265 157304 327863 351989 357265
 361963  54718 178293 188481 357265 389507 147978  47889 357265 157304
 360914 348615  43010 110481 268046 117967  48262 185457 319557 357265
 363575 268046 386494 327863 383513 272930  54718 185457 383513  57167
 360914 383735 357265 131420 371798 357265 363575 192973  74597 357108
 357265 251034  54718 185457  52943 362775 124906 388710 358159 130591
  54718 188215 127450 178760 359837 276723 244451 220466 159880 328856
 377545  54243 356037 230403 348026  55906 105713 192595 273717 293593]
