OriginalClass, 1
NewClass, 0
NumberWordsChanged, 17
WordPositions
233	234	235	236	237	238	239	240	241	242	243	244	245	246	247	248	249	
OldWordVectorPositions
[166484 344501  60665 193716 383513  89857 188481 357265 370045 270970
 181512 192973  43010  65963 148224 357265 343963 192973 155017 268046
 144910 186369  54718 291555 357211  57187 386886 223999 188481 137421
 174032  71814 360914  43010 151266 236422 270970 209677 357265 148908
 357958  44608 151266 387695 340108 187871 254258 148908 231068 167194
 388710 181512 192973 357265 288743  93403 268046 357265 368320 231068
  97035 127708 160418 239105 390469 185457 222471 135461 389507  54718
 174642  43010 166369 306501 151349 179434 389835  87775 121972 179434
  74390 133951 175199 344955 360914 295094 268074 358159 310672 357265
 231068 250545 151349 179434  97014 192973  55228  62065 357265 350361
  54718  55228  62065  74562 182573 175199 339265 251645 268046 357265
 148224 285945  54718  97864 270201 125542 179434 280824 373316  48106
 188481 269953  84030 320242 363080 357265 136979 268046 357265 148224
 358159 223138 388710 179434 225650  54718 283915 231458 178965  43010
 358422 371062  46223 360914  43010 157304 268046 151266 181512  62065
 262350 287479 131142 357265 148224 383513 185457 108462 357211  43010
 175199 110156 172590 179018 188481  43010 147967  47889 346372 358885
  54718  65064 357265 148868 268046 358885 390138  45094 346372  43010
 281904 191811 357353 150919 357265 272583 231068  97014 192973 286407
  88126  97198 184134  97198 225650 357265 277915  54718 192973 144304
 108464  60665  43010 358881 371798  72182  43010 257221 268046 260030
 373484 368649 188481 357265 264281 268046 137421 175199 120641 357265
 390079 132583 225258  45081 332239 123434 375694 131632 365129 360914
 163237      0 188481 235215 288894 122134 346372  60665 358159 292769
 387695 264550  81567  54273  53504  62979 386886 387695  71090 220815]
NewWordVectorPositions
[166484 344501  60665 193716 383513  89857 188481 357265 370045 270970
 181512 192973  43010  65963 148224 357265 343963 192973 155017 268046
 144910 186369  54718 291555 357211  57187 386886 223999 188481 137421
 174032  71814 360914  43010 151266 236422 270970 209677 357265 148908
 357958  44608 151266 387695 340108 187871 254258 148908 231068 167194
 388710 181512 192973 357265 288743  93403 268046 357265 368320 231068
  97035 127708 160418 239105 390469 185457 222471 135461 389507  54718
 174642  43010 166369 306501 151349 179434 389835  87775 121972 179434
  74390 133951 175199 344955 360914 295094 268074 358159 310672 357265
 231068 250545 151349 179434  97014 192973  55228  62065 357265 350361
  54718  55228  62065  74562 182573 175199 339265 251645 268046 357265
 148224 285945  54718  97864 270201 125542 179434 280824 373316  48106
 188481 269953  84030 320242 363080 357265 136979 268046 357265 148224
 358159 223138 388710 179434 225650  54718 283915 231458 178965  43010
 358422 371062  46223 360914  43010 157304 268046 151266 181512  62065
 262350 287479 131142 357265 148224 383513 185457 108462 357211  43010
 175199 110156 172590 179018 188481  43010 147967  47889 346372 358885
  54718  65064 357265 148868 268046 358885 390138  45094 346372  43010
 281904 191811 357353 150919 357265 272583 231068  97014 192973 286407
  88126  97198 184134  97198 225650 357265 277915  54718 192973 144304
 108464  60665  43010 358881 371798  72182  43010 257221 268046 260030
 373484 368649 188481 357265 264281 268046 137421 175199 120641 357265
 390079 132583 225258  45081 332239 123434 375694 131632 365129 360914
 163237      0 188481 104427  94773 229294  61992 113481 374555 356523
 153464 227359 374776 288929 256410 157032 164242 335663 268839 101556]
