OriginalClass, 1
NewClass, 0
NumberWordsChanged, 29
WordPositions
221	222	223	224	225	226	227	228	229	230	231	232	233	234	235	236	237	238	239	240	241	242	243	244	245	246	247	248	249	
OldWordVectorPositions
[185457      0 188481 254258 270692 192973 357265 332394 166402 264802
 141863 390449 193716 192973  60665 103049 360914 281277  60665  57170
 250105 111455  90548  71090 195527  63393 302175 357265 285109 268046
 177103  60228 177231 371798 358159 192973  62065  74390  43010 275767
 106194 360914 357265 169934 276010 377861 192973      0 377861 192973
 144971 249714 144353 360914 357265 388849 339643 268046 357265  80586
  54718 144971 249714 137549 360914 383735 357639  58997 337258 164328
 135310      0      0 174695 292067 286407 150235 289667 188481 104776
 105690 145168 102496      0 335211 339654 368234 192973  43010 389449
 136453 301482 110182 231492  54273  57929 118936 153086 100729 357265
 292986 192973 172650  87775 357265 191345  58997 144971 361939 117140
 182573 357639  58997 326145 231345 292803 357265 148908 192973 234801
      0 268046  51582 175199 126852 225629 308561 151349 251315 209517
 358159 192973 281353  71494 175199 286468 357265 310672 222471  43010
  95147 378488 277911 193919  66097 272930 268046 367249 357265 323024
 292794 192973 269953 268046 220336 332147 295763 357265 148224 192973
 251645 361939      0 160418 357265 308561 207715 268046 146344 193716
 390138 258451 360914  71090 368207  60665 225289 148356  54718 250392
 331417 357639 192973 357265 297112 268046 357265  46127  63393 192973
  54273  46132      0 357265 123184 192973 357639  52477 193716 270201
 258481 360914  71090 294201 128527  54718  60017 293514  54932 117756
 323430 360914 357969 272589 148908 358159 192973  43010 301000 162831
 148224  54718 357265 217787 357958 136453 329915  71090 192973 162831
 249714 331417 117756 174032 323431 149139 360914 307427 357265 137073
  60665 337258 337917 268046  86001 146127 386306 286079 270970 245427]
NewWordVectorPositions
[185457      0 188481 254258 270692 192973 357265 332394 166402 264802
 141863 390449 193716 192973  60665 103049 360914 281277  60665  57170
 250105 111455  90548  71090 195527  63393 302175 357265 285109 268046
 177103  60228 177231 371798 358159 192973  62065  74390  43010 275767
 106194 360914 357265 169934 276010 377861 192973      0 377861 192973
 144971 249714 144353 360914 357265 388849 339643 268046 357265  80586
  54718 144971 249714 137549 360914 383735 357639  58997 337258 164328
 135310      0      0 174695 292067 286407 150235 289667 188481 104776
 105690 145168 102496      0 335211 339654 368234 192973  43010 389449
 136453 301482 110182 231492  54273  57929 118936 153086 100729 357265
 292986 192973 172650  87775 357265 191345  58997 144971 361939 117140
 182573 357639  58997 326145 231345 292803 357265 148908 192973 234801
      0 268046  51582 175199 126852 225629 308561 151349 251315 209517
 358159 192973 281353  71494 175199 286468 357265 310672 222471  43010
  95147 378488 277911 193919  66097 272930 268046 367249 357265 323024
 292794 192973 269953 268046 220336 332147 295763 357265 148224 192973
 251645 361939      0 160418 357265 308561 207715 268046 146344 193716
 390138 258451 360914  71090 368207  60665 225289 148356  54718 250392
 331417 357639 192973 357265 297112 268046 357265  46127  63393 192973
  54273  46132      0 357265 123184 192973 357639  52477 193716 270201
 258481 360914  71090 294201 128527  54718  60017 293514  54932 117756
 323430 360914 357969 272589 148908 358159 192973  43010 301000 162831
 148224 157830  73280 231481 245046 383211 221317 211897 267176 144149
 318209  93487 308979  89983  71930  64816 246951 231330 285591 377131
 384524 302713 355844 352885 275530 260000 261625 251274 161846  98367]
