OriginalClass, 1
NewClass, 0
NumberWordsChanged, 25
WordPositions
225	226	227	228	229	230	231	232	233	234	235	236	237	238	239	240	241	242	243	244	245	246	247	248	249	
OldWordVectorPositions
[257168 364460 192973  44608  60665 273832  54718 273712  60665 357809
 105625 260802  89313 192973 188481 262350 384121  43010  72475  45830
 177433  54718 358159 148224 192973 262350 189144 198640 280944 386886
 174642 106190 358159 251034 360914 357265 189140 198640 102221 365266
 174642 325574 144566 268074 357353 310094 185457  91041 302352 148016
 272930 386306 207715 268046 353324  62979 358159 148224 383513 329620
 151349 237426 357265 291955  62979 387695 222471 193716  87775 185457
 152393 193716 360914  71090  44787 227158 185457  52520  91041 187676
  46943 270970 394520  46943 360914 148427 358159 360914  71090 357211
 166369 268046  43010 148224 332147 295763 193919 200035 268745  62065
  74390 257168 364460 192973 372049  54718 372083  81228 386306 193716
 126848 174642 154323 357265 115503 379273 104216 185457 390138 303025
 382333 151349 357211 251034 360914  71090 305007 188481  17580  54718
 278423 269798 358159 263767 357265 386896 186344 268046  72182  44493
 360914 336113 132569 342237 357265 118827 268046 189075  54718 313329
  59937  51582 273428 383575 118061  54718 283207 388710 193716 386494
 259914 116334 193716 269889 386494 147978 357265  65963 169754  54718
 142816 386306 192973 348225 360914  71090 263790  45830 192973  44844
 185457 278020 226298 357265 320242 388710 357265 118827 150924 188481
 193919 366774 218667 188481 357265 243674 268046  43010  87768 309729
 386494  92762 386876  88126 193716 388755 116334 193716 268508  84998
 305254 239105 268046 357211 138435 268046 357265  82629  86766 386431
 357809 163237 360914 357265  54220 277606  54718 251315  82629 225951
 179434  58789 286125 142342 357211 138435 268046 357265  82629  86766
 383513 251645  74597 357108 358159 386896 148224 357265 186344 268046]
NewWordVectorPositions
[257168 364460 192973  44608  60665 273832  54718 273712  60665 357809
 105625 260802  89313 192973 188481 262350 384121  43010  72475  45830
 177433  54718 358159 148224 192973 262350 189144 198640 280944 386886
 174642 106190 358159 251034 360914 357265 189140 198640 102221 365266
 174642 325574 144566 268074 357353 310094 185457  91041 302352 148016
 272930 386306 207715 268046 353324  62979 358159 148224 383513 329620
 151349 237426 357265 291955  62979 387695 222471 193716  87775 185457
 152393 193716 360914  71090  44787 227158 185457  52520  91041 187676
  46943 270970 394520  46943 360914 148427 358159 360914  71090 357211
 166369 268046  43010 148224 332147 295763 193919 200035 268745  62065
  74390 257168 364460 192973 372049  54718 372083  81228 386306 193716
 126848 174642 154323 357265 115503 379273 104216 185457 390138 303025
 382333 151349 357211 251034 360914  71090 305007 188481  17580  54718
 278423 269798 358159 263767 357265 386896 186344 268046  72182  44493
 360914 336113 132569 342237 357265 118827 268046 189075  54718 313329
  59937  51582 273428 383575 118061  54718 283207 388710 193716 386494
 259914 116334 193716 269889 386494 147978 357265  65963 169754  54718
 142816 386306 192973 348225 360914  71090 263790  45830 192973  44844
 185457 278020 226298 357265 320242 388710 357265 118827 150924 188481
 193919 366774 218667 188481 357265 243674 268046  43010  87768 309729
 386494  92762 386876  88126 193716 388755 116334 193716 268508  84998
 305254 239105 268046 357211 138435 268046 357265  82629  86766 386431
 357809 163237 360914 357265  54220 291316 309289 224196  72474 142707
 289283 352465 356857 309231 383578 191374  98553 133808 157769 300409
  90509 191994 216020  73071  44836 398237 293004 217859 202704 144143]
