OriginalClass, 1
NewClass, 0
NumberWordsChanged, 10
WordPositions
240	241	242	243	244	245	246	247	248	249	
OldWordVectorPositions
[385217  64362 192973 200035 357265 148908 256046 358159 251034 192973
  43010      0 284318 268046 199838  43010 178401 321159 105647 326011
 188481  43010 244456 363600  90376 187631 337913 185457 170714 360914
 162051 358159   2479 341677 386473 193716 123517 264550 121794 358159
 237383 107993 339863 200035  44608 141950 192973 362775 151413 371062
  54718 372706 357265      0 244456 287768 387695 264550 105625 360914
 160418 394474 186645 394474 127708 231458 394564  57716 139731 264550
 269798 394564 384637 117874 357265  45905 385663 292006 136152 131142
 358159 320242  71494 357265 320242 123557 389835  60665 193716 383513
 336113 178623 372362 394474  90548 325007 193716 188481 357353 380521
 141816 186645 357809 385663 264550 346372  65963  45905 357809 390143
 174642  71814  44493 360914 319417 357265 320242 260309 357265 169725
 174032 360914 142532 188481 179434 384637 346825 262350 357639 383513
 262350 359888 360914 160418 178965  54273 372013 148908 232536 358159
 192973 166369 101299 185457 387695 305224 358159 320242 151349 357265
 306581 268046 254258 222138 357639  58997  52520 161859 188481 357265
      0      0 141816  43010 247378 358461 264550 225644 357211      0
 357265  66016  45910 194101 141863 323431 185457 128330 188481 180682
 357809 390138 220870 177103 319690  43010 332394 222946 188481  43010
  65064 251034 268788 161859 188481 357265 244456 264937 358159 192973
 160466 155185 357265 161859  58997 141816 285915 269798 357265 316998
 150202 336113 384373  90548 335746 360914 357353 311178  62065 261149
 188481 302334 357809 390138  71090 285915 188481  43010 123767  86371
  43010 297232 244331  64331 325181  88126 368320 146752 388710  68644
 388483 357639  58997 352892  63822 384373  90548 374162 151349  43010]
NewWordVectorPositions
[385217  64362 192973 200035 357265 148908 256046 358159 251034 192973
  43010      0 284318 268046 199838  43010 178401 321159 105647 326011
 188481  43010 244456 363600  90376 187631 337913 185457 170714 360914
 162051 358159   2479 341677 386473 193716 123517 264550 121794 358159
 237383 107993 339863 200035  44608 141950 192973 362775 151413 371062
  54718 372706 357265      0 244456 287768 387695 264550 105625 360914
 160418 394474 186645 394474 127708 231458 394564  57716 139731 264550
 269798 394564 384637 117874 357265  45905 385663 292006 136152 131142
 358159 320242  71494 357265 320242 123557 389835  60665 193716 383513
 336113 178623 372362 394474  90548 325007 193716 188481 357353 380521
 141816 186645 357809 385663 264550 346372  65963  45905 357809 390143
 174642  71814  44493 360914 319417 357265 320242 260309 357265 169725
 174032 360914 142532 188481 179434 384637 346825 262350 357639 383513
 262350 359888 360914 160418 178965  54273 372013 148908 232536 358159
 192973 166369 101299 185457 387695 305224 358159 320242 151349 357265
 306581 268046 254258 222138 357639  58997  52520 161859 188481 357265
      0      0 141816  43010 247378 358461 264550 225644 357211      0
 357265  66016  45910 194101 141863 323431 185457 128330 188481 180682
 357809 390138 220870 177103 319690  43010 332394 222946 188481  43010
  65064 251034 268788 161859 188481 357265 244456 264937 358159 192973
 160466 155185 357265 161859  58997 141816 285915 269798 357265 316998
 150202 336113 384373  90548 335746 360914 357353 311178  62065 261149
 188481 302334 357809 390138  71090 285915 188481  43010 123767  86371
  43010 297232 244331  64331 325181  88126 368320 146752 388710  68644
  77230 292107 238527 232967 125975 371897 296205 187224 380481 319517]
