OriginalClass, 1
NewClass, 0
NumberWordsChanged, 2
WordPositions
248	249	
OldWordVectorPositions
[282257 324337 286468 123434 322140 171102  43010 108526 151349  43010
 285372 329045 386886 351989 273428  60665  91556  47798 175199 253231
 357265 292066 269953  52673 177661 388779  43010 364460  72182  87238
 175199  71959 225959 179434 240772  54718 357265 364460 233795 175199
 267329  71586  77853 359055 123434 192973 151413 360914 148427 337266
 386886  90548 323336  54718 106039 388710 160907 126552 394474 285908
  54273  46008 151349 357211  54718 176551 218947  43010 278684 360914
 357265 364460 193919 244950  79574 182540  57187 110156 174642  68144
 358159 287513 148224 151780 164494 339469 244614 305878 239373  60665
 124763  54718 162058      0 352157 188481 357265 148224 357265 313211
 102208 394474  90548 292769 168566 386473 268046 357265 165682 288752
 223676 320245 170714 244614 188481 357265 124777  96189 282257  82328
 231492  43010  84030  57716 188481 357265 148269 148908   4961 245571
  60665 357265 127778 285372  91556 177661 292769 297928 357154 357211
 394520 153102 383513 305007 357265 316998 393301 358159 383513 148242
  54718  90916 336113 357211 175199  90548 204679 358159 268074 179434
 306718 152994 225650 117427  60665 357265 172650      0  87775 175199
  54718 324336  81562 225629 292006 121958 388710 141816 324337 231498
  54718 171254 225644 297928 356325 357809 170714 360914 209645 358159
 251034 383513  80153 141816  60665 357809 385663 148255 193716 388710
 222999 222471 357760 185457  90548 371425  57170 289446 371610 284424
  44608 360914  71090 172719 394504 279284 151349 358159 322140 262350
 185457 389497 187377 126552 193716 151349 153443  54718 357225 269953
 268046 357265 164328 198520 193919  53201 360914 239105 357211 251645
 268046 324337 293302 236496 192973 343256 188481 357265 376519  87775]
NewWordVectorPositions
[282257 324337 286468 123434 322140 171102  43010 108526 151349  43010
 285372 329045 386886 351989 273428  60665  91556  47798 175199 253231
 357265 292066 269953  52673 177661 388779  43010 364460  72182  87238
 175199  71959 225959 179434 240772  54718 357265 364460 233795 175199
 267329  71586  77853 359055 123434 192973 151413 360914 148427 337266
 386886  90548 323336  54718 106039 388710 160907 126552 394474 285908
  54273  46008 151349 357211  54718 176551 218947  43010 278684 360914
 357265 364460 193919 244950  79574 182540  57187 110156 174642  68144
 358159 287513 148224 151780 164494 339469 244614 305878 239373  60665
 124763  54718 162058      0 352157 188481 357265 148224 357265 313211
 102208 394474  90548 292769 168566 386473 268046 357265 165682 288752
 223676 320245 170714 244614 188481 357265 124777  96189 282257  82328
 231492  43010  84030  57716 188481 357265 148269 148908   4961 245571
  60665 357265 127778 285372  91556 177661 292769 297928 357154 357211
 394520 153102 383513 305007 357265 316998 393301 358159 383513 148242
  54718  90916 336113 357211 175199  90548 204679 358159 268074 179434
 306718 152994 225650 117427  60665 357265 172650      0  87775 175199
  54718 324336  81562 225629 292006 121958 388710 141816 324337 231498
  54718 171254 225644 297928 356325 357809 170714 360914 209645 358159
 251034 383513  80153 141816  60665 357809 385663 148255 193716 388710
 222999 222471 357760 185457  90548 371425  57170 289446 371610 284424
  44608 360914  71090 172719 394504 279284 151349 358159 322140 262350
 185457 389497 187377 126552 193716 151349 153443  54718 357225 269953
 268046 357265 164328 198520 193919  53201 360914 239105 357211 251645
 268046 324337 293302 236496 192973 343256 188481 357265 377128  72731]
