OriginalClass, 1
NewClass, 0
NumberWordsChanged, 24
WordPositions
226	227	228	229	230	231	232	233	234	235	236	237	238	239	240	241	242	243	244	245	246	247	248	249	
OldWordVectorPositions
[141948 188481 358159 251034 355374 299067  92746 182540 352154 327863
 192973 386306  43010 166369 124763 328140 269953 117874 367634 272930
 360914  71090 140213 185457 357969 357812 200035  72182 260760 141816
 207607 305449 386886 124744 358159 148224 330038 249714 352153 357108
 327863 126848 357265 260309 195527  90480 357809  89824 177103  54718
 141816  57350 154323 357265 143954 357211 357812  81562 273832 357265
 368320 174642 336113 251645 188481 105990 357809  81562 124729 251057
 357812  81562 389422 357812  81562  63426 385217 162051 270970 351934
 393604 193919 269953 268046 358451 148269 188481 386473  43010  97014
 192973 119122 360914  71090  84181  54718 384373 200035 174642 360914
 349166 173236  54718  45094 193716  87775 187377 319690 358159 151349
  92746 328475 114194  54718 145390 262350 302352 177231  58997 337258
 358472 269798 177103 215502 268046 352153   2479 277915 268046  43010
 124777 352153 222086 188481 118271 388710 280944 386983 192973  92746
 336113 283137  65963  62065 160466 177103 111748 360914 141816 351934
 264624 268046 177103 336113  60665 360914 231458 193716 132566 151349
 141948 360914 382920 268074 357265 325898  54718 160418 207441 185457
 142750  15341 386983 192973 358159 269953 268046 357265 250392 371062
 121185 268046  43010 251034 325898 185457 174642 141863 323431  47798
  51582 193716 253767 174642  71814 148242 269798  43010 302292 251034
 325898 182540 110156 357809 160418 193716 390469 186645      0 325898
 383513 171586  60665 251645 268046  54273 371423 327112 193919  43010
 389439 175199 106328 179434 148224  62065  51582  21828  92746 357265
 147721 124763 174032 325898 177555 357265 353650 268046 111453  43010
  82882 259972  14647 181890 150004 145527  96602 185457 128330 193716]
NewWordVectorPositions
[141948 188481 358159 251034 355374 299067  92746 182540 352154 327863
 192973 386306  43010 166369 124763 328140 269953 117874 367634 272930
 360914  71090 140213 185457 357969 357812 200035  72182 260760 141816
 207607 305449 386886 124744 358159 148224 330038 249714 352153 357108
 327863 126848 357265 260309 195527  90480 357809  89824 177103  54718
 141816  57350 154323 357265 143954 357211 357812  81562 273832 357265
 368320 174642 336113 251645 188481 105990 357809  81562 124729 251057
 357812  81562 389422 357812  81562  63426 385217 162051 270970 351934
 393604 193919 269953 268046 358451 148269 188481 386473  43010  97014
 192973 119122 360914  71090  84181  54718 384373 200035 174642 360914
 349166 173236  54718  45094 193716  87775 187377 319690 358159 151349
  92746 328475 114194  54718 145390 262350 302352 177231  58997 337258
 358472 269798 177103 215502 268046 352153   2479 277915 268046  43010
 124777 352153 222086 188481 118271 388710 280944 386983 192973  92746
 336113 283137  65963  62065 160466 177103 111748 360914 141816 351934
 264624 268046 177103 336113  60665 360914 231458 193716 132566 151349
 141948 360914 382920 268074 357265 325898  54718 160418 207441 185457
 142750  15341 386983 192973 358159 269953 268046 357265 250392 371062
 121185 268046  43010 251034 325898 185457 174642 141863 323431  47798
  51582 193716 253767 174642  71814 148242 269798  43010 302292 251034
 325898 182540 110156 357809 160418 193716 390469 186645      0 325898
 383513 171586  60665 251645 268046  54273 371423 327112 193919  43010
 389439 175199 106328 179434 148224  62065 259603 349054 376397  67858
 363128  79305  68393 213542 274047  63441 208170 121832  44953  86152
 276280 122468 213841 158405 309426  76993  62137  96333 357300  58416]
