OriginalClass, 1
NewClass, 0
NumberWordsChanged, 30
WordPositions
220	221	222	223	224	225	226	227	228	229	230	231	232	233	234	235	236	237	238	239	240	241	242	243	244	245	246	247	248	249	
OldWordVectorPositions
[386423 185457 163237 272930 360914 357265 378546 343871 360914 305655
  43010 150004 185457 374386 366207      0 378776 269798  43010 148224
  54718 373139 358159 269953 170714 259914 323431  43010 150004 300970
  36659 270970  44617 269798 357265 333112 185457 123517 264550 137548
 331071 227512  43010 219705 124763 268046 337258 268046 357265  74390
 148269 268046 357265  17984  95359 302352      0 177231  88126 231552
 269953 268046 357265  75824 246353  43010 148259  90548 148210  43010
 148269  93265 388710 358422 372358  97035 388710 262350 302292 303440
 297111 386323 185457 222471 148269 388710 149797  97035  87775 262350
 236860 182540 117140 337267 281924 192973 384373  51582 174642  43010
  77162 268046 222292 188481 357639 361939 385663  51582 326634 268046
 166275 388710 337258 117159 270970  84114 357108 272587 251315 227512
 112447 358159 222946  88126 148210 358159 251034 388710 362775 373069
  54718  52261 236005      0  97035 140265 174779 172783 192973  43010
      0 386522 187864 192888 232700 126087 154323  43010 235187 388710
  43010 387353 357211 174351 178965  54718  43010 117632 386886 357982
 177661  43010 225947 386473 175199 377945 251645 192973 179434 189030
  54718 387803 360914 220870 272587 126552 357265 124850 389835 151349
 178965  71494 177661 361939 110767 360914 126552 193716 179018 218983
 124758 360914 357353  68100 309834 286043 144575  57350  54718 250482
 160466 207441  88126 357265 359888 175199 341519 373316 360914 179434
 269089  84998  62065 357265 136979 268046 357265 148224 193919 249714
 278702 357108 373456 140265 174774 286468 179434  97014 385217  87775
 193408 162058 251645 360914 389835 388710  60665 175199 192973 289256
  60665 337266 388710  43010  80763 281720 341388 269798 357353 143869]
NewWordVectorPositions
[386423 185457 163237 272930 360914 357265 378546 343871 360914 305655
  43010 150004 185457 374386 366207      0 378776 269798  43010 148224
  54718 373139 358159 269953 170714 259914 323431  43010 150004 300970
  36659 270970  44617 269798 357265 333112 185457 123517 264550 137548
 331071 227512  43010 219705 124763 268046 337258 268046 357265  74390
 148269 268046 357265  17984  95359 302352      0 177231  88126 231552
 269953 268046 357265  75824 246353  43010 148259  90548 148210  43010
 148269  93265 388710 358422 372358  97035 388710 262350 302292 303440
 297111 386323 185457 222471 148269 388710 149797  97035  87775 262350
 236860 182540 117140 337267 281924 192973 384373  51582 174642  43010
  77162 268046 222292 188481 357639 361939 385663  51582 326634 268046
 166275 388710 337258 117159 270970  84114 357108 272587 251315 227512
 112447 358159 222946  88126 148210 358159 251034 388710 362775 373069
  54718  52261 236005      0  97035 140265 174779 172783 192973  43010
      0 386522 187864 192888 232700 126087 154323  43010 235187 388710
  43010 387353 357211 174351 178965  54718  43010 117632 386886 357982
 177661  43010 225947 386473 175199 377945 251645 192973 179434 189030
  54718 387803 360914 220870 272587 126552 357265 124850 389835 151349
 178965  71494 177661 361939 110767 360914 126552 193716 179018 218983
 124758 360914 357353  68100 309834 286043 144575  57350  54718 250482
 160466 207441  88126 357265 359888 175199 341519 373316 360914 179434
 269089  84998  62065 357265 136979 268046 357265 148224 193919 249714
 195499 200803  48760 345388 160022 355246  65030 158012 245328 142841
 377708 106438  60109 278878 324017 185379 375256 266474  62794 399773
 279216 228184 303156 375161 352789  75197 392708 357303 128669 125411]
