OriginalClass, 0
NewClass, 1
NumberWordsChanged, 1
WordPositions
249	
OldWordVectorPositions
[ 60665  43010 183606 144744 268046 181890 148269 139731      0  54718
  52520 164646 185457 358463      0      0 338170 292006 164328 185457
 306266 357265 286789 302207 307261  54718 141816 225639  62065 337258
 283701 360914 231458 348373 193716 323425 222471  43010 164328 164824
  54718 320173 251034 360914 383735  71895 128594 193716 336113 142393
 193716 170714 148534  54718 302254 360914  71090 320105  54718 302996
 188481 181890  62065 357265  53201 164646 185457 383513 142760 185457
 383513 356327 124906 357265 286789 383513 308331  54718 123557 141816
 231458 325007  54718 219577 361939 251645 371700 357265 164646 383513
 178764 301000 357411 181884  54718 386306 383513 388710 357265  92859
 345399 338149 133907 357265  45815 383513 292769 357265 270201 357958
 244325 320173  44608 193716 185457 123517 264550 371425 357265  89059
 186344  54718 357265 384121 357265 250506 184368 124902 188481 357265
 243674 268046 357265 322568  47798 151061  43010 149639 222292 357809
 219577  81562 292006 371700 270970 281353 185457 246267 193716  60665
 254258 244950 110159 371425 386306 185457 383513  45929 323392 185457
  57890 357265 384121 193716 383513 348225 360914  71090 329447  54718
  43010 147468 320245 357265 344232  90931  54718 274148 250482      0
 385663 185457 200035 357969 357809 385594  43010 223830  77162 144971
  54718 264550 141816 188481  43010 181884 384121 357809 229835 193716
 360914 371062 386473 229835 193716 249714  72475 360914  71090  43010
 105647 301000 357108  43010 181890 188481 254258 270692 182573 193716
 192973  43010 377945 137887 148224  54718 164934  43010 225985 268046
 218189 272930 268046 239105  54718  43010 110481 268046 154060  87775
 315242 384373 385663 142760 181890 264550 105647 336113 193919 390092]
NewWordVectorPositions
[ 60665  43010 183606 144744 268046 181890 148269 139731      0  54718
  52520 164646 185457 358463      0      0 338170 292006 164328 185457
 306266 357265 286789 302207 307261  54718 141816 225639  62065 337258
 283701 360914 231458 348373 193716 323425 222471  43010 164328 164824
  54718 320173 251034 360914 383735  71895 128594 193716 336113 142393
 193716 170714 148534  54718 302254 360914  71090 320105  54718 302996
 188481 181890  62065 357265  53201 164646 185457 383513 142760 185457
 383513 356327 124906 357265 286789 383513 308331  54718 123557 141816
 231458 325007  54718 219577 361939 251645 371700 357265 164646 383513
 178764 301000 357411 181884  54718 386306 383513 388710 357265  92859
 345399 338149 133907 357265  45815 383513 292769 357265 270201 357958
 244325 320173  44608 193716 185457 123517 264550 371425 357265  89059
 186344  54718 357265 384121 357265 250506 184368 124902 188481 357265
 243674 268046 357265 322568  47798 151061  43010 149639 222292 357809
 219577  81562 292006 371700 270970 281353 185457 246267 193716  60665
 254258 244950 110159 371425 386306 185457 383513  45929 323392 185457
  57890 357265 384121 193716 383513 348225 360914  71090 329447  54718
  43010 147468 320245 357265 344232  90931  54718 274148 250482      0
 385663 185457 200035 357969 357809 385594  43010 223830  77162 144971
  54718 264550 141816 188481  43010 181884 384121 357809 229835 193716
 360914 371062 386473 229835 193716 249714  72475 360914  71090  43010
 105647 301000 357108  43010 181890 188481 254258 270692 182573 193716
 192973  43010 377945 137887 148224  54718 164934  43010 225985 268046
 218189 272930 268046 239105  54718  43010 110481 268046 154060  87775
 315242 384373 385663 142760 181890 264550 105647 336113 193919 211875]
