OriginalClass, 1
NewClass, 0
NumberWordsChanged, 2
WordPositions
248	249	
OldWordVectorPositions
[386320 173065 360914 307625 175199 323430 360914 305817 179018 188481
 141941 251034 174032 175199 313329 272930 268046 111460 186369 186645
 175199 174032 359888 360914 351934  43010  65680 322839 385594 360914
 323336 357265 251034 388710 166369  56677 268046 110542 264550 269889
 123517 185457 187676 193716 390138  71090  57196 258155 357265 271493
 185457 209468 193716 390143 357265 293376 315709 193716  51582  87775
 141816 357411 185457 358463 193716 390138  71090  43010 166369 307625
 364469  47798  51582 193408 175199 357265 316998 169725 386886 124744
 318989  54718 106170 270970 192973 175199 185457 174642 254258 128340
  47798 383752  43564 185457  52943 264550 163745 360914 352213  44608
 357265 286789 270970 357265 343963  60665 250392 268046 193716 192973
 351972 154323 357265 271493 186645 394474  58997 302352 131629 360914
 163237  54718 323336 358159 269953 394474 110156 286375  43010 155185
 157049 388710 154060 186403 357265 320245 154323 357265 271493 269953
  54718 162051 301046 268046 394564 274148 336113 376794  71586      0
 182540 109361 192973 357211 168566      0 390143 338149 357211 166369
  49413 122491 192973 297928  43010 124942  60665      0 357265 105647
 192973 344185  54718 357265 335052 352213 357211 302352 383513 133900
 188481 106170 338189 144390 357265  98032  74651      0  54718      0
 261815 211507 126852 142645  62065  51582 188481 143954 357265 249714
  97242 261815 365140 360914  71090 357265 249714 192919 327863  71586
 358159 302175  43010 279661  88126 357265 136979 299561 192973 188481
 143954 264550  65963  60665 106190 360914 357265 272587 175199 192973
  43010 169725 360914 383735 188481 357265 155653 185457 383513 302352
 124906 388710  53778  65625  60665      0 175199 225650 222471  43010]
NewWordVectorPositions
[386320 173065 360914 307625 175199 323430 360914 305817 179018 188481
 141941 251034 174032 175199 313329 272930 268046 111460 186369 186645
 175199 174032 359888 360914 351934  43010  65680 322839 385594 360914
 323336 357265 251034 388710 166369  56677 268046 110542 264550 269889
 123517 185457 187676 193716 390138  71090  57196 258155 357265 271493
 185457 209468 193716 390143 357265 293376 315709 193716  51582  87775
 141816 357411 185457 358463 193716 390138  71090  43010 166369 307625
 364469  47798  51582 193408 175199 357265 316998 169725 386886 124744
 318989  54718 106170 270970 192973 175199 185457 174642 254258 128340
  47798 383752  43564 185457  52943 264550 163745 360914 352213  44608
 357265 286789 270970 357265 343963  60665 250392 268046 193716 192973
 351972 154323 357265 271493 186645 394474  58997 302352 131629 360914
 163237  54718 323336 358159 269953 394474 110156 286375  43010 155185
 157049 388710 154060 186403 357265 320245 154323 357265 271493 269953
  54718 162051 301046 268046 394564 274148 336113 376794  71586      0
 182540 109361 192973 357211 168566      0 390143 338149 357211 166369
  49413 122491 192973 297928  43010 124942  60665      0 357265 105647
 192973 344185  54718 357265 335052 352213 357211 302352 383513 133900
 188481 106170 338189 144390 357265  98032  74651      0  54718      0
 261815 211507 126852 142645  62065  51582 188481 143954 357265 249714
  97242 261815 365140 360914  71090 357265 249714 192919 327863  71586
 358159 302175  43010 279661  88126 357265 136979 299561 192973 188481
 143954 264550  65963  60665 106190 360914 357265 272587 175199 192973
  43010 169725 360914 383735 188481 357265 155653 185457 383513 302352
 124906 388710  53778  65625  60665      0 175199 225650 295534 222163]
