OriginalClass, 1
NewClass, 0
NumberWordsChanged, 17
WordPositions
233	234	235	236	237	238	239	240	241	242	243	244	245	246	247	248	249	
OldWordVectorPositions
[386423 185457 271176 358159 154323  78352 384601 185457 170714 262350
 186344 357211 193716 390138  71090  60665 356325  60665 193716 383513
 386886 209677 237426 186309 151677 360914 351934 254258  46173 239687
 357211 117874 185457 126552 209645 357211 154323 357265 248238 357265
  93265 129648 373316 188481 357353 342051 382123 127654 188481 357353
 217850      0 387137 104958  72571  54718 146140 171254 185457 209468
 357211 358159 246207 159242 268046 357265 125031 138715 383513 162861
  81901 151349 357265 130711 357265 148908 151610 268046 200035 182540
  65963 357964 385663 360914  71090 383513 357265 256743  62065 357265
  71956 366273 360914 142852 386306 109819 151421 385663  62065 286375
 360914 390296 174712 373484 357265 372241 151428 288169  54718      0
 253590 269798 357265 390141 378765 154323 357265 270547 320242 388710
 357265      0 133907 360914 357265 248929 154323  56041 389937  54718
 357411 357265 182387 386473 199711 154323 372241 360914 372241 383513
  60665  45479 275310  60665 383752  54273 135306 321159 292986 268046
 357265 375049 248761 358808 357265 148224 357265 348373 331365 337301
 383513  44608 360914 173061 383513 386423  43010 335128 329045 390138
  57715 357265 329045 383513 106462 348726 268046 386306 225639 222471
 269062 376628  54718  90227 278085  54718 390138  62641  57187 188481
 193919 278684 268046 110542 186645 251017 334970 357108  79094  69006
 188026  82141  87775 193716 170714 240800      0  59601  54718 357265
  44430 360914  93265  43010 269682 166484 162908 357211 110156 343811
  86597  54718 138677 388710  43010 217666  91234 268046 114253 358801
 241335  67544 389507 188481  54273 182363 270970 368320 388710 337258
  61694 251070 269798  60665 357265 385031  54718  72530  81669 108153]
NewWordVectorPositions
[386423 185457 271176 358159 154323  78352 384601 185457 170714 262350
 186344 357211 193716 390138  71090  60665 356325  60665 193716 383513
 386886 209677 237426 186309 151677 360914 351934 254258  46173 239687
 357211 117874 185457 126552 209645 357211 154323 357265 248238 357265
  93265 129648 373316 188481 357353 342051 382123 127654 188481 357353
 217850      0 387137 104958  72571  54718 146140 171254 185457 209468
 357211 358159 246207 159242 268046 357265 125031 138715 383513 162861
  81901 151349 357265 130711 357265 148908 151610 268046 200035 182540
  65963 357964 385663 360914  71090 383513 357265 256743  62065 357265
  71956 366273 360914 142852 386306 109819 151421 385663  62065 286375
 360914 390296 174712 373484 357265 372241 151428 288169  54718      0
 253590 269798 357265 390141 378765 154323 357265 270547 320242 388710
 357265      0 133907 360914 357265 248929 154323  56041 389937  54718
 357411 357265 182387 386473 199711 154323 372241 360914 372241 383513
  60665  45479 275310  60665 383752  54273 135306 321159 292986 268046
 357265 375049 248761 358808 357265 148224 357265 348373 331365 337301
 383513  44608 360914 173061 383513 386423  43010 335128 329045 390138
  57715 357265 329045 383513 106462 348726 268046 386306 225639 222471
 269062 376628  54718  90227 278085  54718 390138  62641  57187 188481
 193919 278684 268046 110542 186645 251017 334970 357108  79094  69006
 188026  82141  87775 193716 170714 240800      0  59601  54718 357265
  44430 360914  93265  43010 269682 166484 162908 357211 110156 343811
  86597  54718 138677 388710  43010 217666  91234 268046 114253 358801
 241335  67544 389507 126383 139032 255609 108588 109018 218785 194339
 297645 226240 284692 164215 166590 102560 308114 225534 119038 125032]
