OriginalClass, 0
NewClass, 1
NumberWordsChanged, 13
WordPositions
237	238	239	240	241	242	243	244	245	246	247	248	249	
OldWordVectorPositions
[187631 146352  43010 223830 293815 268046 358159 148224  71494 193716
 383513 254258 191921 360914 357265      0 357265 393301 383513  14480
  54718 193964 300216  51582 134390 146160 188481 269953  86737 313329
 151055  88126 306216 268046 357265 281975 341856 361933 114017  54718
 310457 249440 269798 319133 141831 357265 202769 207448 383513 100075
 360914 270501 357265 322810 193716 105827 388710  43010 108564  45830
 325298  60665 337082  54718      0 340037  91624 164934  62642  88126
  43010 340478 268046 358841      0 185457 383513  43010 144744 151349
 222138 154323 357211 248238 269798  47798 357265 231068 111520 260760
 360914 323336  43010 338994 360601 325298 177231 190756 268046 357265
 374385 290460 268046 334975 128527  45830 151262 384373 163237 360914
 357265 215333 268046      0 366080 197733  79912 192052 268046  43010
 259972 151810 360914 143135 163826 154323 322876      0 387353  53040
 198186 111349 174032  71814 174695  54273  47476 388710 358841  48041
 300311 177167 225166  43010 313803 146627 189034 175199 207480  81562
 357265 126713  54718 179434 387353  71895 184174 151349 357265 151810
 366080 174032 291635 151349 357265 141844 175199 174032 126022 193716
 191811 149239 323532 132276 390449 269798  43010 283648 268046 179018
  54718 325065 193716 360914 179434 149239 117634  51582 268046 386919
  58997 320187 358808 357265 389937 337082  54718 214087 325898 272930
 360914 160418 357265 151810 148908 218977 360914  43010 344724 268046
 138436 188481 123767 224617  54718  90265 154323 357265 222494 268046
 355381 319381  60665  43010 359622 193747 110224      0  54718 113995
 199958 269953 268046      0 117634 317588 207583 117027  45193 357265
 370952  82339 269798 357353 162723 297556 174695  61599 357265 151810]
NewWordVectorPositions
[187631 146352  43010 223830 293815 268046 358159 148224  71494 193716
 383513 254258 191921 360914 357265      0 357265 393301 383513  14480
  54718 193964 300216  51582 134390 146160 188481 269953  86737 313329
 151055  88126 306216 268046 357265 281975 341856 361933 114017  54718
 310457 249440 269798 319133 141831 357265 202769 207448 383513 100075
 360914 270501 357265 322810 193716 105827 388710  43010 108564  45830
 325298  60665 337082  54718      0 340037  91624 164934  62642  88126
  43010 340478 268046 358841      0 185457 383513  43010 144744 151349
 222138 154323 357211 248238 269798  47798 357265 231068 111520 260760
 360914 323336  43010 338994 360601 325298 177231 190756 268046 357265
 374385 290460 268046 334975 128527  45830 151262 384373 163237 360914
 357265 215333 268046      0 366080 197733  79912 192052 268046  43010
 259972 151810 360914 143135 163826 154323 322876      0 387353  53040
 198186 111349 174032  71814 174695  54273  47476 388710 358841  48041
 300311 177167 225166  43010 313803 146627 189034 175199 207480  81562
 357265 126713  54718 179434 387353  71895 184174 151349 357265 151810
 366080 174032 291635 151349 357265 141844 175199 174032 126022 193716
 191811 149239 323532 132276 390449 269798  43010 283648 268046 179018
  54718 325065 193716 360914 179434 149239 117634  51582 268046 386919
  58997 320187 358808 357265 389937 337082  54718 214087 325898 272930
 360914 160418 357265 151810 148908 218977 360914  43010 344724 268046
 138436 188481 123767 224617  54718  90265 154323 357265 222494 268046
 355381 319381  60665  43010 359622 193747 110224      0  54718 113995
 199958 269953 268046      0 117634 317588 207583 164555 333274 372857
 239867 365488 284897 388616 296623  81726 378519  48259 121668 346721]
