OriginalClass, 0
NewClass, 1
NumberWordsChanged, 3
WordPositions
247	248	249	
OldWordVectorPositions
[303305 310051 385793 192973 269953 268046 358451 359611 262655 358741
 384373 300708 323336  57185 193919 385217 274757 385217  45805  54718
 126852 219178 374020 388710 225689 137189 270970 370722 297580 336113
 368709 188481 358159 159619 260893  89313 341860  60665 242891  54273
 371636 356796 312011 121958 137680 151349  43010 198213 360914 129440
  51582 357265 384121 360914 391190 151349 289872 136626 175199 192973
 181208 360914  43010 145731  87775  52879 269798 357265 117140 330915
 268046 145557  47798 144215 360914 267324 156427 136626 242891 345243
 191811 357265 303305 310051  68431 386431 357265 274156 384160      0
 246353 178965 151349  43010 108200 207446 175199 347312 154323 116225
 179315 360914 126552 188481 179434 226326  87775 220893 387353 348917
 217390 150647  82328 384160 162064 242891 357265 258303 122134  54718
  43010 128527 279342 151349 357265 179580 269798 357265  46938 348928
 388710 262350 191056 269798 151061 358801 242891  45105 357265 248489
  54718 357411 325965 272930 360914 383355 348917 268046 177103 188103
 120508 175199  52520 231053  43010 220941 360914 357265 224573 328395
 142947 357265 286789  54718 339810  60665 145557 390138 123487 242891
 192973 264550 163745 360914  71090 308255 268046 357265 333189 357211
 132683 386494 219194 188481  43010 379445 299505 175199 313447 128527
      0 226335 268046 110542 242891  72182 242891 175199 351989 178965
 360914 357265 224573 182108 386431 193919 125119 357211 177661  52520
  71814 329853 357265 328395 192973 347312  54718  60665 227074 390138
 174642 193716 384160 192973  52520 357265 224573 218524 242891 232582
 360914 139402 386494  72182 351972 269798 357211 217787 308279  54718
 192973 346119 284154 373316  88126 357265 302292 228267 154323 116225]
NewWordVectorPositions
[303305 310051 385793 192973 269953 268046 358451 359611 262655 358741
 384373 300708 323336  57185 193919 385217 274757 385217  45805  54718
 126852 219178 374020 388710 225689 137189 270970 370722 297580 336113
 368709 188481 358159 159619 260893  89313 341860  60665 242891  54273
 371636 356796 312011 121958 137680 151349  43010 198213 360914 129440
  51582 357265 384121 360914 391190 151349 289872 136626 175199 192973
 181208 360914  43010 145731  87775  52879 269798 357265 117140 330915
 268046 145557  47798 144215 360914 267324 156427 136626 242891 345243
 191811 357265 303305 310051  68431 386431 357265 274156 384160      0
 246353 178965 151349  43010 108200 207446 175199 347312 154323 116225
 179315 360914 126552 188481 179434 226326  87775 220893 387353 348917
 217390 150647  82328 384160 162064 242891 357265 258303 122134  54718
  43010 128527 279342 151349 357265 179580 269798 357265  46938 348928
 388710 262350 191056 269798 151061 358801 242891  45105 357265 248489
  54718 357411 325965 272930 360914 383355 348917 268046 177103 188103
 120508 175199  52520 231053  43010 220941 360914 357265 224573 328395
 142947 357265 286789  54718 339810  60665 145557 390138 123487 242891
 192973 264550 163745 360914  71090 308255 268046 357265 333189 357211
 132683 386494 219194 188481  43010 379445 299505 175199 313447 128527
      0 226335 268046 110542 242891  72182 242891 175199 351989 178965
 360914 357265 224573 182108 386431 193919 125119 357211 177661  52520
  71814 329853 357265 328395 192973 347312  54718  60665 227074 390138
 174642 193716 384160 192973  52520 357265 224573 218524 242891 232582
 360914 139402 386494  72182 351972 269798 357211 217787 308279  54718
 192973 346119 284154 373316  88126 357265 302292 274383 316861 318382]
