OriginalClass, 0
NewClass, 1
NumberWordsChanged, 5
WordPositions
245	246	247	248	249	
OldWordVectorPositions
[326058 290065 358159 383513 357265 251034 386431 185457 383513 200035
 108462 387695 335397 192973 302352 163745 151349 357265 187631 163745
 360914 231458 394474 112843 148269 269953 357958 185457  90548 162051
 178965  43010 361744 268046 111503 151349 357265 232536  90548 112843
 254258 270201 357958 192973  60665 251070  60665 357265 343963 192973
 387695 335397 174032 294009 359888  54718 359888  47887 357211 175199
  90548  45794 336113 386983 192973 175199 352024 358159 143219 121304
 343963  87775 259933 193919 343256  43010 164328 251034 185457 126552
 174642 360914  46704 193716 229835 239105 112843  87775 185457 146662
 357211 357265 341439 272930 281311 383513 311359 117860 185457  44787
 226278 358159 161844 141863 332239 185457 319557 177103 188481  20300
 182363 388710 133355 264424 185457 209468 358159 161844 383513 163745
 360914 163237 144971 328475  71421  97242 155345  54718 352154  91041
 382319 360914 323336 182540 251645 155499 177103  92030 192973 163745
 360914 163237  87775 177103  54718 387695 335397 264550 336113 348373
 186645 357809 170714 357265 166369  98032 357211 357265 148224 258454
 357211      0 229835 358159 191811  43010 166369 148224 368320 393334
  48262 359839 358230 383513 188481  43010  91624 111265 386473 383513
  94044  88126 178965 374252 179434 247220 283483 326058 280944 123595
 333278 344242  54718 179434 147602  43010 393301  47798 357265 111265
  54718 174695 297925 179434 198213  60665  54273  47303 137406 359839
 127449  43010 227673 224522 360914 179434  84998  72921  54273 192927
 136617 333278 249167 217909 175199 127449 277915 268046 179434 223976
 360914  43010  98970 325775 389864 256053 180671  47798 357211 175199
  71959 322776 151349 249714  90740 360914 302789 127456 175199 148441]
NewWordVectorPositions
[326058 290065 358159 383513 357265 251034 386431 185457 383513 200035
 108462 387695 335397 192973 302352 163745 151349 357265 187631 163745
 360914 231458 394474 112843 148269 269953 357958 185457  90548 162051
 178965  43010 361744 268046 111503 151349 357265 232536  90548 112843
 254258 270201 357958 192973  60665 251070  60665 357265 343963 192973
 387695 335397 174032 294009 359888  54718 359888  47887 357211 175199
  90548  45794 336113 386983 192973 175199 352024 358159 143219 121304
 343963  87775 259933 193919 343256  43010 164328 251034 185457 126552
 174642 360914  46704 193716 229835 239105 112843  87775 185457 146662
 357211 357265 341439 272930 281311 383513 311359 117860 185457  44787
 226278 358159 161844 141863 332239 185457 319557 177103 188481  20300
 182363 388710 133355 264424 185457 209468 358159 161844 383513 163745
 360914 163237 144971 328475  71421  97242 155345  54718 352154  91041
 382319 360914 323336 182540 251645 155499 177103  92030 192973 163745
 360914 163237  87775 177103  54718 387695 335397 264550 336113 348373
 186645 357809 170714 357265 166369  98032 357211 357265 148224 258454
 357211      0 229835 358159 191811  43010 166369 148224 368320 393334
  48262 359839 358230 383513 188481  43010  91624 111265 386473 383513
  94044  88126 178965 374252 179434 247220 283483 326058 280944 123595
 333278 344242  54718 179434 147602  43010 393301  47798 357265 111265
  54718 174695 297925 179434 198213  60665  54273  47303 137406 359839
 127449  43010 227673 224522 360914 179434  84998  72921  54273 192927
 136617 333278 249167 217909 175199 127449 277915 268046 179434 223976
 360914  43010  98970 325775 389864 256053 180671  47798 357211 175199
  71959 322776 151349 249714  90740 273347  92945 278326  61066 246626]
