OriginalClass, 0
NewClass, 1
NumberWordsChanged, 19
WordPositions
231	232	233	234	235	236	237	238	239	240	241	242	243	244	245	246	247	248	249	
OldWordVectorPositions
[ 43010 225289 359888  48262 188481  43010 156605 144971 144971      0
 383513  43010  82265 386886 383513 270201 368320 393334 269062 386423
 357265 271493 341677 383442 148224 383513 305007 175199 126852 305224
 148908 323392 357265 251034  87775 175199  52520 126852 305224 222138
  71895 193716 175199 126848 305224 357265 148908 341677 383442 357399
 161238 175199 164935 329469 155017 268046  45830 148024 154323 357265
 271493 325898 175199 383513 361939 394520 360914 155104  57890 182540
 338994 357211 161238 390138  71090  87775 393334 217909 175199 390138
 160418 386306 360914 358159 117874 163634 128527  60665 269953 268046
 357265  74390 161244 177661 141863 302790  56041  82218 155017 268046
  45830 148024 355616 268046 357265 148339 368133 175199 258454 360914
 106326 179434 104990 193919 264937 219705 188481 358159  82339 144715
 182540 357265 217787  45830 148016 175199 258454  54389 334222 343838
  72182 292970  54718  92687 188481 343893  54718 182540 358159  82265
 385594 151349  44608 355616 393334 373139 175199 164934 191811 105014
 366273 360914 363394 269953 128527  54718 148356  81794 193716 154323
 337266 269798 179434 127973 150202 151349  43010  66225 268046  71831
 265473 127708      0  43010 264346 187455 372265 357958 185457  91041
 307253 341677 383442  60665  43010 251034 193716 306013  44787 141950
 164328 155185  54718 230310  44608 254258  98992 357651 262350 325185
 193716 188481 254258 244950 154323 100276  76937 347283  54718 388414
 167685 373316 188481 357265 388378 254258 154060  54718 185457 390138
  86363 335970 152148  54718 291960 384373 385663 269798 182231 185457
 383513  52879 172401 337082 254258 154060 115640  86377 357387  43010
      0 364527 182387  54718 357211 325741  60665 357265 142135 379043]
NewWordVectorPositions
[ 43010 225289 359888  48262 188481  43010 156605 144971 144971      0
 383513  43010  82265 386886 383513 270201 368320 393334 269062 386423
 357265 271493 341677 383442 148224 383513 305007 175199 126852 305224
 148908 323392 357265 251034  87775 175199  52520 126852 305224 222138
  71895 193716 175199 126848 305224 357265 148908 341677 383442 357399
 161238 175199 164935 329469 155017 268046  45830 148024 154323 357265
 271493 325898 175199 383513 361939 394520 360914 155104  57890 182540
 338994 357211 161238 390138  71090  87775 393334 217909 175199 390138
 160418 386306 360914 358159 117874 163634 128527  60665 269953 268046
 357265  74390 161244 177661 141863 302790  56041  82218 155017 268046
  45830 148024 355616 268046 357265 148339 368133 175199 258454 360914
 106326 179434 104990 193919 264937 219705 188481 358159  82339 144715
 182540 357265 217787  45830 148016 175199 258454  54389 334222 343838
  72182 292970  54718  92687 188481 343893  54718 182540 358159  82265
 385594 151349  44608 355616 393334 373139 175199 164934 191811 105014
 366273 360914 363394 269953 128527  54718 148356  81794 193716 154323
 337266 269798 179434 127973 150202 151349  43010  66225 268046  71831
 265473 127708      0  43010 264346 187455 372265 357958 185457  91041
 307253 341677 383442  60665  43010 251034 193716 306013  44787 141950
 164328 155185  54718 230310  44608 254258  98992 357651 262350 325185
 193716 188481 254258 244950 154323 100276  76937 347283  54718 388414
 167685 373316 188481 357265 388378 254258 154060  54718 185457 390138
  86363 335970 152148  54718 291960 384373 385663 269798 182231 185457
 383513 109426 248568 315173 322086 399964 307315 179037 217690 327892
 269132 362916 359267 210549 365349 352589 359620 375225 225204  89629]
