OriginalClass, 0
NewClass, 1
NumberWordsChanged, 28
WordPositions
222	223	224	225	226	227	228	229	230	231	232	233	234	235	236	237	238	239	240	241	242	243	244	245	246	247	248	249	
OldWordVectorPositions
[317580 188481  74651 317286 153003  54718  91568 110501 368320 268046
 339251 363447 166402 278085 192973 358159 377945 113894 148224  44608
 383134  54718 357265 133907 193716 174032 269798 337258 280944 357809
 158482 178965  43010 169107 341860 339251 363446  54718 152979 361773
 188481 357265 270201 148224 357809 141863 229835 361189  54718 162224
 159864  60665 357265 389400 386886 226345 357387  81562 363446  54718
 361773  58997  43010 110481 268046 389937 383134 185457 128821 361773
 192973  43010 384382  97014 386886  52261 163634 273428 357265 178828
 188481  80763  90376  87775 363446 343846 178965 363446 192973 343256
 286442 357265 226268  78604 394533 382663  71850 368668 357211 242722
 138136 151349 178965 386423 357809 331399 178965  64331 154323 152660
 273428  62065 357265 154357 361773 160457  54273 270806  54718 351989
 193716 386423 131142  43010 147967 175199 232582 360914 160418 360914
  43010 100707 363097 357211 280051 128527 269798  43010 160117 229430
 169107 259380 177661 219111 360914 329608  88126 264937  54718 175199
 126848  43010 325481 394336  87775  52851  88542 394336 383513 259914
  96728  88126 357265 383134 357265 384121 361773 174032 390146 188481
 357265 147967 361773      0  62065  43010 182108 388710 162224 159864
 225644 272930 151349 178965 363446 163634  64394 179018 360914 379798
 179434 275489  54718 175199  54718 159864 160418 337301 163745 217909
 269798 386423 363446 192973 305946 246283 188481  45830 361773  54718
 159864 235215 363447  84728 386423 175199 105678  65680  54718 219119
 268046 357265 235187  87775 351989 333080 188481 344667 357265 306581
 268046 357265 148224 192973 118271 388710 361773  57856 357265 357265
 383492 333816 177661 219111 360914 357265 157368 363450 177661  43010]
NewWordVectorPositions
[317580 188481  74651 317286 153003  54718  91568 110501 368320 268046
 339251 363447 166402 278085 192973 358159 377945 113894 148224  44608
 383134  54718 357265 133907 193716 174032 269798 337258 280944 357809
 158482 178965  43010 169107 341860 339251 363446  54718 152979 361773
 188481 357265 270201 148224 357809 141863 229835 361189  54718 162224
 159864  60665 357265 389400 386886 226345 357387  81562 363446  54718
 361773  58997  43010 110481 268046 389937 383134 185457 128821 361773
 192973  43010 384382  97014 386886  52261 163634 273428 357265 178828
 188481  80763  90376  87775 363446 343846 178965 363446 192973 343256
 286442 357265 226268  78604 394533 382663  71850 368668 357211 242722
 138136 151349 178965 386423 357809 331399 178965  64331 154323 152660
 273428  62065 357265 154357 361773 160457  54273 270806  54718 351989
 193716 386423 131142  43010 147967 175199 232582 360914 160418 360914
  43010 100707 363097 357211 280051 128527 269798  43010 160117 229430
 169107 259380 177661 219111 360914 329608  88126 264937  54718 175199
 126848  43010 325481 394336  87775  52851  88542 394336 383513 259914
  96728  88126 357265 383134 357265 384121 361773 174032 390146 188481
 357265 147967 361773      0  62065  43010 182108 388710 162224 159864
 225644 272930 151349 178965 363446 163634  64394 179018 360914 379798
 179434 275489  54718 175199  54718 159864 160418 337301 163745 217909
 269798 386423 363446 192973 305946 246283 188481  45830 361773  54718
 159864 235215 363447  84728 386423 175199 105678  65680  54718 219119
 268046 357265 180916 212241  94063  94266 253003 319984 268385 334488
 269807 365121 212139 137820 329620  98897 393810 265345 312667 118298
 307067  48002  90736 319418 328825 396110 111803  81965 233889  86732]
