OriginalClass, 0
NewClass, 0
NumberWordsChanged, 35
WordPositions
215	216	217	218	219	220	221	222	223	224	225	226	227	228	229	230	231	232	233	234	235	236	237	238	239	240	241	242	243	244	245	246	247	248	249	
OldWordVectorPositions
[185457  64174 383752 358159 148224 151349 357265 225410 359888 225289
  71895 193716 383513 141816 305007 185457 170714 125417 193716  60665
  54273 273712 273531 273758 310885 284318 268046 180682 320911  54718
 185457 383071 264612 360914 126552 388710 193716 185457 259914 383743
 193716 188481 357265 357292 185457 329601 254258 175207 188481 124962
  62065 357265   6765  44995  64316 141816 358461 185457 170714 259914
 323431 193716 357411 185457 383513  61273 360914  71090  43010 199376
  62065  43010 178401 321159 294743 338966 108088 269953 268046 357265
 161859 339870  44608 358159 251034 193716 383513 336113 166369 327863
 315709 394474 302352 146662 222471 394474 385663 269798 357265 329045
 263767 185457 358463 185457 327488 254258 146353 388710 254258 146627
 199383 269953 225639  62065 239105  54718 315709 394474 243977  71090
 308561  87775 186645 327863 222477 357265 251034 357211 251645 237426
 328140 383067 360914 219109 249714  44608 357265 302292 360550 357265
 251034 253767 174642 127491 337301 308561 360914 160418 177103 336113
 191289 385217 237426 358463 185457 357411 193716 148356  57718 269798
 279284 367966 268745 185457 358463 187377 162051 193716  43010 225629
 323336 185457 123557 383067 360914 222471 193716  54718 185457 123557
 185457 226298 193716 386306  43010 166369 251034 386431 360914 341874
 148908 357265 124747 254258 178401 321159 294743 338966 108090 383513
 308561 195355  90285 126848  43010 347755 198213 268046 111453  54273
  52261 394474  58997 357639 368668 268046  62462 357265 156391 268046
 222138  44531 357265 250392 135271 329045 188481 357265 389937 357265
 263493  60665 260141 268046 357265 186074 148908 340213 357411 357265
 309173 325007 268046 276467 394474 127708 200035 383735 193716 394474]
NewWordVectorPositions
[185457  64174 383752 358159 148224 151349 357265 225410 359888 225289
  71895 193716 383513 141816 305007 185457 170714 125417 193716  60665
  54273 273712 273531 273758 310885 284318 268046 180682 320911  54718
 185457 383071 264612 360914 126552 388710 193716 185457 259914 383743
 193716 188481 357265 357292 185457 329601 254258 175207 188481 124962
  62065 357265   6765  44995  64316 141816 358461 185457 170714 259914
 323431 193716 357411 185457 383513  61273 360914  71090  43010 199376
  62065  43010 178401 321159 294743 338966 108088 269953 268046 357265
 161859 339870  44608 358159 251034 193716 383513 336113 166369 327863
 315709 394474 302352 146662 222471 394474 385663 269798 357265 329045
 263767 185457 358463 185457 327488 254258 146353 388710 254258 146627
 199383 269953 225639  62065 239105  54718 315709 394474 243977  71090
 308561  87775 186645 327863 222477 357265 251034 357211 251645 237426
 328140 383067 360914 219109 249714  44608 357265 302292 360550 357265
 251034 253767 174642 127491 337301 308561 360914 160418 177103 336113
 191289 385217 237426 358463 185457 357411 193716 148356  57718 269798
 279284 367966 268745 185457 358463 187377 162051 193716  43010 225629
 323336 185457 123557 383067 360914 222471 193716  54718 185457 123557
 185457 226298 193716 386306  43010 166369 251034 386431 360914 341874
 148908 357265 124747 254258 178401 321159 294743 338966 108090 383513
 308561 195355  90285 126848  43010 347755 198213 268046 111453  54273
  52261 394474  58997 357639 368668 152350 365683 291479 308217 373492
 365217 209118 225242 173970 330820 302679 108251 254251 152831 300452
 349756 351929  58782  61977 156255 393197 332471 349516 230207 206276
 279659 242079 245093 210143  84763  72003 124840 276591  85989 247017]
