OriginalClass, 0
NewClass, 1
NumberWordsChanged, 1
WordPositions
249	
OldWordVectorPositions
[ 47798 323392 357265 363575 151349 141830 394474 387695 292769 148908
 357969  44608 182540 166369 357265  93265 192973 192214 185457 239170
 357809 141816 164934 310203 181900 274148  82572  69399  81505 360914
 329973 357265 389937 175199 192973 343256  45815  54718 357265 260309
 323024  44608 182540 357809 200035 329998 374020 357265 137937 251034
 386494 264550 137938 366080 357265 148224 192973 292006 251645 347249
 260763 188481 357265 363575  54718 357211 193408 258302  43010  65963
 357958 358159 192973  43010 343963  44608  43010 131629 389400 386886
 192973 305226  43010 359888 377945 225289  48262 386423 327863 241974
 357265 226278 268046 177103      0 269953 357211 164934  64331 177103
 117634 175425 177103 305269  44608 280944 357809 174642 259914 175426
 268046  54718 357265 343963 268046 386306 173063 386423 327863  54718
 173785 207441  86062 337661 286468 272930 262350 236860 386306 173067
 358461 357265 148224 192973 264550  44608 357760 280944  54718 386306
 357809 126552 164328 270970  65963 193716 192973  43010 376846 360914
 329973 357211 357639  58997 262350 246353 188481 222138 386306 237383
  71090 304335 110156 188481 143954  71090 357265 269953 190734 188481
 394564 222138 357211 258454 360914 267452 188481 271173 151349 357265
 164328 359970 357211 151050 360914 141863 173061 357265 343963 193923
 192973 260763 361391  54718 377945 267359  46130 154323 223718 272881
 148260 177231 118742 360914 355344 357265 343963  88126 191255  74651
 357265 291753  55727 269798 177103 118343      0  55727 171884  88126
 105593 357265 291753 388710 357265 278468 188481 177103 244950  54718
 357265 278468  55727 239792 173785  62065 177103  74390 154060 384637
 357639  58997  43010 147468 359970 386431 357265 114238  58997  43010]
NewWordVectorPositions
[ 47798 323392 357265 363575 151349 141830 394474 387695 292769 148908
 357969  44608 182540 166369 357265  93265 192973 192214 185457 239170
 357809 141816 164934 310203 181900 274148  82572  69399  81505 360914
 329973 357265 389937 175199 192973 343256  45815  54718 357265 260309
 323024  44608 182540 357809 200035 329998 374020 357265 137937 251034
 386494 264550 137938 366080 357265 148224 192973 292006 251645 347249
 260763 188481 357265 363575  54718 357211 193408 258302  43010  65963
 357958 358159 192973  43010 343963  44608  43010 131629 389400 386886
 192973 305226  43010 359888 377945 225289  48262 386423 327863 241974
 357265 226278 268046 177103      0 269953 357211 164934  64331 177103
 117634 175425 177103 305269  44608 280944 357809 174642 259914 175426
 268046  54718 357265 343963 268046 386306 173063 386423 327863  54718
 173785 207441  86062 337661 286468 272930 262350 236860 386306 173067
 358461 357265 148224 192973 264550  44608 357760 280944  54718 386306
 357809 126552 164328 270970  65963 193716 192973  43010 376846 360914
 329973 357211 357639  58997 262350 246353 188481 222138 386306 237383
  71090 304335 110156 188481 143954  71090 357265 269953 190734 188481
 394564 222138 357211 258454 360914 267452 188481 271173 151349 357265
 164328 359970 357211 151050 360914 141863 173061 357265 343963 193923
 192973 260763 361391  54718 377945 267359  46130 154323 223718 272881
 148260 177231 118742 360914 355344 357265 343963  88126 191255  74651
 357265 291753  55727 269798 177103 118343      0  55727 171884  88126
 105593 357265 291753 388710 357265 278468 188481 177103 244950  54718
 357265 278468  55727 239792 173785  62065 177103  74390 154060 384637
 357639  58997  43010 147468 359970 386431 357265 114238  58997 218514]
