OriginalClass, 0
NewClass, 0
NumberWordsChanged, 35
WordPositions
215	216	217	218	219	220	221	222	223	224	225	226	227	228	229	230	231	232	233	234	235	236	237	238	239	240	241	242	243	244	245	246	247	248	249	
OldWordVectorPositions
[ 43010 121202 336297 106917 365195 268074 357265  93639  54273 188318
 161758 174032 137041 373316 188481 357265 169690  87775 343256 174032
  54273  45315 373316 177103 334587  71425  54718 394596      0  43010
      0 158016 342051 355669 386886 174032  71814 160466 269798 188481
 393334 284202 177103 373316 154323 357265 344501  54718 268194 177103
  71602  54718 180883 361189 388710 179434 103286  47490  87775 357265
 283877 107971 357211 161758 192973 264937 142944 360914 270201 162064
 177103 146353 268046 125255  54718 107623 327863 126848 264550 323336
  43010  73099 188481 178965  87775  43010 362432 386919 327863 174032
 360914 160418 308255 268046 357265  60093 268046 161659  43010 394520
 244015 389864 148356 294049 177103 357265      0 270806  54718 394474
 127708 174642 360914  61257 177103 368207  62065 357265 377945 148908
 136925 327863 162064 178965 357265 146352 268046  72182 283880 121874
  54718  43010 223830 217909 327863 220930 178965 323319 177103 388755
 268190  57170 306409 357265 122462 278075 174032 360914 345992 360914
 357265 344657 313201 129098 373316  88126 161758 358461      0 393331
 151349 153510 192973 348237 179434 121872 360914 219178 357265 285908
 388710 161758  54718 341874  43010 259972 222138 144971  64331 154323
 357265 145651 192973 295706  61214 161758  49003  62065  56041 163265
 360914 160418      0 207441 360914 190097  54718 188481  46223 360914
 357211 360914 104979 357265 190889 291557 188481 177103 172635 161659
 119503 191811  43010      0 361958  72182 106329  62065 357265 241325
 268046 358159 389400 175199 367700 191811  43010 104786 207446  87775
 188481 108256 360914 161758 175199 297580 357265 105961 111836 269798
  43010 249568 221115 357265 377945 352024 273428 268046      0 285908]
NewWordVectorPositions
[ 43010 121202 336297 106917 365195 268074 357265  93639  54273 188318
 161758 174032 137041 373316 188481 357265 169690  87775 343256 174032
  54273  45315 373316 177103 334587  71425  54718 394596      0  43010
      0 158016 342051 355669 386886 174032  71814 160466 269798 188481
 393334 284202 177103 373316 154323 357265 344501  54718 268194 177103
  71602  54718 180883 361189 388710 179434 103286  47490  87775 357265
 283877 107971 357211 161758 192973 264937 142944 360914 270201 162064
 177103 146353 268046 125255  54718 107623 327863 126848 264550 323336
  43010  73099 188481 178965  87775  43010 362432 386919 327863 174032
 360914 160418 308255 268046 357265  60093 268046 161659  43010 394520
 244015 389864 148356 294049 177103 357265      0 270806  54718 394474
 127708 174642 360914  61257 177103 368207  62065 357265 377945 148908
 136925 327863 162064 178965 357265 146352 268046  72182 283880 121874
  54718  43010 223830 217909 327863 220930 178965 323319 177103 388755
 268190  57170 306409 357265 122462 278075 174032 360914 345992 360914
 357265 344657 313201 129098 373316  88126 161758 358461      0 393331
 151349 153510 192973 348237 179434 121872 360914 219178 357265 285908
 388710 161758  54718 341874  43010 259972 222138 144971  64331 154323
 357265 145651 192973 295706  61214 161758  49003  62065  56041 163265
 360914 160418      0 207441 360914 190097  54718 188481  46223 360914
 357211 360914 104979 357265 190889 291557 188481 177103 172635 161659
 119503 191811  43010      0 361958  93611 186017 242893  97831  46232
 165273 178183 257415 157844 146371 380173 273197 140402 183914 140722
 119720 313395 203588 162833 102847 329368  64691 241399 100898  53326
 360679 106845 210246 377956  59593 363330 397433 281478 235955 245443]
