OriginalClass, 0
NewClass, 0
NumberWordsChanged, 35
WordPositions
215	216	217	218	219	220	221	222	223	224	225	226	227	228	229	230	231	232	233	234	235	236	237	238	239	240	241	242	243	244	245	246	247	248	249	
OldWordVectorPositions
[182540 360914 225942 154060  51369 280944 192973 188481  51582 181211
 269953 268046 357265  74390 105645 194101 323431 358159 393301  52318
 388710 284939 142967  54718 342772  85005 193919 264550 269953 268046
 358451 167494 272930 105645 357211 175594 305056 269798 145327 198520
  54718 361256 183993  87775 190756 251030  62065  54273  47473 274756
  54718 394474 387695  71090 132569  62633 360914 357265 371780 256745
 332065 280096 255728 193716 188481 357265 104472 388710 179434 178764
 289254 268046  43010      0  97014  54718 192973 297656 122125 179018
 154323 357265 365437 175199 269889  72761 360914  65680 188481 137421
 357265 272583 368320 390138  71090 260823 154452  54718 133472 390367
 160466 394572 188481 357265 362049 268046 357265 180682 151204  96165
 192973  43010 173236 357958 360914 126552  60665 384373  90548 102496
 323336 388710 280096 179434 148908 194558  62065 357265 218947 310672
 383513 117720      0 105647 313329 145553 313329  87775 193716 302790
 227409 307261 154323 112062  54718  62980  51409 179434 323024 366253
 192973 358159 251034 164934 144304 289384 307261 154323 357265 231371
  87775 383513  43010 150221 188481 357265  82218 268206 185457 151349
 269953 343256 174666 225979 144351 188481 178965  54718 187377 343256
  71090 357639 386425 175199 383080 360914 351934 357211 358028 329853
 151349 162861 272583  97035 385663 385217  93265 154323 196660  83989
 360914 116827 184479  54718 161462  54803 348535 208310 130923 188481
 254258 270692 145055 385217 188481 358159 251034  60665 357265 226278
  55283 360914 280103  97014 182573 357265 338798 357211 185457 319557
 188481 191737 388710 357265 375679 192973 343256 225979 327863 258481
 360914 148427 193716 145460 270970 327863 243977 346592 357265 107617]
NewWordVectorPositions
[182540 360914 225942 154060  51369 280944 192973 188481  51582 181211
 269953 268046 357265  74390 105645 194101 323431 358159 393301  52318
 388710 284939 142967  54718 342772  85005 193919 264550 269953 268046
 358451 167494 272930 105645 357211 175594 305056 269798 145327 198520
  54718 361256 183993  87775 190756 251030  62065  54273  47473 274756
  54718 394474 387695  71090 132569  62633 360914 357265 371780 256745
 332065 280096 255728 193716 188481 357265 104472 388710 179434 178764
 289254 268046  43010      0  97014  54718 192973 297656 122125 179018
 154323 357265 365437 175199 269889  72761 360914  65680 188481 137421
 357265 272583 368320 390138  71090 260823 154452  54718 133472 390367
 160466 394572 188481 357265 362049 268046 357265 180682 151204  96165
 192973  43010 173236 357958 360914 126552  60665 384373  90548 102496
 323336 388710 280096 179434 148908 194558  62065 357265 218947 310672
 383513 117720      0 105647 313329 145553 313329  87775 193716 302790
 227409 307261 154323 112062  54718  62980  51409 179434 323024 366253
 192973 358159 251034 164934 144304 289384 307261 154323 357265 231371
  87775 383513  43010 150221 188481 357265  82218 268206 185457 151349
 269953 343256 174666 225979 144351 188481 178965  54718 187377 343256
  71090 357639 386425 175199 383080 360914 351934 357211 358028 329853
 151349 162861 272583  97035 385663 385217  93265 154323 196660  83989
 360914 116827 184479  54718 161462  54803 348535 208310 130923 188481
 254258 270692 145055 385217 188481  94686 389309 398099 183859 279747
  85507 184001 123788 146186 123742 222056 359324 261431  93088 234315
 155915 220778 246610 296443 136114 304096 328553 141798 217971 252515
 221050 110133 215290 181156 363833  59559 157373 114639 252268 215062]
