OriginalClass, 0
NewClass, 0
NumberWordsChanged, 35
WordPositions
215	216	217	218	219	220	221	222	223	224	225	226	227	228	229	230	231	232	233	234	235	236	237	238	239	240	241	242	243	244	245	246	247	248	249	
OldWordVectorPositions
[188951 126747  91591  51582 357265 153792  96891  54718 246031 386473
 225658 273428 266107 269798 357211 145560 249942 268046 325250   8168
 191039 281915  54718 106329 309442  41466 192973 281353 357265 166402
 126747 141863 229835  88126  45129 386473 207715 268046 162064 193716
  54273 141816 166401  57708 373316 373139 357211 249942 148260 161173
  54718 199573 257366 170714  71814 151061  59937  43010 259972 394336
 148790 354460 106696 339034 269798 269953 259972 303209 188481  43010
 223830 284318 357809 385663 329620 118271 388710 357265 308660 363600
 360914  71585  43010 148813 272930 388710 357265 354460 357211 249942
 148255 393704  56041 332119 312171 102469 199573 222251 179434  90266
 373316 360914 357265 334110 200035 188481 359888 360914 303140 269953
 268046 357265 270201 209675 187656 268046 357265 148908 286068 179665
 357265 389937 363450  95187  54718 154323 357639  43010 332119 126747
 383513 262350 249714 378766  58997 162058  43010 148908 172466  45230
 268046 386306 193716 383513 222471 360914  71090 188481  54718  59937
 167570 396798  60665 357265  53201 167631 268046 148791  54718 269953
 293111  74741  90268  62696 360914 257532 358159 124942 388755 177698
 257366 151063 357760  63654 293174 177443 191811 357265 363097 386494
 193919 137937 348214 112736  59937 357387 357265 301369 146098 268046
  54273 372321 188103 127774 227817 388710 249714 378206 357411  57170
 147721 292986 110156 141863 145602  60665 384373 383735 220815  54718
 220815  71585  62974  54718 379781 151349 358451 364228 190592 258200
  60665 240743 192973 269089  84998 161174  90735  91593 268046  54273
 137937 101722 188481 357265 358792 268046  43010 217469  54718 249714
 275987 146098 357411  57189 357809 170714 104993 388779  88126 357265]
NewWordVectorPositions
[188951 126747  91591  51582 357265 153792  96891  54718 246031 386473
 225658 273428 266107 269798 357211 145560 249942 268046 325250   8168
 191039 281915  54718 106329 309442  41466 192973 281353 357265 166402
 126747 141863 229835  88126  45129 386473 207715 268046 162064 193716
  54273 141816 166401  57708 373316 373139 357211 249942 148260 161173
  54718 199573 257366 170714  71814 151061  59937  43010 259972 394336
 148790 354460 106696 339034 269798 269953 259972 303209 188481  43010
 223830 284318 357809 385663 329620 118271 388710 357265 308660 363600
 360914  71585  43010 148813 272930 388710 357265 354460 357211 249942
 148255 393704  56041 332119 312171 102469 199573 222251 179434  90266
 373316 360914 357265 334110 200035 188481 359888 360914 303140 269953
 268046 357265 270201 209675 187656 268046 357265 148908 286068 179665
 357265 389937 363450  95187  54718 154323 357639  43010 332119 126747
 383513 262350 249714 378766  58997 162058  43010 148908 172466  45230
 268046 386306 193716 383513 222471 360914  71090 188481  54718  59937
 167570 396798  60665 357265  53201 167631 268046 148791  54718 269953
 293111  74741  90268  62696 360914 257532 358159 124942 388755 177698
 257366 151063 357760  63654 293174 177443 191811 357265 363097 386494
 193919 137937 348214 112736  59937 357387 357265 301369 146098 268046
  54273 372321 188103 127774 227817 388710 249714 378206 357411  57170
 147721 292986 110156 141863 145602  60665 384373 383735 220815  54718
 220815  71585  62974  54718 379781 375974  72948 123381 206494  76151
 237166 218229 380690 220242 148647 123442 310925 112684 100081 237641
 210186 213026 229346  55806 337613 133776 309290 157439  87792 333091
  47956 300526 317982 233596 338542 147661 149586 233751 314354 107549]
