OriginalClass, 0
NewClass, 0
NumberWordsChanged, 35
WordPositions
215	216	217	218	219	220	221	222	223	224	225	226	227	228	229	230	231	232	233	234	235	236	237	238	239	240	241	242	243	244	245	246	247	248	249	
OldWordVectorPositions
[358159 192973  54273  44617  63975 194706  96588 150004 130319 360914
 357265 144908 148340  54718 166369 183993 182573 272583 357411 357211
 193919 264612 338994  51582 357265  97035  58997 292006 108564  54718
 357265 148224 192973 137887 358808 286963 194706  96588 192973 332147
  53201 188481 358159 194706  54718      0  96588 170714 144908  98032
 361189  54718  58997  81562 377945 155345  54718 185457 358463 357265
 231068 270771 225639 302352 240800 182573 357265 130069 383513 332147
 356325 357265  97014 122455 192973  44617  63975 151349 358159 337917
 268046 357958  54718 357265 231068 147967 192973 332147 144908 286963
 337258 268046 357265  86746 194706 351989 188481 358159 269953  58997
 173833 357639 192973  43010 225985 268046 302352 331755  54718 164457
 183993 188481 358159  87775 193716  54219 239105  54718 357265 137073
 192973 178764 286963  51582 357265  97035  58997 297928 222467 193919
 292006  97698 225644  87775 159426 377945 385217 229835  54718 386494
 193716 126848 264550 174642 357265  53974 268046 147978 394474 390138
 142750 154323  43010 194706  96588 150004 193716 126848 137680 360914
 204679 394474 383752 286963 269953 268046 254258 145839 248245 188481
 358159 148224 192973 386423 194706 128875  54718      0      0  58997
 286442  59937 388710  43010 308502  54718 193716 163634 268074 358159
 192973  54273  44617  63975 194706  96588 150004 130319 360914 357265
 144908 148340  54718 166369 183993 182573 272583 357411 357211 193919
 264612 166369 343256 193919 385217 390092 357265 383735 357265 124748
 192973 164328 194706  96588 126848  43010 164328 198213 177231 388710
 336967  90266 389835 144908  55288  54718 204683 357265 148224  62065
  43010 145460 274756 151349 357265 250392 277915 357265  45815 192973]
NewWordVectorPositions
[358159 192973  54273  44617  63975 194706  96588 150004 130319 360914
 357265 144908 148340  54718 166369 183993 182573 272583 357411 357211
 193919 264612 338994  51582 357265  97035  58997 292006 108564  54718
 357265 148224 192973 137887 358808 286963 194706  96588 192973 332147
  53201 188481 358159 194706  54718      0  96588 170714 144908  98032
 361189  54718  58997  81562 377945 155345  54718 185457 358463 357265
 231068 270771 225639 302352 240800 182573 357265 130069 383513 332147
 356325 357265  97014 122455 192973  44617  63975 151349 358159 337917
 268046 357958  54718 357265 231068 147967 192973 332147 144908 286963
 337258 268046 357265  86746 194706 351989 188481 358159 269953  58997
 173833 357639 192973  43010 225985 268046 302352 331755  54718 164457
 183993 188481 358159  87775 193716  54219 239105  54718 357265 137073
 192973 178764 286963  51582 357265  97035  58997 297928 222467 193919
 292006  97698 225644  87775 159426 377945 385217 229835  54718 386494
 193716 126848 264550 174642 357265  53974 268046 147978 394474 390138
 142750 154323  43010 194706  96588 150004 193716 126848 137680 360914
 204679 394474 383752 286963 269953 268046 254258 145839 248245 188481
 358159 148224 192973 386423 194706 128875  54718      0      0  58997
 286442  59937 388710  43010 308502  54718 193716 163634 268074 358159
 192973  54273  44617  63975 194706  96588 150004 130319 360914 357265
 144908 148340  54718 166369 183993 182573 272583 357411 357211 193919
 264612 166369 343256 193919 385217 239829 209732 259769 372360 119665
 282084  93778  51690 248756 259563 203183 220750 123811 163539  97787
 277448  66242 191443 100999 308147 224332  74917  87793 161101  97608
 339586 335374 119103 287086 327026 208346 221144  50594 260266 253504]
