OriginalClass, 0
NewClass, 0
NumberWordsChanged, 35
WordPositions
215	216	217	218	219	220	221	222	223	224	225	226	227	228	229	230	231	232	233	234	235	236	237	238	239	240	241	242	243	244	245	246	247	248	249	
OldWordVectorPositions
[272930 268046  51582 357265 292372 343906 125431 174032 295763 272930
 357639 101257 292769 174032 357265 250392 137202  57708 185457  91041
 302352 319690 386983  87775 151349 337258 302476 159439  47798 159439
 358851 177103 360914 357265 362049 268046 357353 223663  60665  43010
 223830 161844 185457 383071 264612 249714 357108 360914  71090 101257
 388710 177103 162321 334753 193716 383513 254258  44786 145839 109971
 181209 185457 127708 357969 357639 192973  57170 343963 357211 249714
 302345 357265 225457 268046 357265 183848 175449 357108 101257 386886
 174032 259914 383071 360914 313329  64331 154323 357265      0 268046
 115975 222138  54718 148427 337266 386886 323449 394474  60665 262350
 269953 135869 141863 170714 357265 343963 192973 269089 357108 357265
 137444 217055  54718 337262 193716 343256 308945 366080  60665 151349
 357265  97035 186645 264612 135869 125431  90548 231458  43010 389449
 379055 215685 364642 192973 141999 360914 357265 350783 188481  43010
 389450  89636 264550 273979 283877 384121 177103 114253 361835  54718
 143346 126552 357265 389835 151349 177103 327863 126852 258451 341159
 268046 222327 360914 344694 146098 191811 394564 175449 357265  55539
 154060 355692 360914 166128 139731 357211 186468 169529 185457 390138
 174642  97847 170714 175199 241974 179434 145557 188481      0 196227
 101257 177555 383513 262350 295723 231552 337258 200074  93934 305187
  62065 359970 182573 327863 200035 215508 357265 129440 360914 231458
 177103 137938 350026 348373 327863 383513 260760  54718 146211  55549
  87775 386306 383513 204683 177103  62065 357211 285908 384373 259914
 209645 141816 186645 327863 270201  71488  43010 230967 188481  56041
 182387  62065 219145 328475  71090 160466 275271  54718 174642  43010]
NewWordVectorPositions
[272930 268046  51582 357265 292372 343906 125431 174032 295763 272930
 357639 101257 292769 174032 357265 250392 137202  57708 185457  91041
 302352 319690 386983  87775 151349 337258 302476 159439  47798 159439
 358851 177103 360914 357265 362049 268046 357353 223663  60665  43010
 223830 161844 185457 383071 264612 249714 357108 360914  71090 101257
 388710 177103 162321 334753 193716 383513 254258  44786 145839 109971
 181209 185457 127708 357969 357639 192973  57170 343963 357211 249714
 302345 357265 225457 268046 357265 183848 175449 357108 101257 386886
 174032 259914 383071 360914 313329  64331 154323 357265      0 268046
 115975 222138  54718 148427 337266 386886 323449 394474  60665 262350
 269953 135869 141863 170714 357265 343963 192973 269089 357108 357265
 137444 217055  54718 337262 193716 343256 308945 366080  60665 151349
 357265  97035 186645 264612 135869 125431  90548 231458  43010 389449
 379055 215685 364642 192973 141999 360914 357265 350783 188481  43010
 389450  89636 264550 273979 283877 384121 177103 114253 361835  54718
 143346 126552 357265 389835 151349 177103 327863 126852 258451 341159
 268046 222327 360914 344694 146098 191811 394564 175449 357265  55539
 154060 355692 360914 166128 139731 357211 186468 169529 185457 390138
 174642  97847 170714 175199 241974 179434 145557 188481      0 196227
 101257 177555 383513 262350 295723 231552 337258 200074  93934 305187
  62065 359970 182573 327863 200035 215508 357265 129440 360914 231458
 177103 137938 350026 348373 327863  97000 312651 296061 245983 134396
 287228 146315 203994 380875 303456  92510 354145 279574 238549 392034
 164450 265871 349380 387732 130596 297445  91543 202584 164223 184043
 210640 105813 213235 208340 219072 336987 335394 201374 135070 241333]
