OriginalClass, 0
NewClass, 1
NumberWordsChanged, 23
WordPositions
227	228	229	230	231	232	233	234	235	236	237	238	239	240	241	242	243	244	245	246	247	248	249	
OldWordVectorPositions
[358461 358159 251034 174032  43010 148908 300964 311723 268046 148444
  45905 338994 133907 357211  58997 142331  54718  43010 343963 222946
 357211 192973 155017 268046 348533 193716 383632 284154 373316 151349
 345174 125818  54718 385594 124758 360914 131420 281353 193716 108008
 361939 251645      0 151407 189825 270970 281353 193716 192973 200106
 269953 361939 233708  45830 150015 305007 131142  43010 162985  87775
 386314 357265 302476 357265  75774 322183 246267 357265 270806 152161
 357265 259972 106706 268046 305011 124729 360914 131420  52074 374020
 360914 137548 193716 357265 357397 192973 269062 311171 305949 371088
  54273 190316 101449 268046 108858 357211  58997 109587 188481 358159
  93018 357265 153242 148908 306549  61569  54718 351266 354460  43010
 167631 268046 385217 363593 287770 111449 360914 102436 373316 357265
 254615 101722 268046 133573 154323 193919 226394 287479 268046 111836
 129721 293767 140213 389882 371249 357265 355590 268046 287220 357265
 107130 164419  54718 248489 294033 361939 251645 268046  54273 270806
  54718 264937  10741 393334  47798 193919 151761 153242 192973 306556
 151349 253218 129696 363522 356385 190361 280944 140213 357265 218947
 126864 192973      0 131641 238317 386886 231492  43010 356339 302292
 157368  54718 179434 278070 299034 119092 224189 108564 194437 141816
 249714  86214 357108 374385  54718 294075 175199  90548  71090  43010
 325033  45893 305949 287942 200062 359864  93666 388017 268046  43010
  65963 246350  54718 305954 179434 357606 268046 153277  54718 109593
 360914 179434 276883  81440  61029 357265  52879 305041 148444 249790
 153557 165576 287629 108463  61029  54718 346119 382663 205814 338621
  52520  43010 107701 148444  97014  45893  54718 357809  48831 287942]
NewWordVectorPositions
[358461 358159 251034 174032  43010 148908 300964 311723 268046 148444
  45905 338994 133907 357211  58997 142331  54718  43010 343963 222946
 357211 192973 155017 268046 348533 193716 383632 284154 373316 151349
 345174 125818  54718 385594 124758 360914 131420 281353 193716 108008
 361939 251645      0 151407 189825 270970 281353 193716 192973 200106
 269953 361939 233708  45830 150015 305007 131142  43010 162985  87775
 386314 357265 302476 357265  75774 322183 246267 357265 270806 152161
 357265 259972 106706 268046 305011 124729 360914 131420  52074 374020
 360914 137548 193716 357265 357397 192973 269062 311171 305949 371088
  54273 190316 101449 268046 108858 357211  58997 109587 188481 358159
  93018 357265 153242 148908 306549  61569  54718 351266 354460  43010
 167631 268046 385217 363593 287770 111449 360914 102436 373316 357265
 254615 101722 268046 133573 154323 193919 226394 287479 268046 111836
 129721 293767 140213 389882 371249 357265 355590 268046 287220 357265
 107130 164419  54718 248489 294033 361939 251645 268046  54273 270806
  54718 264937  10741 393334  47798 193919 151761 153242 192973 306556
 151349 253218 129696 363522 356385 190361 280944 140213 357265 218947
 126864 192973      0 131641 238317 386886 231492  43010 356339 302292
 157368  54718 179434 278070 299034 119092 224189 108564 194437 141816
 249714  86214 357108 374385  54718 294075 175199  90548  71090  43010
 325033  45893 305949 287942 200062 359864  93666 388017 268046  43010
  65963 246350  54718 305954 179434 357606 268046 153277  54718 109593
 360914 179434 276883  81440  61029 357265  52879  53737  99887 304502
 179884 225495  96139 187306 271168 178691 334174 143437 391103 343631
 112428 228465 276501 348726 266173 196900 298358 346575 305036 231930]
