OriginalClass, 0
NewClass, 0
NumberWordsChanged, 35
WordPositions
215	216	217	218	219	220	221	222	223	224	225	226	227	228	229	230	231	232	233	234	235	236	237	238	239	240	241	242	243	244	245	246	247	248	249	
OldWordVectorPositions
[ 47798 138749 254258 358472 258200      0 359970 357639 192973  43010
 146352 357211 185457  90548 264937 107525 358159 307253 151349 357265
 106337 153730 128966 302207 254258 223422 174695 390449 273428 149239
 184067 307261 185457 174642 259914 152393 254554  62065 346372  43010
 225967 268046 389822  60665 185457 123517 388710 124763 194798      0
 346236 393704 190699 226278 343963 358463 383513 290075 273428 386306
 383513 226298  54718 174341  44608 358159 148224  54718 386494 357265
 226345 273803 193716 383513 357265 135310 357211 385663 174341 357211
 338805 155499 118409 388746 254258 244950 302207 254258 223422 192973
  43010 128966 360914  71090 249714 291186 192973  43010  97014 129453
 128966 386473 155562 336297 370907 388710 111836 225814 388710 357265
 127054 268046 141944 268206 389835 177231 192973 386431 358159 307253
  71959 360914 112734 193716 192973  51582 268046 357760 193843  87775
 193716 192973      0 251645 249714  60665  43010 378765 394474  58997
 295109 188481 190745  88126 136461 122586 289254 268046 358159 152838
 389400 256053  92222 386959 344578 192973 225979 360914 357265 231933
 188481 177103 268206  60665 385217  60665 177103 175429 123792  62972
 191918 374020 173843 360914 177103 389937  88126 305359 338149 154323
 357265 322171 386425 327863 192973 264550 384441 177103  48831  94053
  54273 187870 372782 264550 270201 154323 357265  97035 388746 357265
 148224  87775 360914 358451 383752 388755 338149 357265 389937 192973
 219577 270501 360914  57170 289443  54718 357211 192973 154098  60665
 384373 383735 358159 123789  54718 372921 389400 325990 191811 177103
 222138 384373  58997 357411 373550  54718 162058 357265 270806 360914
 239785 279027 286407 143008  88126 379260  93190  43010      0 171254]
NewWordVectorPositions
[ 47798 138749 254258 358472 258200      0 359970 357639 192973  43010
 146352 357211 185457  90548 264937 107525 358159 307253 151349 357265
 106337 153730 128966 302207 254258 223422 174695 390449 273428 149239
 184067 307261 185457 174642 259914 152393 254554  62065 346372  43010
 225967 268046 389822  60665 185457 123517 388710 124763 194798      0
 346236 393704 190699 226278 343963 358463 383513 290075 273428 386306
 383513 226298  54718 174341  44608 358159 148224  54718 386494 357265
 226345 273803 193716 383513 357265 135310 357211 385663 174341 357211
 338805 155499 118409 388746 254258 244950 302207 254258 223422 192973
  43010 128966 360914  71090 249714 291186 192973  43010  97014 129453
 128966 386473 155562 336297 370907 388710 111836 225814 388710 357265
 127054 268046 141944 268206 389835 177231 192973 386431 358159 307253
  71959 360914 112734 193716 192973  51582 268046 357760 193843  87775
 193716 192973      0 251645 249714  60665  43010 378765 394474  58997
 295109 188481 190745  88126 136461 122586 289254 268046 358159 152838
 389400 256053  92222 386959 344578 192973 225979 360914 357265 231933
 188481 177103 268206  60665 385217  60665 177103 175429 123792  62972
 191918 374020 173843 360914 177103 389937  88126 305359 338149 154323
 357265 322171 386425 327863 192973 264550 384441 177103  48831  94053
  54273 187870 372782 264550 270201 154323 357265  97035 388746 357265
 148224  87775 360914 358451 383752 388755 338149 357265 389937 192973
 219577 270501 360914  57170 289443 265405 171616 347783 190918  56711
 375996 325469 310175 210914 362221 135639 113219 359586 303549 106283
 306395 341764 152119 318783 243502 126471 382554 339947 147873 327090
 148111 235014 293275 153263 351519  48805 375450 299213  44642  82231]
