OriginalClass, 0
NewClass, 0
NumberWordsChanged, 35
WordPositions
215	216	217	218	219	220	221	222	223	224	225	226	227	228	229	230	231	232	233	234	235	236	237	238	239	240	241	242	243	244	245	246	247	248	249	
OldWordVectorPositions
[185457  90548 162051 394474 152427 302484 360914 323336 358159 251034
   2479 152427 268046 357265  74390 148260 188481 357265 108049 242545
 101278  15341 152427 164328 343906 304958 191811  43010  75774 320538
  21828  43010 348535 164328  93265  26559  43010  77241 303958  44608
 357265  75824 365920 188481 358159 110432  54718 233708 272587 289446
 339863  50940 157034 270562 358159 251034 388710  43010 164328 343963
 188481  43010 105640 249311  44608 357265  63527 290465 357265 143103
  47889 304363 280944  54718 343256 142760 360914  71090  57891  88126
 193919 133951 357411  57008 325676 160457 249714 128978 188481 357265
 323024 284318 388710  43010 343963 176139 360914 357265 193747 259122
 388710  43010 282257  54718 357265      0  55063 188481 357265 358028
 343963 357265 269953 357211 323430 249714 189078 154323 358159 325549
 141816 188481 357265 108098  92279  92653 355374 374020 357265 343963
 268046  43010 232536  72182  62065 357265 390469 285908 188481 357265
 390469 248238  87775  47798 357265 302801 228315  62065      0  54718
 357265 363493 188481 358159  64362 236860  62065 357265 341955 268046
 242556 358159 343963 110159  71090 249714 373385  54718  62065 357265
 136979 147050      0 307037 360914 357265 117140 183993 188481 357265
 165794 148340 188481 386473 175199 295828 361189 357265 250392 268046
 357265  97035 154323 357265 278468 325303 188481 269953 268046 357265
  74597 105647 284321 141863 148242 306046 357265  95187 320242 154323
 269953 268046 179434 292066 148269 361106 134868 287262      0 162064
 357265 148339 220845 268046 357265 357397  54718  88126 357265 384121
 162051 374020 357265 320242 357211 342243 357265 251034 388710  55730
      0 231552  43010  84030 344756 269889 357265 251034 174032 137041]
NewWordVectorPositions
[185457  90548 162051 394474 152427 302484 360914 323336 358159 251034
   2479 152427 268046 357265  74390 148260 188481 357265 108049 242545
 101278  15341 152427 164328 343906 304958 191811  43010  75774 320538
  21828  43010 348535 164328  93265  26559  43010  77241 303958  44608
 357265  75824 365920 188481 358159 110432  54718 233708 272587 289446
 339863  50940 157034 270562 358159 251034 388710  43010 164328 343963
 188481  43010 105640 249311  44608 357265  63527 290465 357265 143103
  47889 304363 280944  54718 343256 142760 360914  71090  57891  88126
 193919 133951 357411  57008 325676 160457 249714 128978 188481 357265
 323024 284318 388710  43010 343963 176139 360914 357265 193747 259122
 388710  43010 282257  54718 357265      0  55063 188481 357265 358028
 343963 357265 269953 357211 323430 249714 189078 154323 358159 325549
 141816 188481 357265 108098  92279  92653 355374 374020 357265 343963
 268046  43010 232536  72182  62065 357265 390469 285908 188481 357265
 390469 248238  87775  47798 357265 302801 228315  62065      0  54718
 357265 363493 188481 358159  64362 236860  62065 357265 341955 268046
 242556 358159 343963 110159  71090 249714 373385  54718  62065 357265
 136979 147050      0 307037 360914 357265 117140 183993 188481 357265
 165794 148340 188481 386473 175199 295828 361189 357265 250392 268046
 357265  97035 154323 357265 278468 325303 188481 269953 268046 357265
  74597 105647 284321 141863 148242 306046 357265  95187 320242 154323
 269953 268046 179434 292066 148269  90147 272023 262842  73144 378784
 207325 256011  65372 259399 398378 376682 259559  67779 270523 142899
 134041 223190 103482 200979 188035  68297 225829 180294 355226 154255
  73702 189826 122727 298329 287464  50826  89133 181545 373366 175080]
