OriginalClass, 0
NewClass, 1
NumberWordsChanged, 1
WordPositions
249	
OldWordVectorPositions
[259914 174695 323431 358159 251034  69725 269798 357265 137887 264802
  88126 260802 203867  54718 352024 191811 107668 357265 148908 300964
  93265  61599 151349 357265 292986 384373 118743 360914 351934  43010
 225629 200035  94041 386494 264550  43010 181872 148224 351989 361939
 233708 221746 388710 357265 271493 236496 357211 196566 345077 123557
 297928 346312 188481 179434 364479  59796 162645 124744 357265 148908
 357958 384373 357969 386423  43010 394520  77486 232536 192973 174524
 360914 357265 224573 291162 151349 191617 192973 287768  85455  47798
  51582 328395 352931  85060  54718 287768 268214 387525 329973 262350
 241325 188481  71324  79129 132392 386886 192973  45298 268046 207463
  43010 394520 386642 161844 384373 146344 181881  88126 386306 357265
 268217 126552 360914 357265 292521 357411 357265 320242  96737 141729
  79129 132415 165873 192973 325065 264281 360914  61257  43010 125774
 173987 293057  43010 306886 218608 357265 394520 232536 383080 279027
  59748 360914 119283 178965 327863 269062 389400 192973 108464 137680
 151349  59748 360914 351934  43010 225629  62065 357265  93018 175199
 192973  52520 108462 268046 357265 394520 233462 190360 357964  58997
 264550 142250 386306 384373 358463 357809 385663 386423  77755 347077
  43010 232536 386886 192973 325789 359888 188481 357265 316998 143937
  60665  79129 132392 105678 152216 360914 355344  44608 182540 175199
 192973 107426 360914 357265 394520 161859 253218  54718  96737 357265
 131666 268046 357265  93018 357265 384121 193716 286468 188481 357265
 251034 193716 325747 360914 107210 357265 378765  54718 125791  59748
 154323  60099  62065 357265 366229 358159 358740 192973 229835 137549
  88126 322740 107462 386886 286468  59748 218272 149040  54273 191039]
NewWordVectorPositions
[259914 174695 323431 358159 251034  69725 269798 357265 137887 264802
  88126 260802 203867  54718 352024 191811 107668 357265 148908 300964
  93265  61599 151349 357265 292986 384373 118743 360914 351934  43010
 225629 200035  94041 386494 264550  43010 181872 148224 351989 361939
 233708 221746 388710 357265 271493 236496 357211 196566 345077 123557
 297928 346312 188481 179434 364479  59796 162645 124744 357265 148908
 357958 384373 357969 386423  43010 394520  77486 232536 192973 174524
 360914 357265 224573 291162 151349 191617 192973 287768  85455  47798
  51582 328395 352931  85060  54718 287768 268214 387525 329973 262350
 241325 188481  71324  79129 132392 386886 192973  45298 268046 207463
  43010 394520 386642 161844 384373 146344 181881  88126 386306 357265
 268217 126552 360914 357265 292521 357411 357265 320242  96737 141729
  79129 132415 165873 192973 325065 264281 360914  61257  43010 125774
 173987 293057  43010 306886 218608 357265 394520 232536 383080 279027
  59748 360914 119283 178965 327863 269062 389400 192973 108464 137680
 151349  59748 360914 351934  43010 225629  62065 357265  93018 175199
 192973  52520 108462 268046 357265 394520 233462 190360 357964  58997
 264550 142250 386306 384373 358463 357809 385663 386423  77755 347077
  43010 232536 386886 192973 325789 359888 188481 357265 316998 143937
  60665  79129 132392 105678 152216 360914 355344  44608 182540 175199
 192973 107426 360914 357265 394520 161859 253218  54718  96737 357265
 131666 268046 357265  93018 357265 384121 193716 286468 188481 357265
 251034 193716 325747 360914 107210 357265 378765  54718 125791  59748
 154323  60099  62065 357265 366229 358159 358740 192973 229835 137549
  88126 322740 107462 386886 286468  59748 218272 149040  54273 203832]
