OriginalClass, 0
NewClass, 0
NumberWordsChanged, 35
WordPositions
215	216	217	218	219	220	221	222	223	224	225	226	227	228	229	230	231	232	233	234	235	236	237	238	239	240	241	242	243	244	245	246	247	248	249	
OldWordVectorPositions
[233708 307261 194101 302207 307138 357211 250392 280944 355692 360914
 222471 277915 269953  74597 357108 277915 368320 185457 146344 142250
 357265 270817 277915 269953 286407  59937  43010  77162 251645 388710
 366273 360914 148427 123767 384170 268046 330018  97689      0 281924
 358801 123767 368686 268046 148224 343464 123767 224617  54718 114253
  65680  54718 152101  74651  54273 191737  54718 357265 113211 307351
 151349 357265 250392 277915 193716 383513 344938 148459  87775 337306
 125795 188481 277915 368320  97689 137882  79962  54718  52318 388710
  96751 159790 224614 357265 313201  54718 357265 344935  96737 164233
  58997 357265 338623 199711  54718 349680  74651 343521 357265 126747
 302327  54718 357265 364478 190756 264937 384373  58997 223704 364228
 388710  97689 188481  43010 121678 121229 216852 386431 357265 270201
 280944 386886 142627  58997  87072 361939 144971 388710 357353 223999
 151349  57189  87775 348610 360914  71090  54273 270921 185457 289370
 357211 193919 357265 117140 367634 268046  98376 222138 357211 192973
 357265 302292 302476 386983 250392 280944 291371 277915 269953 360914
 277915 368320 357265  96721 188481 159788 224614  52520 331422 151349
 239105  62065 219145 357211  97689 277915 269953  54718  97689 277915
 368320  58997 188481 143954 357265 323024 368320  45915 268046  43010
 358548  45794 344935  72003  88126 250622 123279 250622 123279 192973
  98376      0 270970 249714  57929      0 188481  59123  97689 277915
 269953 192973 179434 244456 218973 188481 113208  54718  97689 277915
 368320 192973 179434 128558 188481  79962 357760 251057 126552 264550
 106329 187518 179434 222138 385663 246283 179434 142813 188481 168355
  54718 249714 188276 188481 254258 270692 179434      0 307351 142491]
NewWordVectorPositions
[233708 307261 194101 302207 307138 357211 250392 280944 355692 360914
 222471 277915 269953  74597 357108 277915 368320 185457 146344 142250
 357265 270817 277915 269953 286407  59937  43010  77162 251645 388710
 366273 360914 148427 123767 384170 268046 330018  97689      0 281924
 358801 123767 368686 268046 148224 343464 123767 224617  54718 114253
  65680  54718 152101  74651  54273 191737  54718 357265 113211 307351
 151349 357265 250392 277915 193716 383513 344938 148459  87775 337306
 125795 188481 277915 368320  97689 137882  79962  54718  52318 388710
  96751 159790 224614 357265 313201  54718 357265 344935  96737 164233
  58997 357265 338623 199711  54718 349680  74651 343521 357265 126747
 302327  54718 357265 364478 190756 264937 384373  58997 223704 364228
 388710  97689 188481  43010 121678 121229 216852 386431 357265 270201
 280944 386886 142627  58997  87072 361939 144971 388710 357353 223999
 151349  57189  87775 348610 360914  71090  54273 270921 185457 289370
 357211 193919 357265 117140 367634 268046  98376 222138 357211 192973
 357265 302292 302476 386983 250392 280944 291371 277915 269953 360914
 277915 368320 357265  96721 188481 159788 224614  52520 331422 151349
 239105  62065 219145 357211  97689 277915 269953  54718  97689 277915
 368320  58997 188481 143954 357265 323024 368320  45915 268046  43010
 358548  45794 344935  72003  88126 250622 123279 250622 123279 192973
  98376      0 270970 249714  57929      0 188481  59123  97689 277915
 269953 192973 179434 244456 218973  60457 206674 123090 251331 155479
 210781  80093 274971 208135 368140  59199 229682 397120  79495 129369
 337589 170924 110596  62045 384045 271561 228312 370507  60937 211553
 263902  71961 272450 373010 397032 311524 393919 395212 304052 363166]
