OriginalClass, 0
NewClass, 0
NumberWordsChanged, 35
WordPositions
215	216	217	218	219	220	221	222	223	224	225	226	227	228	229	230	231	232	233	234	235	236	237	238	239	240	241	242	243	244	245	246	247	248	249	
OldWordVectorPositions
[185457 389439 386306  62980 268046 357265 117874 358463 386423 148908
 218667 143346 269798 382829 194667 275558  77608  95616 175199 225650
 222471 262350 269953 135869 268046 357265 359888 357211      0 143869
 149722 264476  54718 135805  79376 141816 264937 175199 305158  54273
 372921 291748  54718 386306 110156  71090 249714  57927 357108 179434
 136327 272930 268046 358451 124420 259972 271597 335037 357211  57715
 360914 147314 222471 357265 285983  77608 192973 225707 269798 357265
 101722 187631 200035 337913 175199 123557 174642 249714 320245 357265
 251034 193923 192973 377945 333811  61599 357265 249829  77486 183993
 357265 387198 128377 191560 357265      0 224617 357265  70459  53909
      0  58997 390158 191811  43010 355885 302329 358740 388710  43010
 240796 372357 272587 268046 357265 359888 141816      0 127268 320245
 357211 295763  43010 389400  72292 158917 269798 357265 235134 232569
 264550 360914  71090 361939 125637 124763 204219  95616 330038 179434
  58043 151349 176515  43010 345174 152660 292984 262350 236860 182540
 175199 237383 174642 146662  44608 357265 105872  61423 387198 126848
  43010 336967 226568 198213  60665 357265 294743 175376 268214  87775
 254258 248489 192973 269798 357265 269953      0 396798 250420 383513
 357639 141863  43010      0 281320 386886 110156 340552 226083 270970
 160418 295706  59937 249714 357108 357265  86558 144545 169725 134009
 357265 137321  14171 357211 320242 388710 250420 386431 275558  59189
 388710      0 330119 387353      0 192973  43010 159242 268046 153176
 346121  60665 250420 365140 360914 274845 132276 222471 337258  74130
 284887 361939  65963 175199 225979 336113 233708 393334 360914 357265
  77623 185457 389439 186645 193716 383513 357265 380841 204219 386886]
NewWordVectorPositions
[185457 389439 386306  62980 268046 357265 117874 358463 386423 148908
 218667 143346 269798 382829 194667 275558  77608  95616 175199 225650
 222471 262350 269953 135869 268046 357265 359888 357211      0 143869
 149722 264476  54718 135805  79376 141816 264937 175199 305158  54273
 372921 291748  54718 386306 110156  71090 249714  57927 357108 179434
 136327 272930 268046 358451 124420 259972 271597 335037 357211  57715
 360914 147314 222471 357265 285983  77608 192973 225707 269798 357265
 101722 187631 200035 337913 175199 123557 174642 249714 320245 357265
 251034 193923 192973 377945 333811  61599 357265 249829  77486 183993
 357265 387198 128377 191560 357265      0 224617 357265  70459  53909
      0  58997 390158 191811  43010 355885 302329 358740 388710  43010
 240796 372357 272587 268046 357265 359888 141816      0 127268 320245
 357211 295763  43010 389400  72292 158917 269798 357265 235134 232569
 264550 360914  71090 361939 125637 124763 204219  95616 330038 179434
  58043 151349 176515  43010 345174 152660 292984 262350 236860 182540
 175199 237383 174642 146662  44608 357265 105872  61423 387198 126848
  43010 336967 226568 198213  60665 357265 294743 175376 268214  87775
 254258 248489 192973 269798 357265 269953      0 396798 250420 383513
 357639 141863  43010      0 281320 386886 110156 340552 226083 270970
 160418 295706  59937 249714 357108 357265  86558 144545 169725 134009
 357265 137321  14171 357211 320242 388710 250420 386431 275558  59189
 388710      0 330119 387353      0 157473 132873 264488 175577 314523
 145806 332233 344240  58537 350327  78965 324140 300511 126337 391896
 388619 228871 332848 174966 242253 173460 399431 316580  95689 349981
 302496 299427  72106 215690 359630 335399 334977 251419 232423  82236]
