OriginalClass, 0
NewClass, 1
NumberWordsChanged, 5
WordPositions
245	246	247	248	249	
OldWordVectorPositions
[151391 286079 300978  60665 216799 188481 321703 147717  92055 342190
 388746 173236  61428 268046 357265 159619 321703 264550 144917 138904
 259232 387695 226278 193716 386494 343256 286442 388710 187655  54718
 186369 268046 108049  14181 375635      0 193456 182387 192973  43010
 247378 268046 247417 121839 388710 270501 338601 357211 342772 272930
 191811 322417 157667  43010 349563 288709  54718 357265 370302 180883
  57830 309847 357265 309945  43010      0 129149 142410 357265  91556
  47798 227607  54718  43010 120643 268046 357265 309962  44429 360914
 350262 151204  54718 125335 383683  52520 307136 360914 357265  14181
      0 294577 302466 193919 175207 188481 357265 186309 142859  52673
 249664 125418 193716  60665  54273 273018 106706 357639 192973  43010
 362866 268046 357265 274823 383134 128966 188481 357265  70427 388710
 357265 192174 248926  54718 222138  44531 357265 319193 281353 250392
 359960 192973 357265      0 146098 357211 321703 192973 357265 137224
  54718  60106 321724 387695 373269  84236 128527 122093 188481 357353
  78229 297556 151349 209662 393704 357265 346270 128966 291763  88126
 151391 286079 323430 372148 153836 188481 357265 321734 159619 357809
  59057 349294 270970 177443  87775 271200 315799 112477 357265 156605
 388710  43010      0 112684  54718 181211 357265 164328 169754 129440
 357265 150642 319193  54718 357265  51375  58997 336113 225289 164233
 384373 127708 141816 209645 386306 357809 225639 222471  52673 357353
 253590      0 361752  88126  71462  54718 226138  69380  58997 305183
 155667 361079 357265 378776 154323 249664 182387  58997 366128  51366
 388710 194957 102762  54718 285068      0 357265 191343 268046 357265
 319193 192973 200035 358159 330915 268046  85909 310461 357651  43010]
NewWordVectorPositions
[151391 286079 300978  60665 216799 188481 321703 147717  92055 342190
 388746 173236  61428 268046 357265 159619 321703 264550 144917 138904
 259232 387695 226278 193716 386494 343256 286442 388710 187655  54718
 186369 268046 108049  14181 375635      0 193456 182387 192973  43010
 247378 268046 247417 121839 388710 270501 338601 357211 342772 272930
 191811 322417 157667  43010 349563 288709  54718 357265 370302 180883
  57830 309847 357265 309945  43010      0 129149 142410 357265  91556
  47798 227607  54718  43010 120643 268046 357265 309962  44429 360914
 350262 151204  54718 125335 383683  52520 307136 360914 357265  14181
      0 294577 302466 193919 175207 188481 357265 186309 142859  52673
 249664 125418 193716  60665  54273 273018 106706 357639 192973  43010
 362866 268046 357265 274823 383134 128966 188481 357265  70427 388710
 357265 192174 248926  54718 222138  44531 357265 319193 281353 250392
 359960 192973 357265      0 146098 357211 321703 192973 357265 137224
  54718  60106 321724 387695 373269  84236 128527 122093 188481 357353
  78229 297556 151349 209662 393704 357265 346270 128966 291763  88126
 151391 286079 323430 372148 153836 188481 357265 321734 159619 357809
  59057 349294 270970 177443  87775 271200 315799 112477 357265 156605
 388710  43010      0 112684  54718 181211 357265 164328 169754 129440
 357265 150642 319193  54718 357265  51375  58997 336113 225289 164233
 384373 127708 141816 209645 386306 357809 225639 222471  52673 357353
 253590      0 361752  88126  71462  54718 226138  69380  58997 305183
 155667 361079 357265 378776 154323 249664 182387  58997 366128  51366
 388710 194957 102762  54718 285068      0 357265 191343 268046 357265
 319193 192973 200035 358159 330915 294599 231720 233603 360961 290467]
