OriginalClass, 0
NewClass, 0
NumberWordsChanged, 35
WordPositions
215	216	217	218	219	220	221	222	223	224	225	226	227	228	229	230	231	232	233	234	235	236	237	238	239	240	241	242	243	244	245	246	247	248	249	
OldWordVectorPositions
[250392 386886 163237 360914 358159 251034 387695 174642  54273 186344
 386306 193716 192973  44608  43010 232536 225951 179434 137937 144715
  54718 141816 179434 126864 188481  43010 150029 154323  81492 357211
 145560 249942 268046 325250   6765  17477 386306 394474 292769 389497
 209645  71895 323392 358159 148224 192973 358159 182540 357211 390138
 146344 386306 126552 394474 126552 388710 357211  54718 182540 390138
 357211  47483 394474  54718 357265 384121 394474 304957 360914 141941
 382435 117874 357265 343963 371781 275311 334951 154323 357265 158226
  54718 357411 383350 373316 260763  60665 193716 156432  43010 223830
 339146 386494 357265 302802 305515 304966  74651 121021  50372 198446
 127406  97691  54718      0 311192  97198 148460  46062 317502 336993
  54718  71959 360914 351934 327392  97035  57715 188481 358159 148224
 386959 291748 190178 323420 267115  54718 264550 385217 122450  87775
 188481 143954 342180 388710 358159 343963  54718 394474 148427 357211
 357265 332135 268046 132276  97014 192973 386306 231492 358159 343963
  72475  54718  45290 302292 280944 190070  43010 302292 333189 386437
 357809  90548 126552 223830  87775 341439  61214 386494 269953  53912
 357387 125337 357265 275303 190592  97201 338084 192973 346241 141991
 154323 148908 191921  54718 167700  60665 384373 219109 249714  44608
 179434  97014  84182 307134  88126 317502  60665 218662 268046  54273
 270172 269953 218659  62065  43010 359888 388710 222358  54718 384892
 105586 193919 336113 346236  43010 281311 357211 175199 335755 373316
 269798 394474  54718 160457 190592 394564 175207 386494 394474  58997
 383752 178965 269798 322171      0  50372 198446 192973 138614 346236
  54718 377945 127406  97691  52879 383737 357265 132558 357225  57697]
NewWordVectorPositions
[250392 386886 163237 360914 358159 251034 387695 174642  54273 186344
 386306 193716 192973  44608  43010 232536 225951 179434 137937 144715
  54718 141816 179434 126864 188481  43010 150029 154323  81492 357211
 145560 249942 268046 325250   6765  17477 386306 394474 292769 389497
 209645  71895 323392 358159 148224 192973 358159 182540 357211 390138
 146344 386306 126552 394474 126552 388710 357211  54718 182540 390138
 357211  47483 394474  54718 357265 384121 394474 304957 360914 141941
 382435 117874 357265 343963 371781 275311 334951 154323 357265 158226
  54718 357411 383350 373316 260763  60665 193716 156432  43010 223830
 339146 386494 357265 302802 305515 304966  74651 121021  50372 198446
 127406  97691  54718      0 311192  97198 148460  46062 317502 336993
  54718  71959 360914 351934 327392  97035  57715 188481 358159 148224
 386959 291748 190178 323420 267115  54718 264550 385217 122450  87775
 188481 143954 342180 388710 358159 343963  54718 394474 148427 357211
 357265 332135 268046 132276  97014 192973 386306 231492 358159 343963
  72475  54718  45290 302292 280944 190070  43010 302292 333189 386437
 357809  90548 126552 223830  87775 341439  61214 386494 269953  53912
 357387 125337 357265 275303 190592  97201 338084 192973 346241 141991
 154323 148908 191921  54718 167700  60665 384373 219109 249714  44608
 179434  97014  84182 307134  88126 317502  60665 218662 268046  54273
 270172 269953 218659  62065  43010 359888 388710 222358  54718 384892
 105586 193919 336113 346236  43010 390669 291241  81145 399785 269896
 103726 368745 282831 288937  61233  58757  46519 320092 344796 157669
 119883 300158 301214 317714 357396 173622 193543 123949 192365 129445
 392999 375331 310966 387777 101267  86070 376075  79167 366536 335580]
