OriginalClass, 0
NewClass, 1
NumberWordsChanged, 27
WordPositions
223	224	225	226	227	228	229	230	231	232	233	234	235	236	237	238	239	240	241	242	243	244	245	246	247	248	249	
OldWordVectorPositions
[185457 269889 223956 388710  43010 311192 386886  62697 346796  54718
 272881  57355 383513 188481  43010  86371 386431 394474 110156 160418
  43010 147922 127111 262664 379435 151349 335777  47798 243797 336113
 258474 360914 319690 185457  90548 132569 304957 360914      0 357265
 355669  87775 185457  52520 137548 357265 148224 151349 272583 302484
 187631 264550 348373 357211 193716 389912 269798 357265 386896 357265
 287646  97035 121708 191811 277237  54718 229983 386473 351989 373316
 357265 148339 171586 182363 270970 336113 323430 301000 195931  54718
  77324 132820 151349 269953 383513 362775 371061  54718 175199 334368
 357265 251034 388710  43010 378433      0 307253  87775 185457 357969
 357211 189262 320245  54718 248245 389835  71422 336113 141816 358461
 185457 127708 297928 371425 357265 386896 148224 386306 126848 134198
 174642 360914 126552 388710 193716 151349 142283 185457 343256 174642
  54273 273500 289384 188350 268046 193716 185457 226278 357265 267154
 154049 289256  88126  73955      0 151349 142283 163444 182540 233708
 359970 174642 185457 325995 151349 174695 345296 154060 222471 357211
 190756 268046 262350 154060  62065  51582 185457 226278 357265 251034
 357283 320242 357265 155342 231552 272930 248238 188481 357265 179571
 268046 148224 186309 319690  54718  82265 126552 185457 226278 192996
  46552 328475 336113 152718 188481 358159 251034 193919  52261 370806
  54718 327863 162064  43010 166369 281311  60665  52879 287646 192973
  43010 164328  45893 361939 185457 127708  48346 388710 357265 267397
 125481 305187 229835  44608 179434 281311 177231 179434  97014 192973
 348225 360914  71090 226568  54718 358466 336113 179434 226568 281311
 149171 185457 151349 269953 152393 178965 281283 350026 358461 175199]
NewWordVectorPositions
[185457 269889 223956 388710  43010 311192 386886  62697 346796  54718
 272881  57355 383513 188481  43010  86371 386431 394474 110156 160418
  43010 147922 127111 262664 379435 151349 335777  47798 243797 336113
 258474 360914 319690 185457  90548 132569 304957 360914      0 357265
 355669  87775 185457  52520 137548 357265 148224 151349 272583 302484
 187631 264550 348373 357211 193716 389912 269798 357265 386896 357265
 287646  97035 121708 191811 277237  54718 229983 386473 351989 373316
 357265 148339 171586 182363 270970 336113 323430 301000 195931  54718
  77324 132820 151349 269953 383513 362775 371061  54718 175199 334368
 357265 251034 388710  43010 378433      0 307253  87775 185457 357969
 357211 189262 320245  54718 248245 389835  71422 336113 141816 358461
 185457 127708 297928 371425 357265 386896 148224 386306 126848 134198
 174642 360914 126552 388710 193716 151349 142283 185457 343256 174642
  54273 273500 289384 188350 268046 193716 185457 226278 357265 267154
 154049 289256  88126  73955      0 151349 142283 163444 182540 233708
 359970 174642 185457 325995 151349 174695 345296 154060 222471 357211
 190756 268046 262350 154060  62065  51582 185457 226278 357265 251034
 357283 320242 357265 155342 231552 272930 248238 188481 357265 179571
 268046 148224 186309 319690  54718  82265 126552 185457 226278 192996
  46552 328475 336113 152718 188481 358159 251034 193919  52261 370806
  54718 327863 162064  43010 166369 281311  60665  52879 287646 192973
  43010 164328  45893 361939 185457 127708  48346 388710 357265 267397
 125481 305187 229835 110461 288902  47693 178368 355518 196585 368708
 155666 371618 118677 148788 342531 202010 315383 105355  56150  94451
 182394  62635 130131 156615 303022 335163 240473 209079 347431 217415]
