OriginalClass, 0
NewClass, 0
NumberWordsChanged, 35
WordPositions
215	216	217	218	219	220	221	222	223	224	225	226	227	228	229	230	231	232	233	234	235	236	237	238	239	240	241	242	243	244	245	246	247	248	249	
OldWordVectorPositions
[357639  58997 137680 315103 343906  44608 389422  54718 357353 270834
  88126 305079 287865  54718 336343 239197 264550 360914 124237 357265
 148269  54718 343906  44608 159530 253952  54718 306068 308625  60665
 385217  60665 382067 189523  54718 234401 188481 336350  51582 188481
 357265 256046 268046  51761 270970 163444 270970 337258 272583 308331
 200056  87775 337304 193716 192973 176559 360914 200035 351934  56041
  57920  54718 327940 337258 222292 269798 357265 345908 357265 325990
 192973 357265  17580 236422  74651 192562  54718  66506 360914 297103
 151349 357265 389937 113750 278436  58997 178401  54718 326145 389422
 366253 360914 125251 357408  60665 240788 360914 160418 191811 357265
 236422 357265 389422 386886 385663  94000 286407  88126 331926      0
      0 192568  64550 315186      0 145178  54718 230865      0  54718
 122136 151349 293672 294038  43010 155345  54718 187498 162653 191811
 357265 114158 268046 358159 110432  54718 250392 222484  51582 253700
 110429 357353 191138 388710 357265 192569 336884 386886 385663 168316
  54718 364134 357387  81562 101722  54718 379047  54718 357265 145583
 386886 383513 225644 151349 179434 117632 294038 337258 178764 248245
  60665 384373 358463  44608 386983 357809 174642 346372 373285 313201
 193716 192973 231117  44608  43010 278669 336350 357211 146354 193716
 174032 360914 319417 193919 389422 154323 357265 112681  72020 268046
 193919 240788 301000 357108 133716 357265 231875 288940 357809 121060
 292608  54718 308625 360914 357265 389422 323392 357265  96737 188481
 357265 336884 306556  54718 357265 303940 268046 192569 336350 193716
 192973 264467 348531 358159 148224 387695 264550 160418  57170 286375
 188481 192562  87775 194889 276157 174032  43010 388294 269798 179434]
NewWordVectorPositions
[357639  58997 137680 315103 343906  44608 389422  54718 357353 270834
  88126 305079 287865  54718 336343 239197 264550 360914 124237 357265
 148269  54718 343906  44608 159530 253952  54718 306068 308625  60665
 385217  60665 382067 189523  54718 234401 188481 336350  51582 188481
 357265 256046 268046  51761 270970 163444 270970 337258 272583 308331
 200056  87775 337304 193716 192973 176559 360914 200035 351934  56041
  57920  54718 327940 337258 222292 269798 357265 345908 357265 325990
 192973 357265  17580 236422  74651 192562  54718  66506 360914 297103
 151349 357265 389937 113750 278436  58997 178401  54718 326145 389422
 366253 360914 125251 357408  60665 240788 360914 160418 191811 357265
 236422 357265 389422 386886 385663  94000 286407  88126 331926      0
      0 192568  64550 315186      0 145178  54718 230865      0  54718
 122136 151349 293672 294038  43010 155345  54718 187498 162653 191811
 357265 114158 268046 358159 110432  54718 250392 222484  51582 253700
 110429 357353 191138 388710 357265 192569 336884 386886 385663 168316
  54718 364134 357387  81562 101722  54718 379047  54718 357265 145583
 386886 383513 225644 151349 179434 117632 294038 337258 178764 248245
  60665 384373 358463  44608 386983 357809 174642 346372 373285 313201
 193716 192973 231117  44608  43010 278669 336350 357211 146354 193716
 174032 360914 319417 193919 389422 154323 357265 112681  72020 268046
 193919 240788 301000 357108 133716 357265 231875 288940 357809 121060
 292608  54718 308625 360914 357265 158016 114427 242804 203918 216255
 281005  55937 261955 348800 305916 105246 116922 224377 220042 180580
  80939 113602 261803 379256 208189 221566  45709 235883 233064 273487
  85809 213735  65699 386887 111821 324862 278481 115701 126687 359917]
