OriginalClass, 0
NewClass, 0
NumberWordsChanged, 35
WordPositions
215	216	217	218	219	220	221	222	223	224	225	226	227	228	229	230	231	232	233	234	235	236	237	238	239	240	241	242	243	244	245	246	247	248	249	
OldWordVectorPositions
[185457 170714 357265 292608 268046 323392 358159 148224  62065  43010
 292061 322178 393334  48262  54718 273278 357265 357283 185457 383513
 107199  88126  43010  90266 111748 154323  43010 224573 367966 342051
 225644 151349 105868 269798 357265 148224  62065 357265 359888 357265
 270201 389822 357211 139403 254258 250974 385663  64354 200035  64354
 185457 222471 360914 357969 185457  90548  60378 254554  43010 223830
  74597 357108 357211  87775  62065 357265 359888 185457 383513 337306
 188710 268046 126981 336113 357265 343963 192973 191908  54718 358463
 294100  54718 357265  45815 192973 148908 300964 154323  51582 357265
 292394 358159 148224 383513 357265 148908 269953 357211 356390 161461
 124744 357211 175199 123557 174642  43010 172466 188481 357265 390446
 111503 151349  65680 388710 372226  47798 179434 225289  58991  70427
 388710 357387 273428  83254 356390 170714  45458 386306 175199 383071
 250392 357265 148339 114166 356390 192973  43010 236224 111106  54718
 132276 329853 192973 222471  43010  71422 106685 275339 357211 174032
  71814 107873  92055 388710 122187  54718 108457 193716 192973 270201
 200044 357211 346372  54273 189262 329915  71090 371749 188481 179434
  62699 360914 108442  43010 106706 371798 222713 343256 142627 188481
 346372  60019 357265 372226 105007 133583 131420 268046 358159 148224
 192973 332147  53201  52673 250392 268046 357265  80519 146160  59057
 223634 269798 357265  82218 193716 108008  53909 272583 357964  43010
      0  62988 105857  54718  54273 189838  54718 143219 191290  41112
 245562 126747 269798 357265 231552 268046 357265 148224  89857 357265
 172374 143981  54718 272583 352162 268046   8172 248650 193716 355374
 268046 337258 268046 357265 111460 285619 188481 148261 188839  43010]
NewWordVectorPositions
[185457 170714 357265 292608 268046 323392 358159 148224  62065  43010
 292061 322178 393334  48262  54718 273278 357265 357283 185457 383513
 107199  88126  43010  90266 111748 154323  43010 224573 367966 342051
 225644 151349 105868 269798 357265 148224  62065 357265 359888 357265
 270201 389822 357211 139403 254258 250974 385663  64354 200035  64354
 185457 222471 360914 357969 185457  90548  60378 254554  43010 223830
  74597 357108 357211  87775  62065 357265 359888 185457 383513 337306
 188710 268046 126981 336113 357265 343963 192973 191908  54718 358463
 294100  54718 357265  45815 192973 148908 300964 154323  51582 357265
 292394 358159 148224 383513 357265 148908 269953 357211 356390 161461
 124744 357211 175199 123557 174642  43010 172466 188481 357265 390446
 111503 151349  65680 388710 372226  47798 179434 225289  58991  70427
 388710 357387 273428  83254 356390 170714  45458 386306 175199 383071
 250392 357265 148339 114166 356390 192973  43010 236224 111106  54718
 132276 329853 192973 222471  43010  71422 106685 275339 357211 174032
  71814 107873  92055 388710 122187  54718 108457 193716 192973 270201
 200044 357211 346372  54273 189262 329915  71090 371749 188481 179434
  62699 360914 108442  43010 106706 371798 222713 343256 142627 188481
 346372  60019 357265 372226 105007 133583 131420 268046 358159 148224
 192973 332147  53201  52673 250392 268046 357265  80519 146160  59057
 223634 269798 357265  82218 193716 108008  53909 272583 357964  43010
      0  62988 105857  54718  54273  53937 271582 167947 301138 247982
 162443  68070  69996  67150 275912  55910 144934 164371 129087 387221
 101342 171549 347992  79368 164299 322453 372491 149794 292941 323313
 257500 298163 337419 240189 337848  90673 391014 159643 331233 175263]
