OriginalClass, 0
NewClass, 0
NumberWordsChanged, 35
WordPositions
215	216	217	218	219	220	221	222	223	224	225	226	227	228	229	230	231	232	233	234	235	236	237	238	239	240	241	242	243	244	245	246	247	248	249	
OldWordVectorPositions
[185457 357969 185457 366128 226278 358159 148224 292618 118152  71414
 383513 271500  43010 331647 148224  87775 217909 130063 191811 153730
 188481  13977 121972 174695 337266 135877 380507 130063 273428 177539
 358159 305158  43010 345272 362969 118152 151407 151349 226138  84926
 357265 143954 357211 177103 332387 380507 192973 130063  88126 357265
 219705 133579 283976 176573 360914 248128 374020 295532  44608 357265
 130069 118712 358159 192973 357265 343963 268046 227466  54718 384373
 148908 323336 177103  62065  43010 306476 388710 177103 229459  82314
  54885 159870      0  54718 357353 154049  57002  63152  67892 227466
 137882 357265 152894  60665  43010 275346 268046 219822 384373 323336
 177103 190592 357265  91624  96751 191811 177103  70247 109971 227466
 192973 377945 153443 388710 330018 268074 177103  79376  54718 358159
 126848 264550 333080 385217 388710 357265 192730  54885 386423 227466
 107672  57856 151349 357265 360601 268046 246253 141498 384373 209645
 357211  43010 173081 137073 192973 264550 163745 360914  71090 333175
  62065 357265 136979 268046 132683 344501 357265 148224 323430 360914
 150791  43010 225985 269798 240788 268442  71421 389422 384373 323336
 286606 268046  70247  71418  54718 357265 302195 268046 357265 240788
 341775  62065 357387  87775  62065 357265  95187 268046 193716  51582
 192973 357265 230464 226162  84926 186645 394474 127708 244950 383752
 148269 154323 357265  88200 138740 357411 107661  97783 272930 358159
 269953 226162  84926 192973 264550  43010 256046 357211 250392  63975
 251034  86248 237383 302229 209645  87775  60665 337661  60665 394474
 323336 177103 394474 387695  71090 241796  54718 394504 383067 360914
 209645 249714  52520  97762 177103 272930 188481 276338  82218 186645]
NewWordVectorPositions
[185457 357969 185457 366128 226278 358159 148224 292618 118152  71414
 383513 271500  43010 331647 148224  87775 217909 130063 191811 153730
 188481  13977 121972 174695 337266 135877 380507 130063 273428 177539
 358159 305158  43010 345272 362969 118152 151407 151349 226138  84926
 357265 143954 357211 177103 332387 380507 192973 130063  88126 357265
 219705 133579 283976 176573 360914 248128 374020 295532  44608 357265
 130069 118712 358159 192973 357265 343963 268046 227466  54718 384373
 148908 323336 177103  62065  43010 306476 388710 177103 229459  82314
  54885 159870      0  54718 357353 154049  57002  63152  67892 227466
 137882 357265 152894  60665  43010 275346 268046 219822 384373 323336
 177103 190592 357265  91624  96751 191811 177103  70247 109971 227466
 192973 377945 153443 388710 330018 268074 177103  79376  54718 358159
 126848 264550 333080 385217 388710 357265 192730  54885 386423 227466
 107672  57856 151349 357265 360601 268046 246253 141498 384373 209645
 357211  43010 173081 137073 192973 264550 163745 360914  71090 333175
  62065 357265 136979 268046 132683 344501 357265 148224 323430 360914
 150791  43010 225985 269798 240788 268442  71421 389422 384373 323336
 286606 268046  70247  71418  54718 357265 302195 268046 357265 240788
 341775  62065 357387  87775  62065 357265  95187 268046 193716  51582
 192973 357265 230464 226162  84926 186645 394474 127708 244950 383752
 148269 154323 357265  88200 138740 357411 107661  97783 272930 358159
 269953 226162  84926 192973 264550 280849 212382 276226 100959 196677
 368104 323465 329778 222909 267028 283386 317918  98297 300432 307336
 358775  70508 328118 388562  86216  90333 217434 155735 291632 370683
 377854  65158 272908 166537 295729 311664 139168 303359 126842 114547]
