OriginalClass, 0
NewClass, 0
NumberWordsChanged, 35
WordPositions
215	216	217	218	219	220	221	222	223	224	225	226	227	228	229	230	231	232	233	234	235	236	237	238	239	240	241	242	243	244	245	246	247	248	249	
OldWordVectorPositions
[ 60665  43010  41112 245562 142808 193716 192973 264550 373316 360914
 357265 341453 268046 129440  60665 357265  45905 102496 219120 357353
 363450  62065 357265 386886  52943 185457  44995 386494 357265  45830
 325303  58997 159426 262350  74597 357108 358451 188481 357265 347755
 234801 115590  71297      0 182573 358451 386886 137551 129440  54718
 185457 358463 193716 383513 389449 387695 371573 137548 358159 361939
 394474  95616 389497 307408  65680 360914 357265 341874  54718 383735
 193716  51582  47887  87775 394474 387695 119370 150004  65680 360914
 337258 268046 357265  45830 320245 151349  43010 225289 359888 360914
 105625 193716 192973 304049 360914 323336 357211 357265  60228 268046
 297112 147967 100017 192973 343256  72182 290463 141816 186645 264550
 188481 181249 210649  54718 185457 390138 226278 360914 323336 386306
 357760 169754 110156 126552 388710 357265  86092 359888  54718 306501
  47560 360914 357265 222494 268046 394800      0  54718 109135 394800
 213307 186645 394474 333080 358801 357265 148908 171586 182363  54718
  59057 325065 111389  88126 357265  62578 123184 357411 394474  58997
 188481 151349  43010 364469  81345 192973 230464  54718  90548 302352
  87731  43010 251014 388710 337258 230464  45752 207062  54718 332119
  45915 268046  83185 186645 394474  58997 152160 137680 360914  71090
 388746  31400 244356 268046  43010 108884 357411 363394 193716 128527
  54718 383735 193716 193919 264550 326941 188481 143954 193919 220815
  60378 357108 108592 188481  99161 344694 151407  87775 394474 387695
  71090 188347 388710  81562 357265 251030 269798 125540  54718 357265
 275303 146662  88126 357265 345275 354460 187631 292006 348373 357651
 262350 315362 384121 360914 216683 124758 269798 394564 175207 270970]
NewWordVectorPositions
[ 60665  43010  41112 245562 142808 193716 192973 264550 373316 360914
 357265 341453 268046 129440  60665 357265  45905 102496 219120 357353
 363450  62065 357265 386886  52943 185457  44995 386494 357265  45830
 325303  58997 159426 262350  74597 357108 358451 188481 357265 347755
 234801 115590  71297      0 182573 358451 386886 137551 129440  54718
 185457 358463 193716 383513 389449 387695 371573 137548 358159 361939
 394474  95616 389497 307408  65680 360914 357265 341874  54718 383735
 193716  51582  47887  87775 394474 387695 119370 150004  65680 360914
 337258 268046 357265  45830 320245 151349  43010 225289 359888 360914
 105625 193716 192973 304049 360914 323336 357211 357265  60228 268046
 297112 147967 100017 192973 343256  72182 290463 141816 186645 264550
 188481 181249 210649  54718 185457 390138 226278 360914 323336 386306
 357760 169754 110156 126552 388710 357265  86092 359888  54718 306501
  47560 360914 357265 222494 268046 394800      0  54718 109135 394800
 213307 186645 394474 333080 358801 357265 148908 171586 182363  54718
  59057 325065 111389  88126 357265  62578 123184 357411 394474  58997
 188481 151349  43010 364469  81345 192973 230464  54718  90548 302352
  87731  43010 251014 388710 337258 230464  45752 207062  54718 332119
  45915 268046  83185 186645 394474  58997 152160 137680 360914  71090
 388746  31400 244356 268046  43010 108884 357411 363394 193716 128527
  54718 383735 193716 193919 264550 326941 188481 143954 193919 220815
  60378 357108 108592 188481  99161 119295 144811 141100  69888  59617
 179415 399437  77460 136670 266840  45040 340650  57250 357448 369323
 384896 268485 258650 283584  54424 204736 205765 107614 233189 160687
 350257 112346 203849 194188  47189 348748 386752 117642 147883 260863]
