OriginalClass, 0
NewClass, 1
NumberWordsChanged, 12
WordPositions
238	239	240	241	242	243	244	245	246	247	248	249	
OldWordVectorPositions
[357265 328939 341901 388710 194667 362519 194667 260812 129469 360914
  54273 193456 182220 256053 357265 273750 333186 178401 188481 357265
 105313 250845 151349  54273 191737 388710 193919 232575 345077 370241
  69399 258875  44608  71587 357265 388378  92087 370241 355374 194667
 357211 175199 387695  71090 306556 151349 357265  69840 373446 268046
 357265 182220  87775 387695  71090  52261 362775 193456 154323 357265
 306581 268046 357265 389937 151349 333278 249167  60665 357265 173833
 388378 325965 188481 361189 388710 179434 387353 385523 328155 131352
 394520 337385 116827 116827 224340 194667 251030 191811 357265 182220
  62065 148908 141950 323430 148444 193919  43010  71421 182220  44787
 183606 386314 357809 258451 192973  62065 357353 125554 182573 357265
 273750 182220 174032  43010 253311 278468 388710  43010 292066  92087
 253228 179434 137937 144715  71895 105968 346796 116827 174032 357265
  44430 360914 328910 386473 239197 175199 174032 294533 290231 357211
 220870 178965 323336 175425 357964 271200 280944  91041  60665 357265
 117967 384735 249167  71950 360914 278340 194667  71585 249714 249714
 190513 116827 204686 323392 357964 280944 386494 385523  71586 153176
  60665 327863 126852 174642  43010 103260 386320 173065 360914 177103
 144715  60665  43010 175599 336049 219190 357387 364228 194667 148356
 225951 193716 358159 137444 292986 383513 110846 108851 124744  88126
 341596 213200 192973  43010 148444 181890 148224 193716  57721 357211
 357265 328939 192973  56041 148224 357211 142645 188481 368320 125762
 123767 377864 357265 269953 185457 387695  71090 105867 269798 192973
 357265 329788 141504 114166 357211 313447 200035 371151  15341 182380
 188481 220336 357265 322255  88126 213200 123241 198446 192973  69725]
NewWordVectorPositions
[357265 328939 341901 388710 194667 362519 194667 260812 129469 360914
  54273 193456 182220 256053 357265 273750 333186 178401 188481 357265
 105313 250845 151349  54273 191737 388710 193919 232575 345077 370241
  69399 258875  44608  71587 357265 388378  92087 370241 355374 194667
 357211 175199 387695  71090 306556 151349 357265  69840 373446 268046
 357265 182220  87775 387695  71090  52261 362775 193456 154323 357265
 306581 268046 357265 389937 151349 333278 249167  60665 357265 173833
 388378 325965 188481 361189 388710 179434 387353 385523 328155 131352
 394520 337385 116827 116827 224340 194667 251030 191811 357265 182220
  62065 148908 141950 323430 148444 193919  43010  71421 182220  44787
 183606 386314 357809 258451 192973  62065 357353 125554 182573 357265
 273750 182220 174032  43010 253311 278468 388710  43010 292066  92087
 253228 179434 137937 144715  71895 105968 346796 116827 174032 357265
  44430 360914 328910 386473 239197 175199 174032 294533 290231 357211
 220870 178965 323336 175425 357964 271200 280944  91041  60665 357265
 117967 384735 249167  71950 360914 278340 194667  71585 249714 249714
 190513 116827 204686 323392 357964 280944 386494 385523  71586 153176
  60665 327863 126852 174642  43010 103260 386320 173065 360914 177103
 144715  60665  43010 175599 336049 219190 357387 364228 194667 148356
 225951 193716 358159 137444 292986 383513 110846 108851 124744  88126
 341596 213200 192973  43010 148444 181890 148224 193716  57721 357211
 357265 328939 192973  56041 148224 357211 142645 188481 368320 125762
 123767 377864 357265 269953 185457 387695  71090 105867 269798 192973
 357265 329788 141504 114166 357211 313447 200035 371151  88276 165317
 329977 393192 296497 207044 198751 284110 241641  69984 381065 383217]
