OriginalClass, 0
NewClass, 0
NumberWordsChanged, 35
WordPositions
215	216	217	218	219	220	221	222	223	224	225	226	227	228	229	230	231	232	233	234	235	236	237	238	239	240	241	242	243	244	245	246	247	248	249	
OldWordVectorPositions
[357639  58997 337258 148269 357211 141941 181890 144744 274134 179018
 270970 177555 360914 323336  54718 136397      0 215204 116322 311632
      0 325976 380821  49495 357265 303305 297420 207480 326058 359970
  14480 192973 119370 269953 268046 357387 388710      0  54718 164966
 352162  72182 254258 368320 145839 345868 188481 181890 185457 383513
 225644 152216 360914 323392 358159 148224 151349 297928  43010 386494
  54718 141816 358461 254258 142757 385663 178401 358159 236253 348520
 254258 166402 181598      0 132405 160991 357265 261149 141814  90233
 272930 268046 357265 166193  14467 383513  52477  43010 111565  54718
 178623  62464 148224 386473 346323 246677 160991 388710 164966 181890
  87775 193716 110159 289450 106189 360914 358159 190737 281915 145839
 357265 303305 297420 207480 326058 359970 192973 172635 128527 269953
 268046 357265 250392 372147  54718 274021 193747 181890 148269 141863
 229835  54718 262350 226335 268046 357265 159619 110156 289450 107661
 246283 193716  54273 188953 241802 160991 388710 344850 164966 135310
 357265 303305 297420 120126 141950 269953 110156 181581 151349 188481
 134678 345867  54273 192049  54718 188953 106231 286789      0 348716
  43010 345951 370878 325990  54718  43010 159710 111565  62462 133834
 227839 105350 345422 253231  43010  84181 321937  54718 264550 219145
  43010 301353 146690  93265 218947  88126 357265 345273  71421  68596
  81730 358159 148224 332147 192973 269953 268046 357265 250392 273315
 105578 268046 135271  71425  54718 295472 356367 357265 148224 341901
 272930 188953 188481  43010  71421 164966  93405 188481 160180  60665
 223830 161859 208617      0  54718 177103 333050 141814 174642  71814
 147978 386423 357353 165837 355374 357387 357265 343963  72057  54273]
NewWordVectorPositions
[357639  58997 337258 148269 357211 141941 181890 144744 274134 179018
 270970 177555 360914 323336  54718 136397      0 215204 116322 311632
      0 325976 380821  49495 357265 303305 297420 207480 326058 359970
  14480 192973 119370 269953 268046 357387 388710      0  54718 164966
 352162  72182 254258 368320 145839 345868 188481 181890 185457 383513
 225644 152216 360914 323392 358159 148224 151349 297928  43010 386494
  54718 141816 358461 254258 142757 385663 178401 358159 236253 348520
 254258 166402 181598      0 132405 160991 357265 261149 141814  90233
 272930 268046 357265 166193  14467 383513  52477  43010 111565  54718
 178623  62464 148224 386473 346323 246677 160991 388710 164966 181890
  87775 193716 110159 289450 106189 360914 358159 190737 281915 145839
 357265 303305 297420 207480 326058 359970 192973 172635 128527 269953
 268046 357265 250392 372147  54718 274021 193747 181890 148269 141863
 229835  54718 262350 226335 268046 357265 159619 110156 289450 107661
 246283 193716  54273 188953 241802 160991 388710 344850 164966 135310
 357265 303305 297420 120126 141950 269953 110156 181581 151349 188481
 134678 345867  54273 192049  54718 188953 106231 286789      0 348716
  43010 345951 370878 325990  54718  43010 159710 111565  62462 133834
 227839 105350 345422 253231  43010  84181 321937  54718 264550 219145
  43010 301353 146690  93265 218947  88126 357265 345273  71421  68596
  81730 358159 148224 332147 192973 269953 268046 357265 250392 273315
 105578 268046 135271  71425  54718  77215  67772 386072 109200 314074
 371059 137221  83719 253098 170175  72030 378015 278056 294957 362139
 368984 133483 273139 223095 300239 368155  89366  85998 154323  51793
 335911  57465 229740 202995 220815 112250 262683 131250 252216 188070]
