OriginalClass, 0
NewClass, 1
NumberWordsChanged, 13
WordPositions
237	238	239	240	241	242	243	244	245	246	247	248	249	
OldWordVectorPositions
[185457 302802      0 357265 377945 371384 129154  54718 385594 268074
 191811 363116 360914 148427 337258 157111 360914 374162 357387 269798
 185457  81794 338084  89748  43010 102221  54718 357411 185457 342870
  45776 357265 127210 268046 306374 141999 104216 377790 185457 174642
 306374 141999   2479  15341  54718 174642 286407 306217 141999  21828
 265603 267401  54718 185457 174642  71814 188347 388710  51582 268046
 357387 139731 262389 386473 174032 360914 163237 128527 188481 179571
 174032  43010 102221  87775 263564 268046 357387  21828 105625  57196
 258155 360914 357265 129154  62696 268046  84181 164824 157103 186645
 193919 200035 151349 357265 316080 268046  87992  43010 129154 151349
 358159 157049 193716 192973 390092 141941 248238 268046 394564 359888
  54718 133946 194101 259914  71814 336113 137905 273428  43010 106518
 157049 188481 357265 384121 358159 174032 137905 239105  57194 357265
 343963      0 269798 154323 357265  21780 343963 188481 386473 101987
 303497 322774 151349 177103  84998 100176 154323 357265  15317 343963
 386886 192973 291929 246283 371151 357265 107761 268046 357265 129132
 370497 109427 223830 192973 209675  44608 358159 109427 142342 357265
 143954 357211 394474 358461 394474 122084 357387  21828 359970 188481
 357265 292066 343984 336113  48855 101987 388710 357265  61696 268046
 347714  83099 343046 369051 253767 372379 357265 366229 268046 357265
 302292 224614 268046 394564  84998 357265  21780  94533 136753 394474
 360914 108302 100176 357225 186645 394474 232569 360914 160418 357211
 144971 388755 313432 272930 268046 357265 311178 188481 146098 357265
 108302  58997 377945 334655  54718 357265 251021 268046 357265  97035
  58997 230465 302329 386423 357265  97014 264629 116668      0 143904]
NewWordVectorPositions
[185457 302802      0 357265 377945 371384 129154  54718 385594 268074
 191811 363116 360914 148427 337258 157111 360914 374162 357387 269798
 185457  81794 338084  89748  43010 102221  54718 357411 185457 342870
  45776 357265 127210 268046 306374 141999 104216 377790 185457 174642
 306374 141999   2479  15341  54718 174642 286407 306217 141999  21828
 265603 267401  54718 185457 174642  71814 188347 388710  51582 268046
 357387 139731 262389 386473 174032 360914 163237 128527 188481 179571
 174032  43010 102221  87775 263564 268046 357387  21828 105625  57196
 258155 360914 357265 129154  62696 268046  84181 164824 157103 186645
 193919 200035 151349 357265 316080 268046  87992  43010 129154 151349
 358159 157049 193716 192973 390092 141941 248238 268046 394564 359888
  54718 133946 194101 259914  71814 336113 137905 273428  43010 106518
 157049 188481 357265 384121 358159 174032 137905 239105  57194 357265
 343963      0 269798 154323 357265  21780 343963 188481 386473 101987
 303497 322774 151349 177103  84998 100176 154323 357265  15317 343963
 386886 192973 291929 246283 371151 357265 107761 268046 357265 129132
 370497 109427 223830 192973 209675  44608 358159 109427 142342 357265
 143954 357211 394474 358461 394474 122084 357387  21828 359970 188481
 357265 292066 343984 336113  48855 101987 388710 357265  61696 268046
 347714  83099 343046 369051 253767 372379 357265 366229 268046 357265
 302292 224614 268046 394564  84998 357265  21780  94533 136753 394474
 360914 108302 100176 357225 186645 394474 232569 360914 160418 357211
 144971 388755 313432 272930 268046 357265 311178 188481 146098 357265
 108302  58997 377945 334655  54718 357265 251021 386417 336142 399662
 197766 303426 385244 322933 375073 187704 212766 283863 261309 338646]
