OriginalClass, 0
NewClass, 1
NumberWordsChanged, 9
WordPositions
241	242	243	244	245	246	247	248	249	
OldWordVectorPositions
[357265  84181 357958  44608 388750 185457 192973 357211 193716  91592
 357211 264550 225289 219577 105014  54718 222138 110156 163237 134678
 384121 248238  52318 388710  51582 193919 272583 148466 153491 192973
 337301 151349 358451 386886 292769 259914 107670 178545 133717  54718
 200035 385594 344147 360914 389835  48014  11142 185457 209645 337258
 268046 357265  84478 328011 345108 357265 209493 191811 358159 148224
 386423 193716  90233 272930 188481 101287  87775 185457 319557 193716
  62065  43010 274867 182387 188481 171204  54718 141943 323425 360914
 302352 137548 193716 185457 166856 373316 188481 357265 151580 268046
 118288  54718 358159 361952 239105 344147  65680 360914 254258 253581
  54718 127853 117967 170714 337258 166369 236526 174339 360914 357969
 386306 357812  51582 373316 360914 264937 292769 313432 357265 224573
 110194 194101 383743 193716  43010 110481 268046 359970 269798 131420
  54718  52477 185457 323336 357265 148224  60665  54273 269062 236464
 357211 387695 342180 151616  60665 277915 268046 254258 104990 182540
  90548 185457 222471 358159 148224  54718 357265 116391 126852 323420
 308561 337262 185457  95616 133480 363080 357265 323024 171586 268046
 358159 148224  54718 185457 357969 357265 336297 191137 320245 388710
 357265 224598  58997  84182 127491 185457 222471 357265 246670 268046
 357265 358548 218947  97035  54718 357639 302352 192973 337258 226326
 390446 188481 177231  52318 388710 337258 377945 298013 222999  54718
 117064 185457 319690  43010 164328 335252 268046 190977 185457 174642
 365129 360914 267324 357265 338197  87775 193716 174032 264550  71814
 305007 327119  60665 193919  43010 109194 337266 361391 239105 193716
 383513 271500  43010 341162 286375 264550 297928 348373 182540 357211]
NewWordVectorPositions
[357265  84181 357958  44608 388750 185457 192973 357211 193716  91592
 357211 264550 225289 219577 105014  54718 222138 110156 163237 134678
 384121 248238  52318 388710  51582 193919 272583 148466 153491 192973
 337301 151349 358451 386886 292769 259914 107670 178545 133717  54718
 200035 385594 344147 360914 389835  48014  11142 185457 209645 337258
 268046 357265  84478 328011 345108 357265 209493 191811 358159 148224
 386423 193716  90233 272930 188481 101287  87775 185457 319557 193716
  62065  43010 274867 182387 188481 171204  54718 141943 323425 360914
 302352 137548 193716 185457 166856 373316 188481 357265 151580 268046
 118288  54718 358159 361952 239105 344147  65680 360914 254258 253581
  54718 127853 117967 170714 337258 166369 236526 174339 360914 357969
 386306 357812  51582 373316 360914 264937 292769 313432 357265 224573
 110194 194101 383743 193716  43010 110481 268046 359970 269798 131420
  54718  52477 185457 323336 357265 148224  60665  54273 269062 236464
 357211 387695 342180 151616  60665 277915 268046 254258 104990 182540
  90548 185457 222471 358159 148224  54718 357265 116391 126852 323420
 308561 337262 185457  95616 133480 363080 357265 323024 171586 268046
 358159 148224  54718 185457 357969 357265 336297 191137 320245 388710
 357265 224598  58997  84182 127491 185457 222471 357265 246670 268046
 357265 358548 218947  97035  54718 357639 302352 192973 337258 226326
 390446 188481 177231  52318 388710 337258 377945 298013 222999  54718
 117064 185457 319690  43010 164328 335252 268046 190977 185457 174642
 365129 360914 267324 357265 338197  87775 193716 174032 264550  71814
 305007 327119  60665 193919  43010 109194 337266 361391 239105 193716
 383513 235694 216310 129202 258739 278588 346431 113605 154557  88040]
