OriginalClass, 0
NewClass, 0
NumberWordsChanged, 35
WordPositions
215	216	217	218	219	220	221	222	223	224	225	226	227	228	229	230	231	232	233	234	235	236	237	238	239	240	241	242	243	244	245	246	247	248	249	
OldWordVectorPositions
[386494 357265 291553 268046 357265 148224 192973 292006 216426 269367
 192973 123126 388710      0 357265 148224 192973  54273  53645  54718
 137549 223830 150004 193919  52520  43010 117229  77162  74597 357108
 357265 148269 357809 385594 269798 360914 231458  47798 358159      0
 332239 358159 383513 357265 217787 171477      0 218263  54718 173403
 148224 188481 143954 193716 390143  71090  43010  65963 186344 264550
 360914 323336  57170 268046 357353 218067 148269  60665 357265 137937
  98032 192973 225979 188481 357760 148269  54718 357265  82339 286375
 357353 278085 295485 151349      0 366080 218263  54718 173403 148269
 259914 390138 126552 357809 170714  43010  77162 268046  54273 133480
 357211  51582 357265 217909 148269 215502 341406  54718 269367 389835
  62065  43010 181771 143996 358159 338189 292006 155345  87775 193716
 193408 264550 348535 388710  51582 357265 298589 269367 192973  44608
 360914 174642  43010 259305  83357  54718 253767 351934 337258 359888
 268074 389835 357265 126713 195355      0 179434 217787 148224 388710
 357265 354460 303032  54273 267465 381166 182573 357809 127708 222471
 315790  54718 341406 174032  54273 186344 268046 200035 305672  43010
  79061 359468 360914 357265      0 357809  90548 160418  51582 357265
 322568  49059 357809 383067 388755  51582 357265  81567 269889 357809
  58997 269798 357265  79061  43010 116674 139403 111855  79042 357265
  79061  54718 357809  51582  45133 325898 272930 360914 322568 152161
 358159 289201 268046 357265 148224  45929 383513      0  54718 357265
 377945 136979 389862 272930 377945 385217 386494 264550  43010 166369
      0 218263  54718 173403 148224 193716 383513 251645  74597 357108
 233708 268046 357387 332239 193716 170714 262350  55915  54718 125795]
NewWordVectorPositions
[386494 357265 291553 268046 357265 148224 192973 292006 216426 269367
 192973 123126 388710      0 357265 148224 192973  54273  53645  54718
 137549 223830 150004 193919  52520  43010 117229  77162  74597 357108
 357265 148269 357809 385594 269798 360914 231458  47798 358159      0
 332239 358159 383513 357265 217787 171477      0 218263  54718 173403
 148224 188481 143954 193716 390143  71090  43010  65963 186344 264550
 360914 323336  57170 268046 357353 218067 148269  60665 357265 137937
  98032 192973 225979 188481 357760 148269  54718 357265  82339 286375
 357353 278085 295485 151349      0 366080 218263  54718 173403 148269
 259914 390138 126552 357809 170714  43010  77162 268046  54273 133480
 357211  51582 357265 217909 148269 215502 341406  54718 269367 389835
  62065  43010 181771 143996 358159 338189 292006 155345  87775 193716
 193408 264550 348535 388710  51582 357265 298589 269367 192973  44608
 360914 174642  43010 259305  83357  54718 253767 351934 337258 359888
 268074 389835 357265 126713 195355      0 179434 217787 148224 388710
 357265 354460 303032  54273 267465 381166 182573 357809 127708 222471
 315790  54718 341406 174032  54273 186344 268046 200035 305672  43010
  79061 359468 360914 357265      0 357809  90548 160418  51582 357265
 322568  49059 357809 383067 388755  51582 357265  81567 269889 357809
  58997 269798 357265  79061  43010 116674 139403 111855  79042 357265
  79061  54718 357809  51582  45133 325898 272930 360914 322568 152161
 358159 289201 268046 357265 148224 134704 155965 351661 256949  93282
  51372 290526 211733  46760 237676 196026 367803 287508  92656 294130
  96471  49022  93078 130499 151074 128730 357583 284023 106364 223385
 391567 271249 386960 280147 371968 384295 111547 218005 200131  92214]
