OriginalClass, 0
NewClass, 0
NumberWordsChanged, 35
WordPositions
215	216	217	218	219	220	221	222	223	224	225	226	227	228	229	230	231	232	233	234	235	236	237	238	239	240	241	242	243	244	245	246	247	248	249	
OldWordVectorPositions
[ 50372 114017 174032  43010 226077 379445 338178  59193 388710 179434
 387353 334339 272930 268046 179434  57355 174032  43010 261149 268046
 129412 388710  43010 254580 215685 388710  43010 217449 174296 188481
  43010  68431 313329  88126  54932      0 188481  43010 260760 379058
 277915 151349  43010  96721  54718 307037 360914 148427 179434 387353
 118188  54718 357265 287768 219383  88126 358230 164155 382333 151349
 178965 179434  62699 360914 294007 179434  51345 357211 175199 383513
 388710 357211 254580 215685 144545  71494 141948 357211 175199  90548
 357969 268046      0 135513 108526 101983 357639 383513 259914  57170
 346372 281904 175199 137189 373316 388710 262350  51345  52673 179434
 323128 386886 323148 226345 178965 135627 299472  72481 178965 108455
  47798  43010 364928 175199 192973  64277 179434 118337 325079 299472
 341901 163745 272930  47798 357265 366229 125124 357211 164155 174032
 337258 128340 268046 179434 274148 327863  52520 148441  54273  52139
 188481  43010 154049 268046 114017 152979 361773 386886 383513  57698
 272930 268046 363116 357265 261149 268046 357265 111836 387695 327863
 102471 114017 188481 359888 357265 282970 215685 192973  69725 269798
  43010 264802  88126 387759 192700 357265 166369 262655 390422 109271
 389733  60665 251034 144877 209645 154323 272583 389912  88126 389733
 220562 232536 357265 261149 174032  43010 358476 143346 302427 388090
 262350 232536 268046 177103 274148 269953  90964  61762 386306 192973
 366080 269798 357265 348405  57196 357265 246283 387353 268046  43010
 316348 237383 264550  45929  71090 373588 324857 178965 241872 357211
 327863  60096 186645 175199 343256 174032 177103 197298 357265 241078
 237383 302352  71090  44493 360914 291284 363538 270970 383513 175199]
NewWordVectorPositions
[ 50372 114017 174032  43010 226077 379445 338178  59193 388710 179434
 387353 334339 272930 268046 179434  57355 174032  43010 261149 268046
 129412 388710  43010 254580 215685 388710  43010 217449 174296 188481
  43010  68431 313329  88126  54932      0 188481  43010 260760 379058
 277915 151349  43010  96721  54718 307037 360914 148427 179434 387353
 118188  54718 357265 287768 219383  88126 358230 164155 382333 151349
 178965 179434  62699 360914 294007 179434  51345 357211 175199 383513
 388710 357211 254580 215685 144545  71494 141948 357211 175199  90548
 357969 268046      0 135513 108526 101983 357639 383513 259914  57170
 346372 281904 175199 137189 373316 388710 262350  51345  52673 179434
 323128 386886 323148 226345 178965 135627 299472  72481 178965 108455
  47798  43010 364928 175199 192973  64277 179434 118337 325079 299472
 341901 163745 272930  47798 357265 366229 125124 357211 164155 174032
 337258 128340 268046 179434 274148 327863  52520 148441  54273  52139
 188481  43010 154049 268046 114017 152979 361773 386886 383513  57698
 272930 268046 363116 357265 261149 268046 357265 111836 387695 327863
 102471 114017 188481 359888 357265 282970 215685 192973  69725 269798
  43010 264802  88126 387759 192700 357265 166369 262655 390422 109271
 389733  60665 251034 144877 209645 154323 272583 389912  88126 389733
 220562 232536 357265 261149 174032  43010 358476 143346 302427 388090
 262350 232536 268046 177103 274148 269953  90964  61762 386306 192973
 366080 269798 357265 348405  57196 347231 380612 331341 300626 279380
 281317 341121 238948 386199 317597  67048 346596 133412 161399  47041
 137023 282213 233202 217719 163094 207519 333906 328830 339894 177137
  59820  52913  67105  47690 114871  77158  50494  54839 392206 138608]
