OriginalClass, 0
NewClass, 0
NumberWordsChanged, 35
WordPositions
215	216	217	218	219	220	221	222	223	224	225	226	227	228	229	230	231	232	233	234	235	236	237	238	239	240	241	242	243	244	245	246	247	248	249	
OldWordVectorPositions
[ 76084      0 300710 357108 300703 334386 251034  95616 126852 151050
 357265 341453 341310  54718 334382 168672 357211 174642  71585 336113
 139904 268046 193919 110362 357265  79560 358159 359888  59937 374207
 166777  54718 335128  59741  60665 385217  60665  54273  64354  60033
 268046 240394 384425  43010 332204 357225 379656 370644 188481 250392
      0 159619 284321  87775 357651 343256 200035 137680 144703 360914
 204679 334386  86248 154323  97783 357265 313189  80586  54718 357265
 286789 259914 344444 361939 144971 154323 357265 278684 357211      0
 167694 360914 142750 200035  60665 382779      0 348535 118700  32625
 383513 323427 295763 361189 388710 176551 154323 376146 240688 268046
 179434 144715 245660 323430 360914 174642  71814  43010 198487 292986
 154323 304971 268046 357265 124763 225644 358801 357265 111520 185457
 264628 265603      0 223634 188481 205835 289382 358808 357265 107878
 268046 357265 146154  87775 121972 144304 164328 125818  45776 357265
 162751 357265 251034 144214 360914 231458  54273 188350 134678 330915
 268046 357265  62414  54718 264937 193716 174032  71585 292006 251645
  43010 282970 268046 357265 378201 234840 259933 358159 270201 229835
 193716  57708 360914 239105 141816 249714  54718 336113 185457 344185
 254258 306496 360914 363394  43010 108884 128527 193716  51582 351989
 285908 188481 357265 243674 268046 357265 122023 386473  60665 187631
 348373 394504  48346 192973 173357 357265 250392 142400 224614 388710
 357211 315709 358461 185457 253767  46704 357211 357651  95616 163745
 360914  71090 262350  96602 268046  57170 264499 198418 296319 218595
 367676 373316 371695 152427 371148  71421 394550 175207 272930 191811
 357265 317383 151349  43010 261149 268046 118419  54718 154315 357211]
NewWordVectorPositions
[ 76084      0 300710 357108 300703 334386 251034  95616 126852 151050
 357265 341453 341310  54718 334382 168672 357211 174642  71585 336113
 139904 268046 193919 110362 357265  79560 358159 359888  59937 374207
 166777  54718 335128  59741  60665 385217  60665  54273  64354  60033
 268046 240394 384425  43010 332204 357225 379656 370644 188481 250392
      0 159619 284321  87775 357651 343256 200035 137680 144703 360914
 204679 334386  86248 154323  97783 357265 313189  80586  54718 357265
 286789 259914 344444 361939 144971 154323 357265 278684 357211      0
 167694 360914 142750 200035  60665 382779      0 348535 118700  32625
 383513 323427 295763 361189 388710 176551 154323 376146 240688 268046
 179434 144715 245660 323430 360914 174642  71814  43010 198487 292986
 154323 304971 268046 357265 124763 225644 358801 357265 111520 185457
 264628 265603      0 223634 188481 205835 289382 358808 357265 107878
 268046 357265 146154  87775 121972 144304 164328 125818  45776 357265
 162751 357265 251034 144214 360914 231458  54273 188350 134678 330915
 268046 357265  62414  54718 264937 193716 174032  71585 292006 251645
  43010 282970 268046 357265 378201 234840 259933 358159 270201 229835
 193716  57708 360914 239105 141816 249714  54718 336113 185457 344185
 254258 306496 360914 363394  43010 108884 128527 193716  51582 351989
 285908 188481 357265 243674 268046 357265 122023 386473  60665 187631
 348373 394504  48346 192973 173357 357265 250392 142400 224614 388710
 357211 315709 358461 185457 253767  99189 263153 237898 103384 135233
  94436 394254 252591 188973 265779 211361 141689 116149 251243 248761
 157112 122900  61194 398938 279847 139129 127650  46591 100344 223521
 179257 269001 128912 386122 178373 239386 145388 288181  98308 248566]
