OriginalClass, 0
NewClass, 1
NumberWordsChanged, 4
WordPositions
246	247	248	249	
OldWordVectorPositions
[ 45217 360914 198418 151446 228404 329853 147721  76608 268046  44646
 222825 222138 179434 166402 145741 237383 174642  71814  54273 267336
 388710 389400  54718  54273  44430 360914 116552 188481 357265 390079
 384121 151446  90266 174032 270201 290563 378776 360914 307133 268046
 251315 222825 132422 222138  87775 151349 386306 357265 148224 215522
 188481  97014 106348 193716 231492 373316 151349 188481  71425  54718
 121339 268046 379789 370922  71421 106409 268046 132422 148224 386306
 110156 174642  71814  43010 325549 268046 164678 343256 152906 151430
 174032  43010 372147 143297 151349 355367  43010 343963 357265 148224
 332533 268046 357265 222138 268046  43010 181586 394520 232536 176988
 151111 286468 357265 108037  54718 339924 102687 222820 360914  43010
 354766 269953 268046 179434  74390 310681 357265 148224 106728 368320
 394520 240788  85005 269798 364928 151349  43010 253218 357211  81562
 101976 360914 174642 105961 188481 102221  55411 247202 345399 357265
 363116 118748 360914 351934 200044 191811 357353 274148 172635  54718
 228308 357265 275346 268046 357387 373139 181208  44203 342881 191811
 357265 153303 175199  97247 357387 388710 179434 183993 355367 357387
 264550 360914 309813 178965 268046 179434 148908  75774  93018  54718
 357211 357809  58997  60665 164328  60665 228311 388710 178965  60665
 357265  82339 218608 386306 151063 323430 360914  71585 357265 273141
 151349  51582 110602      0 357641  60665  44203 113729 191615 388780
 360914 357265 120051  54718 183993 268046 357265 199376 200012  54718
 363116  71895 175199 345243 373484 357265 246283 223154 357265 148224
 286468 272930 222471 233708 198418 151430 251057 126552  43010 351113
 268046  53524  43010 117409 268046 247405 291285  43010 179180 268046]
NewWordVectorPositions
[ 45217 360914 198418 151446 228404 329853 147721  76608 268046  44646
 222825 222138 179434 166402 145741 237383 174642  71814  54273 267336
 388710 389400  54718  54273  44430 360914 116552 188481 357265 390079
 384121 151446  90266 174032 270201 290563 378776 360914 307133 268046
 251315 222825 132422 222138  87775 151349 386306 357265 148224 215522
 188481  97014 106348 193716 231492 373316 151349 188481  71425  54718
 121339 268046 379789 370922  71421 106409 268046 132422 148224 386306
 110156 174642  71814  43010 325549 268046 164678 343256 152906 151430
 174032  43010 372147 143297 151349 355367  43010 343963 357265 148224
 332533 268046 357265 222138 268046  43010 181586 394520 232536 176988
 151111 286468 357265 108037  54718 339924 102687 222820 360914  43010
 354766 269953 268046 179434  74390 310681 357265 148224 106728 368320
 394520 240788  85005 269798 364928 151349  43010 253218 357211  81562
 101976 360914 174642 105961 188481 102221  55411 247202 345399 357265
 363116 118748 360914 351934 200044 191811 357353 274148 172635  54718
 228308 357265 275346 268046 357387 373139 181208  44203 342881 191811
 357265 153303 175199  97247 357387 388710 179434 183993 355367 357387
 264550 360914 309813 178965 268046 179434 148908  75774  93018  54718
 357211 357809  58997  60665 164328  60665 228311 388710 178965  60665
 357265  82339 218608 386306 151063 323430 360914  71585 357265 273141
 151349  51582 110602      0 357641  60665  44203 113729 191615 388780
 360914 357265 120051  54718 183993 268046 357265 199376 200012  54718
 363116  71895 175199 345243 373484 357265 246283 223154 357265 148224
 286468 272930 222471 233708 198418 151430 251057 126552  43010 351113
 268046  53524  43010 117409 268046 247405 253012 172233 143592 261816]
