OriginalClass, 0
NewClass, 1
NumberWordsChanged, 35
WordPositions
215	216	217	218	219	220	221	222	223	224	225	226	227	228	229	230	231	232	233	234	235	236	237	238	239	240	241	242	243	244	245	246	247	248	249	
OldWordVectorPositions
[357651  43010  95614  52119 194101  52879 152393 188481 125124 357265
 166369 324500 372321 148224 357760 125123 174642 258200  52879  71814
 128978 148269 188481 254258 142808 372321 321734  45830  54718 181890
  58997 372321 151349 377945 377945 164328 302484 185457 152393 178401
 359402 269798 378546  62065  43010 199838 343871 246677 188481  53912
 110426 128705 268046 353092 268046 376236 297112 268046 110542 357225
 357265 270201 285908 185457 390138 148427 193716  60665 193716 192973
 343256 264550 269798 131420 386494 185457 383513 383752 199420 117769
  60665 222590 358808 357265 110542 268046 358159 148224 185457 383513
 337262  95614 185457 383513 383752  43010 166369 371543 281311 393657
 185457 170714 292067 323431 117769 188481 326145 335128 278085  54718
 269953 341856 310672 188481  43010 278349 360914 189129  87775  52673
 327863 383513 347755 188481 357265  47650 148224 178401 359402 192973
  43010 123767  55539 137938 332239 302802 383752 161462  59750 217909
 148224  97209 166275 185457 383513  45980  64317 268046 357265 337917
 268046  45910 386473 188348 177103 117769 129101 251645 249714 357108
  43010 278423 306285 360914  93686  77816 188481  81562 233320  54718
 325023 199420 117769 281311 192973 345272 185457  90964 319690 137680
 164328 357964  44608 193716 327863 327510  54273  53201 270254 304966
 388710 394520 102293 203263  60665  52139 358159 148269 272583 166369
  45910 357651  43010 225985 268046 128966  54718 297687 183884 357809
 327481 361189 357265 122134 268046 386473 185457 389497 291928 360914
 307133 177231 323336 193716 151349 394572 357651 361939 251645 164328
 188481 178401 359402 360914 110707 188481 269953 307253 189034 185457
 390138 173357  92019 360914 357265 148224 338969 385217 137680 151349]
NewWordVectorPositions
[357651  43010  95614  52119 194101  52879 152393 188481 125124 357265
 166369 324500 372321 148224 357760 125123 174642 258200  52879  71814
 128978 148269 188481 254258 142808 372321 321734  45830  54718 181890
  58997 372321 151349 377945 377945 164328 302484 185457 152393 178401
 359402 269798 378546  62065  43010 199838 343871 246677 188481  53912
 110426 128705 268046 353092 268046 376236 297112 268046 110542 357225
 357265 270201 285908 185457 390138 148427 193716  60665 193716 192973
 343256 264550 269798 131420 386494 185457 383513 383752 199420 117769
  60665 222590 358808 357265 110542 268046 358159 148224 185457 383513
 337262  95614 185457 383513 383752  43010 166369 371543 281311 393657
 185457 170714 292067 323431 117769 188481 326145 335128 278085  54718
 269953 341856 310672 188481  43010 278349 360914 189129  87775  52673
 327863 383513 347755 188481 357265  47650 148224 178401 359402 192973
  43010 123767  55539 137938 332239 302802 383752 161462  59750 217909
 148224  97209 166275 185457 383513  45980  64317 268046 357265 337917
 268046  45910 386473 188348 177103 117769 129101 251645 249714 357108
  43010 278423 306285 360914  93686  77816 188481  81562 233320  54718
 325023 199420 117769 281311 192973 345272 185457  90964 319690 137680
 164328 357964  44608 193716 327863 327510  54273  53201 270254 304966
 388710 394520 102293 203263  60665  52139 358159 148269 272583 166369
  45910 357651  43010 225985 268046 128966  54718 297687 183884 357809
 327481 361189 357265 122134 268046 299267 349696 322761  74974  69694
 175750 211493 128145 138692 355951 345815 325312 259725 169232 308649
 225387  48789 392488  91097 181218 260620 313184  62371 231864 195795
 393021 302936 199263 277883  93945 176740 133249 352356 398760 382273]
