OriginalClass, 0
NewClass, 0
NumberWordsChanged, 35
WordPositions
215	216	217	218	219	220	221	222	223	224	225	226	227	228	229	230	231	232	233	234	235	236	237	238	239	240	241	242	243	244	245	246	247	248	249	
OldWordVectorPositions
[268745 336113 336880 193408 119136  54718 239188 222471  77696 313423
 270970  60665  75774  86085  60665 356186  15341  87775 269798 357265
 386896 185457 152393 193716 297928 137549 357265 143954 357211 214038
 313655 342186 188481  97014 264550 338966  54718  72182 379656 136538
 229835 357265 248245 386423 179434 183884  84720 358801  51582 357265
 249714 287464 185457 152393 179434 289254 268046 306671 136534 122455
 249714 362885 357108      0 188481 357265 350783 148269  54718  71895
 185457 160418 105868 393657 185457 209645 357211  59821 383513  43010
 114505  54718 214038 383513 183848  87775 357265 291553 295763 152216
  88126  81562 148269 383513 357265 316998 336113 360914 357265 148224
 193923  43010 302477      0  93265  58997  44493 360914 149920 272930
 358159 223830 343963 264550 302352 348373 186645 157996  87569  54718
 179434 368320 121353 385663  66020 270970 164377 336113 383513 370635
 360914 118742 386457 185457 222477 357387 270970 264550 357265 105300
 383513  43010 223830 249714 302329 258790  43010 246054  86766 268046
 279610      0 178236 386886 160418 388455 272930 154323 357265 160418
 163237 263939  43010 167631 268046 346290  48108 356379 277240  44608
      0  54718 132276 272583 214038 313655 192973 164328  54718 372357
 272583 105868 185457 126552 264550 146344 358159 387695 174642  43010
 258587 188025 269798 179434  92030 372357 237426 139402 154323 215204
 325297  58997 346372 147707 111470 322740 282022 174032 302352 127491
 179434 217850 145583 293982  88126 108156 357265 144712 262438 321734
 222955  54718 357265 306581 268046 357265  93265 176555 149920 272930
 358159 278702  67817 268046 280944 231552 357265 250392 268046  43010
  65963 333189  54718 264550 126981 361939  66097 186645 394474 323336]
NewWordVectorPositions
[268745 336113 336880 193408 119136  54718 239188 222471  77696 313423
 270970  60665  75774  86085  60665 356186  15341  87775 269798 357265
 386896 185457 152393 193716 297928 137549 357265 143954 357211 214038
 313655 342186 188481  97014 264550 338966  54718  72182 379656 136538
 229835 357265 248245 386423 179434 183884  84720 358801  51582 357265
 249714 287464 185457 152393 179434 289254 268046 306671 136534 122455
 249714 362885 357108      0 188481 357265 350783 148269  54718  71895
 185457 160418 105868 393657 185457 209645 357211  59821 383513  43010
 114505  54718 214038 383513 183848  87775 357265 291553 295763 152216
  88126  81562 148269 383513 357265 316998 336113 360914 357265 148224
 193923  43010 302477      0  93265  58997  44493 360914 149920 272930
 358159 223830 343963 264550 302352 348373 186645 157996  87569  54718
 179434 368320 121353 385663  66020 270970 164377 336113 383513 370635
 360914 118742 386457 185457 222477 357387 270970 264550 357265 105300
 383513  43010 223830 249714 302329 258790  43010 246054  86766 268046
 279610      0 178236 386886 160418 388455 272930 154323 357265 160418
 163237 263939  43010 167631 268046 346290  48108 356379 277240  44608
      0  54718 132276 272583 214038 313655 192973 164328  54718 372357
 272583 105868 185457 126552 264550 146344 358159 387695 174642  43010
 258587 188025 269798 179434  92030 372357 237426 139402 154323 215204
 325297  58997 346372 147707 111470 322740 282022 174032 302352 127491
 179434 217850 145583 293982  88126 362736 198814 344191  73423 381826
 279531 313905 165000 104357 255243 190809 285268 158338 365027 269591
  57564 319898 298981 180010 335916  58395 195110 389107 271628 112717
 204304 374717 283992 389952 219157 158699 366245  52502  84602  89177]
