OriginalClass, 0
NewClass, 1
NumberWordsChanged, 8
WordPositions
242	243	244	245	246	247	248	249	
OldWordVectorPositions
[177260 386306 185457 209468  44608  62425  71895 383752 193716 193919
 268224 125444 148908  55553 321734  47021 187631 264550 348373 182540
  45290 357211 192973 185457 222471 360914 261943  87775 193716 229835
 239105 113894 148908 359888 185457 175426 193716 121731 357265 292061
 225639 151349 357265 250392 277915 116454 108564 141996 193716 383513
  52520 361939 112884  45217 360914 337258 112062  47798 357265 143954
 193716  57698 123517 336113  66097 357211 125431 315709 322197 193716
 220930 306203 340411 207126 336113 388710  51582 357211 315709 182540
 192973 357265 251034      0 187631  43010 346412 151349  55553 144917
 357211 192217 343395 253590  54718 300130 338994 133907  57194  87775
  62425 163634  51582 272930 193919  43010 358821 360914  51582 357265
  95923      0 329871 188481  71425  54718 357265  71290  54718  50290
 336113 251645 336113 357211 193919  52261  54273 133907  55562      0
 329973 357265  97035 237426  59057 357211 240743 142342 281353 151349
 357265 329106 239526 268214  54718 357265 286799  43010 223830 130591
  87775 358159 193408  43010 251034 394474 383735 151349 357265 286789
 177260  43010 108327 357211  81570 239105 357265 144227  60665 188481
 193716 270201 361952 188481 222471      0 270970 337301 185457 209645
  55562      0 207423 360914 323336 147896  85980 268046 357211 268046
 358159 251034 106190 360914 357265 288926 268046 330106  54718 248929
 188692 174032  71814 323431  60665 141986 268046 357265 118337 268046
 363494  55559 185457 127708 357969 357225 366080 182540 126552 394474
  45230 151349 357265 338275 277606 251034 386306  44608 148339 144917
 302352 357265 343963  54718 357265  60444 192973 141950 264550 357265
 242245 185457 127708 209645 386306 125444 105630 251034 387695  71090]
NewWordVectorPositions
[177260 386306 185457 209468  44608  62425  71895 383752 193716 193919
 268224 125444 148908  55553 321734  47021 187631 264550 348373 182540
  45290 357211 192973 185457 222471 360914 261943  87775 193716 229835
 239105 113894 148908 359888 185457 175426 193716 121731 357265 292061
 225639 151349 357265 250392 277915 116454 108564 141996 193716 383513
  52520 361939 112884  45217 360914 337258 112062  47798 357265 143954
 193716  57698 123517 336113  66097 357211 125431 315709 322197 193716
 220930 306203 340411 207126 336113 388710  51582 357211 315709 182540
 192973 357265 251034      0 187631  43010 346412 151349  55553 144917
 357211 192217 343395 253590  54718 300130 338994 133907  57194  87775
  62425 163634  51582 272930 193919  43010 358821 360914  51582 357265
  95923      0 329871 188481  71425  54718 357265  71290  54718  50290
 336113 251645 336113 357211 193919  52261  54273 133907  55562      0
 329973 357265  97035 237426  59057 357211 240743 142342 281353 151349
 357265 329106 239526 268214  54718 357265 286799  43010 223830 130591
  87775 358159 193408  43010 251034 394474 383735 151349 357265 286789
 177260  43010 108327 357211  81570 239105 357265 144227  60665 188481
 193716 270201 361952 188481 222471      0 270970 337301 185457 209645
  55562      0 207423 360914 323336 147896  85980 268046 357211 268046
 358159 251034 106190 360914 357265 288926 268046 330106  54718 248929
 188692 174032  71814 323431  60665 141986 268046 357265 118337 268046
 363494  55559 185457 127708 357969 357225 366080 182540 126552 394474
  45230 151349 357265 338275 277606 251034 386306  44608 148339 144917
 302352 357265 343963  54718 357265  60444 192973 141950 264550 357265
 242245 185457 184804 123941 138730 332580  56801 351099 129676 208387]
