OriginalClass, 0
NewClass, 1
NumberWordsChanged, 30
WordPositions
220	221	222	223	224	225	226	227	228	229	230	231	232	233	234	235	236	237	238	239	240	241	242	243	244	245	246	247	248	249	
OldWordVectorPositions
[200035 148534 383752 357265 251034  54718 383071 360914 162051 254258
 274148      0 200044 360914 357265 251034 148908 268046  51582 360914
 160418 357964 344147 358159 251034 192973 264550 291964 360914  71090
  57189 272583 357108  43010 336967  45830 105647 251034 193716 126852
  48971 360914 307360 357265 251034 189462  54718 157836 112045  45153
 263939 126848 193716 383067 360914  71090 304136  60665 269953 186645
 394474 302352 383067 360914 137548 358159 251034 360914 357265 155090
 185457 346704 394474 124986 394564      0  54718 394564 225455 151349
  43010 164328 286789  71494 394474 389497 148427  57170 188481 177231
 388710 357211 139954 220870 374020 155499 191811 357265 251034 185457
 170714 226394 142757 151349 358159 251034 332147  71494 193716 123557
 174642  43010 344850      0 251042 185457 371384 358159 251034  60665
 385217  87775 185457 259914 142758 254554 360914 137548 358159 251034
 357211 251645 185457 141816 137551 358159 249714 357108 357265 342838
 100133      0 185457 148427 213723 154727 184472 360914  71090 179434
  74390 133946  54718      0 300970 193716  43010  40724  60665 385217
  45830 192973 359611  54718 138304 386494 105647  99805 269798 360914
 357265 308561 285942 339863  51028 185457 357969 357265  45830 243977
  71090 372704  87775 386983 390138 185457 383067 360914 383735  43010
 325572  69911 251034  57195 357639  58997  43010 225985 272583 340037
      0 357211  52477 123517 193716 385217 386983 111448  56041 339863
 136979 187631 264550 141816 348373 386983 394567 302232 358159 163237
  48608  54718 383735 193716 200035 305224 262350 357979 200035 383735
 137548 335364 218167  54718 141941 269889 188481  43010 386494      0
 251034 189462 111450 236254 346372  60665 295147 147717 270970 357265]
NewWordVectorPositions
[200035 148534 383752 357265 251034  54718 383071 360914 162051 254258
 274148      0 200044 360914 357265 251034 148908 268046  51582 360914
 160418 357964 344147 358159 251034 192973 264550 291964 360914  71090
  57189 272583 357108  43010 336967  45830 105647 251034 193716 126852
  48971 360914 307360 357265 251034 189462  54718 157836 112045  45153
 263939 126848 193716 383067 360914  71090 304136  60665 269953 186645
 394474 302352 383067 360914 137548 358159 251034 360914 357265 155090
 185457 346704 394474 124986 394564      0  54718 394564 225455 151349
  43010 164328 286789  71494 394474 389497 148427  57170 188481 177231
 388710 357211 139954 220870 374020 155499 191811 357265 251034 185457
 170714 226394 142757 151349 358159 251034 332147  71494 193716 123557
 174642  43010 344850      0 251042 185457 371384 358159 251034  60665
 385217  87775 185457 259914 142758 254554 360914 137548 358159 251034
 357211 251645 185457 141816 137551 358159 249714 357108 357265 342838
 100133      0 185457 148427 213723 154727 184472 360914  71090 179434
  74390 133946  54718      0 300970 193716  43010  40724  60665 385217
  45830 192973 359611  54718 138304 386494 105647  99805 269798 360914
 357265 308561 285942 339863  51028 185457 357969 357265  45830 243977
  71090 372704  87775 386983 390138 185457 383067 360914 383735  43010
 325572  69911 251034  57195 357639  58997  43010 225985 272583 340037
      0 357211  52477 123517 193716 385217 386983 111448  56041 339863
 136979 187631 264550 141816 348373 386983 394567 302232 358159 163237
 169193 362432 369118  68848  92039 277062 303476 190144  54833 290712
  65786 299770 197637 250589 339579 286659 261339 217833 385761 153423
 185552 362032  88195 297939 351776 392116 118101 222415 299777 212619]
