OriginalClass, 0
NewClass, 1
NumberWordsChanged, 5
WordPositions
245	246	247	248	249	
OldWordVectorPositions
[ 44608 368320 184067 240688 268046  43010 102679 268553 374067 148224
 336350 256053 101290 158262 269798  63132  13507  17435 360914 378760
  43010 292533 101288 292430 268046 242945      0  14445 148224 395360
 287479 101290 124763 198418 142128 386886 126848  43010 347962 198213
 268046 267327 357265 148472 292450 151349 179434 325549 327488 388710
 357265  62979  71896 357211 358159 292430 383513 339019 150426 273428
 154323 193788 151349 358159 269953 330018 270201 357265  62979 383513
 176239 339225  60665 357265 148224 371779 193919      0 269798 357265
 183606 276593 322171 383752 358159 347755 292430 330027 357265 384121
  57010 191034 229835 269953  64317 357211 358159 192973 189034  43010
 247417  60228 389835 193716 383513  51582 357265 249714 149179 357211
 357265 325549 192973 182408 188481 357265 102679      0 268046  60228
 188481 372265 101449      0 106409  58997 111449 151349 357265 101288
 216852 179434  71421  66990 268046 187656 344716 374162 268046 105350
 349406 100012 251022  51582  58997 357265 389835 268046  43010 159709
  60429 374252 357265 322171  60665 179434  91182  62065 217787 357265
  62979 110156 371425 395360 287479  60665 193919 256745 371779 193716
  71488 267358 357211 358159 389835 192973 264550  44608 343963 281063
 322561  87775 301000  54273  60445 188354 305458 268046 149864 187656
 268046 179434 345908 357265 325990 268046 337258 268046 357265 249714
 367484  45882 268046 357265 333385 294049 270201  43010 128978 250594
 151349 357265  60445 349406 104929  57010 192973 264550  81901  88126
 108379 256745 341475  54718  90548 279112  62065  57170 287479 360914
 111461 136254  54273 141844 388710 165855 136178 357265  62979 387802
 385594 388710 357265 150400 268046 179434 305181 187671  60665 179434]
NewWordVectorPositions
[ 44608 368320 184067 240688 268046  43010 102679 268553 374067 148224
 336350 256053 101290 158262 269798  63132  13507  17435 360914 378760
  43010 292533 101288 292430 268046 242945      0  14445 148224 395360
 287479 101290 124763 198418 142128 386886 126848  43010 347962 198213
 268046 267327 357265 148472 292450 151349 179434 325549 327488 388710
 357265  62979  71896 357211 358159 292430 383513 339019 150426 273428
 154323 193788 151349 358159 269953 330018 270201 357265  62979 383513
 176239 339225  60665 357265 148224 371779 193919      0 269798 357265
 183606 276593 322171 383752 358159 347755 292430 330027 357265 384121
  57010 191034 229835 269953  64317 357211 358159 192973 189034  43010
 247417  60228 389835 193716 383513  51582 357265 249714 149179 357211
 357265 325549 192973 182408 188481 357265 102679      0 268046  60228
 188481 372265 101449      0 106409  58997 111449 151349 357265 101288
 216852 179434  71421  66990 268046 187656 344716 374162 268046 105350
 349406 100012 251022  51582  58997 357265 389835 268046  43010 159709
  60429 374252 357265 322171  60665 179434  91182  62065 217787 357265
  62979 110156 371425 395360 287479  60665 193919 256745 371779 193716
  71488 267358 357211 358159 389835 192973 264550  44608 343963 281063
 322561  87775 301000  54273  60445 188354 305458 268046 149864 187656
 268046 179434 345908 357265 325990 268046 337258 268046 357265 249714
 367484  45882 268046 357265 333385 294049 270201  43010 128978 250594
 151349 357265  60445 349406 104929  57010 192973 264550  81901  88126
 108379 256745 341475  54718  90548 279112  62065  57170 287479 360914
 111461 136254  54273 141844 388710 165855 136178 357265  62979 387802
 385594 388710 357265 150400 268046  60870  48270 129956 225392 361585]
