OriginalClass, 0
NewClass, 0
NumberWordsChanged, 35
WordPositions
215	216	217	218	219	220	221	222	223	224	225	226	227	228	229	230	231	232	233	234	235	236	237	238	239	240	241	242	243	244	245	246	247	248	249	
OldWordVectorPositions
[358159 192973  43010 347767 187674 226394  86085 321734 251034 154323
 113550 124763 379270 257069 357265 148224 286468 272930 222471  43010
 112477 268046 283313 200331 123434 388710 179595  54718 112235  54718
 357265 148224 351989 269798  43010 372147 146344 222471 264612 394474
 390138 174642 323431 357265 148224 192973 347767 329853 185457 226278
 357265 101299 188481 358159 193716 146354 153836  54718 271493 286805
 357265 148224 142906 332007 357400 360914 148269 222471 362759 302727
 117140 101722  54718 357265 236752  54718 193919 292006 341660 321734
 345206 249790 347077 197012 264310 192973  43010 346271 386886 192973
  80958 388710 179434 222138  54718 174032 118743 360914 351934  43010
 198213  60665  43010 106170 340411 151349      0  43010 217449 354655
 109427 175199 239798 373316 388710  43010 303214 268214  62065 357265
  71956 386886  84243 347077 269798  79023  54718 190826 178965 269798
 386306 175199 174032 360914 126552 193716  69842 192217 163745 360914
 107051 268046 309337 106163  54718 303157 357387 378205  43010 318965
 364050 122509 125252  60665  43010 280459 193716  52520 239197 357211
 175199 253767 351934 269798  43010 123767 281908  54718 204679 193716
  43010 323118 154323 179434 387353  47798 179434 148908 198213 357964
  71585 344232 179434 170575  96721 179434 281924  71959 360914 123760
  54718 175199 346600 275321 188481 179434 258325  54718 175224  60665
 385217  60665 261193 175199 136928  43010  71421 389400 256053 309242
 152291 286407  88126  54273 191909  93265 227116 223907 175199 351989
  54273 190737  62803 360914 182573 386423 175199 163634 188481 179434
 260309 198213  54718 323449 177103  47887 327863 307138 177555 360914
  71090  54273  48041 268046 337258 337917 386886 307138 357211 179434]
NewWordVectorPositions
[358159 192973  43010 347767 187674 226394  86085 321734 251034 154323
 113550 124763 379270 257069 357265 148224 286468 272930 222471  43010
 112477 268046 283313 200331 123434 388710 179595  54718 112235  54718
 357265 148224 351989 269798  43010 372147 146344 222471 264612 394474
 390138 174642 323431 357265 148224 192973 347767 329853 185457 226278
 357265 101299 188481 358159 193716 146354 153836  54718 271493 286805
 357265 148224 142906 332007 357400 360914 148269 222471 362759 302727
 117140 101722  54718 357265 236752  54718 193919 292006 341660 321734
 345206 249790 347077 197012 264310 192973  43010 346271 386886 192973
  80958 388710 179434 222138  54718 174032 118743 360914 351934  43010
 198213  60665  43010 106170 340411 151349      0  43010 217449 354655
 109427 175199 239798 373316 388710  43010 303214 268214  62065 357265
  71956 386886  84243 347077 269798  79023  54718 190826 178965 269798
 386306 175199 174032 360914 126552 193716  69842 192217 163745 360914
 107051 268046 309337 106163  54718 303157 357387 378205  43010 318965
 364050 122509 125252  60665  43010 280459 193716  52520 239197 357211
 175199 253767 351934 269798  43010 123767 281908  54718 204679 193716
  43010 323118 154323 179434 387353  47798 179434 148908 198213 357964
  71585 344232 179434 170575  96721 179434 281924  71959 360914 123760
  54718 175199 346600 275321 188481 179434 258325  54718 175224  60665
 385217  60665 261193 175199 136928  43010  71421 389400 256053 309242
 152291 286407  88126  54273 191909 110185 361184  54629  97783 350910
 276000 196501 391204 233116 273028  60117 204042  94062 340101 101462
  75057 122175 186396 206155  75696 175284 354695  49567  70697 144602
 351856 182828 154225 127821 377917 256797 126195 248838 303235 216680]
