OriginalClass, 0
NewClass, 1
NumberWordsChanged, 2
WordPositions
248	249	
OldWordVectorPositions
[242967 310340 192973  43010      0 178637 324931 386886 125125 357211
 327863 174032  43010 290201 295245  54718  71959  53156 363600  62065
  43010  84917 170011 318010 128377 192973  43010  43010 172650 394520
 232536  68856 269089 357108 327863 386886  52520 363609 357639 357809
 239785  47798 102208 336113 360914 338955  54718 146344  62801 360914
 132276 272583 262350 326240 318010 174032  71814 190818 360914 319417
 193716 151349 179434 260309  82030  81562  58997 277992 188481  43010
      0  62315 293158 357211 231492 262350 125765  74651 231933  54718
 146699  43010 246054  62696 360914 221115 357265  62315 286442 147810
  43010 107637 298759 105862 302802  55902  54718 185457 349343 187631
 264550 231552 358159 373316 220930 143869 193716 357265 291804 192973
  77486 187631 177231 360914 231458  54273 138614 281961 267256 240788
  54718 389422  58997 123767 264937 188481  42571  93054 272930 268046
   5382 358159      0 231458  57170 123763 188481 283877 281311  87775
 188481 357265 362049 269953 281113 363593  62314 386959 333816 174642
  71814 181202 360914  43010 148444 133480 240788 159426 174642 357265
  47002 388710 357353 256757 179268 357809  90548 313329 145491  54718
 357809 174642 166401 253494 236058  54718 373489 362584 344578 357760
 123765 188481  79376  86363 231458 193716 289446 151349 389422 360914
 162051  76933  54718 299527  99004  54718 151349 240788 360914  93656
  54718 207423 151204 151349 357387 358159 326293  75772 192973 357265
 306708 268046 357265 281283 264164 292848 268046 257293 323933 388755
 193716 357639 243977 264550  71090  57170 183900  62065  51582  54718
 357211  82339  54718 161859 192973 386983 357809 174642 241045 141855
  54718 389428 141855  62065 357265 269544 185457 338955 360914 394474]
NewWordVectorPositions
[242967 310340 192973  43010      0 178637 324931 386886 125125 357211
 327863 174032  43010 290201 295245  54718  71959  53156 363600  62065
  43010  84917 170011 318010 128377 192973  43010  43010 172650 394520
 232536  68856 269089 357108 327863 386886  52520 363609 357639 357809
 239785  47798 102208 336113 360914 338955  54718 146344  62801 360914
 132276 272583 262350 326240 318010 174032  71814 190818 360914 319417
 193716 151349 179434 260309  82030  81562  58997 277992 188481  43010
      0  62315 293158 357211 231492 262350 125765  74651 231933  54718
 146699  43010 246054  62696 360914 221115 357265  62315 286442 147810
  43010 107637 298759 105862 302802  55902  54718 185457 349343 187631
 264550 231552 358159 373316 220930 143869 193716 357265 291804 192973
  77486 187631 177231 360914 231458  54273 138614 281961 267256 240788
  54718 389422  58997 123767 264937 188481  42571  93054 272930 268046
   5382 358159      0 231458  57170 123763 188481 283877 281311  87775
 188481 357265 362049 269953 281113 363593  62314 386959 333816 174642
  71814 181202 360914  43010 148444 133480 240788 159426 174642 357265
  47002 388710 357353 256757 179268 357809  90548 313329 145491  54718
 357809 174642 166401 253494 236058  54718 373489 362584 344578 357760
 123765 188481  79376  86363 231458 193716 289446 151349 389422 360914
 162051  76933  54718 299527  99004  54718 151349 240788 360914  93656
  54718 207423 151204 151349 357387 358159 326293  75772 192973 357265
 306708 268046 357265 281283 264164 292848 268046 257293 323933 388755
 193716 357639 243977 264550  71090  57170 183900  62065  51582  54718
 357211  82339  54718 161859 192973 386983 357809 174642 241045 141855
  54718 389428 141855  62065 357265 269544 185457 338955 342583 224456]
