OriginalClass, 0
NewClass, 1
NumberWordsChanged, 4
WordPositions
246	247	248	249	
OldWordVectorPositions
[182387 268046 157111 192973  43010 149799 107873 148224  54718 269953
 268046 357265 147468 148269 185457 174642 323431 357211 170714 239105
 157513  62065 357265 322171 188481  61882  62065 182540 102692  54718
 371695 193716 137189 185457 148908 319557 193716 269798 378546  43010
 147468 393334  65680  47798 302232 310457 132821 307253 386473 292872
 193716 357265  74390 148224 268046  14780 185457 170714 254258 128340
 231117  71494 193716 192973 264550 297928  60665 385217 209675  60665
 272583 148269 154323 357211 393301  82265 383513 185457 188481 151349
  43010 348531 358159 383513 269953 268046 357265 335214 250392      0
 251057 185457 170714 141863 323431 357265 322181 192973 297928  43010
 284318 268046 389835 264550 270201 188481 356211 268046 357265 286789
 386473 368294  54718 367700  54718 295132 357265 313031 272930 154323
 371151 394474 200035 386423 394474 357969 394474 174642 193716  51582
 148021 272930  87775  52520 188481 356211 268046  97014 122455 269798
 254258 323024 378770 185457  71917 360914 302343 357211      0 322181
 346315 264550 270201  60665  43010 102687 348716 148224  87775 357211
 132276 286789 122455 108282 360914 272881 371428 268046 357265  97035
  54718 357353 250547 357265 102799 268046 357265 251034 192973 278020
 133900  71494 193716 192973  44787 189555 193716 342706 257315 154323
 386306 384373 209645  44608 357265  97035  54718 193716 192973 357644
 251645 249714 357108 200035  54273  58548 368283 137073 357265 281316
  88126 222921 112553  54718 198312 233549  52520  46173 137672 360914
 357265 148224 185457  90964 284277  57170 272583  45893  74313 233549
 286442 357265 310672 268046 244146  54718 112553 286468 177103 310672
 388710 200035 357265 308561  53974 268046 306662 360914 346704  43010]
NewWordVectorPositions
[182387 268046 157111 192973  43010 149799 107873 148224  54718 269953
 268046 357265 147468 148269 185457 174642 323431 357211 170714 239105
 157513  62065 357265 322171 188481  61882  62065 182540 102692  54718
 371695 193716 137189 185457 148908 319557 193716 269798 378546  43010
 147468 393334  65680  47798 302232 310457 132821 307253 386473 292872
 193716 357265  74390 148224 268046  14780 185457 170714 254258 128340
 231117  71494 193716 192973 264550 297928  60665 385217 209675  60665
 272583 148269 154323 357211 393301  82265 383513 185457 188481 151349
  43010 348531 358159 383513 269953 268046 357265 335214 250392      0
 251057 185457 170714 141863 323431 357265 322181 192973 297928  43010
 284318 268046 389835 264550 270201 188481 356211 268046 357265 286789
 386473 368294  54718 367700  54718 295132 357265 313031 272930 154323
 371151 394474 200035 386423 394474 357969 394474 174642 193716  51582
 148021 272930  87775  52520 188481 356211 268046  97014 122455 269798
 254258 323024 378770 185457  71917 360914 302343 357211      0 322181
 346315 264550 270201  60665  43010 102687 348716 148224  87775 357211
 132276 286789 122455 108282 360914 272881 371428 268046 357265  97035
  54718 357353 250547 357265 102799 268046 357265 251034 192973 278020
 133900  71494 193716 192973  44787 189555 193716 342706 257315 154323
 386306 384373 209645  44608 357265  97035  54718 193716 192973 357644
 251645 249714 357108 200035  54273  58548 368283 137073 357265 281316
  88126 222921 112553  54718 198312 233549  52520  46173 137672 360914
 357265 148224 185457  90964 284277  57170 272583  45893  74313 233549
 286442 357265 310672 268046 244146  54718 112553 286468 177103 310672
 388710 200035 357265 308561  53974 268046 220938 122566 340987  90770]
