OriginalClass, 0
NewClass, 0
NumberWordsChanged, 35
WordPositions
215	216	217	218	219	220	221	222	223	224	225	226	227	228	229	230	231	232	233	234	235	236	237	238	239	240	241	242	243	244	245	246	247	248	249	
OldWordVectorPositions
[388710 357265 305005 268046 282257 194740 144681 225800 268046 357265
 308945 365266 193716 192973 141816 132566 360914 125414 299852      0
  14574  55553 225800 268046 357265 308945 148224  60665 189642 185457
  48346 388710 357265 231371 357211 194740 365266 192973 357265 139904
 148224  46127 268046      0 389835  87775 357211 126848 264550 292042
 239105 154323 137552      0  53302 285236 133946 194733 174032  46709
 357211 175199 302790  62065 219145 337258 190698 154323 323392      0
 148224  54718 357639  58997 337258 102471 332012  74651 357353  46128
 357265 148269 105331 284283  65734  58997 142331  54718 357265 321937
 192973 240743 185457 383513 151349 357265 250392 277915 319038  88126
 357265 129093 268046 357265  97035 357265 275358 268046 285324  54718
 241609  54718      0  54718 156535  58997 250425 189259 154323 132276
 272583 379869 357265  67541  54718 364535 385663 372064  87775 357760
 287518 123557  81567 239105 377945 251645 182573 357265      0  58997
  58046 129098  54718 229835 346608 133832 357265 270201  97014 306002
 185457 383513  81568  88126 383513 317207 175199 383513 229835 360914
 225629      0 331755 358159 148224 192973 264802 151349 193919  55559
 354634 188481  46223 360914      0  97035 223944  45905  58997 188930
 191811 357265  55559 358801 311907 193716 192973 297928  57697 386473
  97035  58997      0  54718 386473  58997 311906  87775 263564 357265
 220815 185457 152393 357211 357265 148269 345399 383513  43010 264833
 357265 374162 268046 311906 223944  45905 151349 357265  70427 320245
 383513  43010 164328 118781  54718 176555 357760 320245 367634 272930
 385217 357265 380507  45815 383513 159426 268046 178401 297112 278020
 164328 383513 198418 184322 386886 294038  54273  63522 380507 151349]
NewWordVectorPositions
[388710 357265 305005 268046 282257 194740 144681 225800 268046 357265
 308945 365266 193716 192973 141816 132566 360914 125414 299852      0
  14574  55553 225800 268046 357265 308945 148224  60665 189642 185457
  48346 388710 357265 231371 357211 194740 365266 192973 357265 139904
 148224  46127 268046      0 389835  87775 357211 126848 264550 292042
 239105 154323 137552      0  53302 285236 133946 194733 174032  46709
 357211 175199 302790  62065 219145 337258 190698 154323 323392      0
 148224  54718 357639  58997 337258 102471 332012  74651 357353  46128
 357265 148269 105331 284283  65734  58997 142331  54718 357265 321937
 192973 240743 185457 383513 151349 357265 250392 277915 319038  88126
 357265 129093 268046 357265  97035 357265 275358 268046 285324  54718
 241609  54718      0  54718 156535  58997 250425 189259 154323 132276
 272583 379869 357265  67541  54718 364535 385663 372064  87775 357760
 287518 123557  81567 239105 377945 251645 182573 357265      0  58997
  58046 129098  54718 229835 346608 133832 357265 270201  97014 306002
 185457 383513  81568  88126 383513 317207 175199 383513 229835 360914
 225629      0 331755 358159 148224 192973 264802 151349 193919  55559
 354634 188481  46223 360914      0  97035 223944  45905  58997 188930
 191811 357265  55559 358801 311907 193716 192973 297928  57697 386473
  97035  58997      0  54718 386473  58997 311906  87775 263564 357265
 220815 185457 152393 357211 357265 148269 345399 383513  43010 264833
 357265 374162 268046 311906 223944 126858 349037 261472 233326 132439
 332235 237948 253357 386254 174710 165599 318023 156059 317204  84523
 181197  79539  52604  70715 282072 158783  69727 118606 223058 389785
 139668 231492 335030 206381 252174 349444 159347  53727 120635 395136]
