OriginalClass, 0
NewClass, 1
NumberWordsChanged, 1
WordPositions
249	
OldWordVectorPositions
[ 60665 337661  60665 185457 209468 204806      0  72182 188481 358159
 150004 185457 315709 185457 174642 360914 383735 358159 251034 328475
 357265 371548 231068  97014 127349  43010  81918 184160 177103 198213
  60665 357265 262350  45830 320245 390138 354424 374020 303950 177103
 302592 379445  62776 360914 222138 185457 174642 360914  46704 357211
 193919 357265 377945 148908 359888 357211 185457 383735  54273  45830
 251034 386959 250392 188273 320245  58997 357265 269953 188481 386473
 357265 169254  58997 144971  64331 154323  97035 172635 336113 358159
 343712 239105  43010  77162  57194 151349  51582 357265 198418 389762
 144877 357639  58997 176332 144575 128527 142909 169179  60665 186645
 193716 390138 299444  54718  43010 226326 204806 357211 329627 388710
 368320 229430 169254 269953 281063 172466 357265  93265 192973  44787
  84181 163745  74804 204806 386473 188481 358159 251034 192973  43010
 302292 361603 292006 251645 123767 154323 357265 226326  45830 148016
 385663 374167 360914 323336 243040 312116 192973  65680 388710 179434
 374385      0 143869  54718 179434 289867  79376 100306 382611 231492
 179434 198213 292006 385217  60665  43010 302334 329973 292972 220930
 163237 360914 357265 108081 358159 251034 174032  43010 199003 327392
 357265 352213 329973 320242 192973 125259 302292  57187 357211 383743
 357211 224431 268046      0  90548 355344 357211 358159 192973 357265
  49059 357211 394474  83421 188481 358451 333194  60665 385217  60665
 357265 292972 386423 127351 248214 319764 357211 357265 302334 357211
 329915 329973 127351 222138 192973 364246 262350 268180 175199  56165
 185457 127708 351934 193716 222471  54273 268180 358159 251034 289260
  43010 123789 222138 127349 105730 154323  43010 389937 357211 123557]
NewWordVectorPositions
[ 60665 337661  60665 185457 209468 204806      0  72182 188481 358159
 150004 185457 315709 185457 174642 360914 383735 358159 251034 328475
 357265 371548 231068  97014 127349  43010  81918 184160 177103 198213
  60665 357265 262350  45830 320245 390138 354424 374020 303950 177103
 302592 379445  62776 360914 222138 185457 174642 360914  46704 357211
 193919 357265 377945 148908 359888 357211 185457 383735  54273  45830
 251034 386959 250392 188273 320245  58997 357265 269953 188481 386473
 357265 169254  58997 144971  64331 154323  97035 172635 336113 358159
 343712 239105  43010  77162  57194 151349  51582 357265 198418 389762
 144877 357639  58997 176332 144575 128527 142909 169179  60665 186645
 193716 390138 299444  54718  43010 226326 204806 357211 329627 388710
 368320 229430 169254 269953 281063 172466 357265  93265 192973  44787
  84181 163745  74804 204806 386473 188481 358159 251034 192973  43010
 302292 361603 292006 251645 123767 154323 357265 226326  45830 148016
 385663 374167 360914 323336 243040 312116 192973  65680 388710 179434
 374385      0 143869  54718 179434 289867  79376 100306 382611 231492
 179434 198213 292006 385217  60665  43010 302334 329973 292972 220930
 163237 360914 357265 108081 358159 251034 174032  43010 199003 327392
 357265 352213 329973 320242 192973 125259 302292  57187 357211 383743
 357211 224431 268046      0  90548 355344 357211 358159 192973 357265
  49059 357211 394474  83421 188481 358451 333194  60665 385217  60665
 357265 292972 386423 127351 248214 319764 357211 357265 302334 357211
 329915 329973 127351 222138 192973 364246 262350 268180 175199  56165
 185457 127708 351934 193716 222471  54273 268180 358159 251034 289260
  43010 123789 222138 127349 105730 154323  43010 389937 357211 352361]
