OriginalClass, 0
NewClass, 1
NumberWordsChanged, 19
WordPositions
231	232	233	234	235	236	237	238	239	240	241	242	243	244	245	246	247	248	249	
OldWordVectorPositions
[142331 126747 272347  44608 357265 154061  54718 346118 309346  74651
 368320 385793 103898 306972 310167  67933 357265 116623 383275  54718
 357265  83867 198646 236080 386306 193716  45929 367700 272930 360914
  71090 192973  43010 289247 268046  43010  80923 294583  56977 260038
  54718 179434 362628 304966 388710 357265 306581 268046 357265 389937
 191291 151349  43010 253590 126747 357639 192973 173357  57170 253590
 386306 357639 192973 335726 268046 337509 249714 268345 357108 264550
  44573  88126 357265 281321 192973 188787 301000 357108  95247  52673
 357265 293785  58997 253618 357265 343963 192973 264550  44608 253590
  87775 301000  44608  43010 278020  53504 377861 268046  43010  84372
 254609 268046  43010  92859 222216 186573 269953 386431 262456 174032
 360914 351934 306554 151349  72019 222471 339861  46752 269798  43010
 155102  69895 353000 129721 379442 167519 131724  62777 134147 269798
  43010 366128 138304 319931  51582 268046 358159 192973 142468 270970
 289387 136930  71494 193716 107180 360914 337258 104993 176239 186344
  44608 386306 310167 192973  44608  60665  43010 148224 358159 192973
  43010      0 126747  87775 193716 299532 249714 297580 357108 193716
  56165 151349 142283 386983 192973      0 253590 336113 107637 151349
 337266 336113 387532  54718 273220  54718 175199 192973 387532  54718
 273220 179434 253590 259914 323430 360914 174642 293186  74804 357265
 250392 267358 121481 268046 179434  34427 186511 357265 343762 377078
 140213 151349 337266 386886 101983 360914  71090  44493 360914 286375
  39033 190842 175199 174032 259914  81568 360914 219109 360914 286375
  57170 269953 268046 357387  74804 357265 250392 312874 221115 332014
 357265 116623 383275  87362  53300 192973  69725 269798  43010 379789]
NewWordVectorPositions
[142331 126747 272347  44608 357265 154061  54718 346118 309346  74651
 368320 385793 103898 306972 310167  67933 357265 116623 383275  54718
 357265  83867 198646 236080 386306 193716  45929 367700 272930 360914
  71090 192973  43010 289247 268046  43010  80923 294583  56977 260038
  54718 179434 362628 304966 388710 357265 306581 268046 357265 389937
 191291 151349  43010 253590 126747 357639 192973 173357  57170 253590
 386306 357639 192973 335726 268046 337509 249714 268345 357108 264550
  44573  88126 357265 281321 192973 188787 301000 357108  95247  52673
 357265 293785  58997 253618 357265 343963 192973 264550  44608 253590
  87775 301000  44608  43010 278020  53504 377861 268046  43010  84372
 254609 268046  43010  92859 222216 186573 269953 386431 262456 174032
 360914 351934 306554 151349  72019 222471 339861  46752 269798  43010
 155102  69895 353000 129721 379442 167519 131724  62777 134147 269798
  43010 366128 138304 319931  51582 268046 358159 192973 142468 270970
 289387 136930  71494 193716 107180 360914 337258 104993 176239 186344
  44608 386306 310167 192973  44608  60665  43010 148224 358159 192973
  43010      0 126747  87775 193716 299532 249714 297580 357108 193716
  56165 151349 142283 386983 192973      0 253590 336113 107637 151349
 337266 336113 387532  54718 273220  54718 175199 192973 387532  54718
 273220 179434 253590 259914 323430 360914 174642 293186  74804 357265
 250392 267358 121481 268046 179434  34427 186511 357265 343762 377078
 140213 151349 337266 386886 101983 360914  71090  44493 360914 286375
  39033 190842 175199 174032 259914  81568 360914 219109 360914 286375
  57170 157175 290346  90504  44544 152971 278746 253410 106169 325177
 130836 176709 390667 146890 141466  98924 388163 288020 373793 321071]
