OriginalClass, 0
NewClass, 0
NumberWordsChanged, 35
WordPositions
215	216	217	218	219	220	221	222	223	224	225	226	227	228	229	230	231	232	233	234	235	236	237	238	239	240	241	242	243	244	245	246	247	248	249	
OldWordVectorPositions
[272881 337464 192973  43010 235556 142283 268046 278428 251034 231552
  62065 193919  47371  74390 193716 192973 188481 143954  43010 159709
 389439 268046  43010 251034  43010 280596  54718 190608 389835 268046
  60228 357211 100375 357265 223999 268046 358548 394520 190316 101722
 112597 176023  84917 161859 131142  43010 278014 347258 188481 357353
 223999 386423 357265 281741 268046 357353  57925  46940 387695 106228
 132276 268046 357387 360914 231458  43010 265557 268046 123789 222138
  52625  99775 357211 387695 222484 303442 386886 132276 268046 357387
 192973  60665 385217  60665 182540 357809 387695 108153 360914 304957
 360914 269953  56041 188481 393334 360914 105625 197733      0      0
 192973 165484  54718 370971 357639 192973 262350 318228 166164 325101
 263939  58997 357639 102713 308264 337176 188481 358159 148224 386306
 384373 323336 177231 323430  62065 359970 360914  71090 175449      0
 302292 357639 192973  43010 257304  43010 111497 186645 394474 387695
 188481 272881 337464 357211 348521 357211 268046 272583 161068 188481
 358159 159619 188839  53504 165622  54718 108583 178401 251645 268046
 357265 111503 151349 357265 148269 339643 163634 360914 193919 292407
  45905 357265 105586 291748 268046 240463 235405 234459 205584 383575
      0  54718  55730 332149 199094 192973 118013 290201 193716 390138
  71090 132683  54718 268046 110542  77960 267334 360914 125414  60665
 337258  57698 174642 357265 281316 268046 357760 358548  60665  57363
 270970 371633 188481 143954 357353 297687  97224 357353 190775 325007
 268046 123965  54718 357353 301369 337304 371057 191006 358808 357265
 148224  58997  44787 309442 269953 390138 174642 360914  71090 106329
 272930 268046 362866 388710 270970 106329 189200 360914 357265  72020]
NewWordVectorPositions
[272881 337464 192973  43010 235556 142283 268046 278428 251034 231552
  62065 193919  47371  74390 193716 192973 188481 143954  43010 159709
 389439 268046  43010 251034  43010 280596  54718 190608 389835 268046
  60228 357211 100375 357265 223999 268046 358548 394520 190316 101722
 112597 176023  84917 161859 131142  43010 278014 347258 188481 357353
 223999 386423 357265 281741 268046 357353  57925  46940 387695 106228
 132276 268046 357387 360914 231458  43010 265557 268046 123789 222138
  52625  99775 357211 387695 222484 303442 386886 132276 268046 357387
 192973  60665 385217  60665 182540 357809 387695 108153 360914 304957
 360914 269953  56041 188481 393334 360914 105625 197733      0      0
 192973 165484  54718 370971 357639 192973 262350 318228 166164 325101
 263939  58997 357639 102713 308264 337176 188481 358159 148224 386306
 384373 323336 177231 323430  62065 359970 360914  71090 175449      0
 302292 357639 192973  43010 257304  43010 111497 186645 394474 387695
 188481 272881 337464 357211 348521 357211 268046 272583 161068 188481
 358159 159619 188839  53504 165622  54718 108583 178401 251645 268046
 357265 111503 151349 357265 148269 339643 163634 360914 193919 292407
  45905 357265 105586 291748 268046 240463 235405 234459 205584 383575
      0  54718  55730 332149 199094 192973 118013 290201 193716 390138
  71090 132683  54718 268046 110542  77960 267334 360914 125414  60665
 337258  57698 174642 357265 281316 268046 357760 358548  60665  57363
 270970 371633 188481 143954 357353 148698 159529 275540 217265 171462
 247607 224887 332200 301791 199401 239809 211892 396218 156463 161458
 337444 127243 157017 304195 218906 397843 286719 188432 366522 205094
  86491 155116 204179 105755 210503  59725 371985 245170 203078 355726]
