OriginalClass, 0
NewClass, 1
NumberWordsChanged, 4
WordPositions
246	247	248	249	
OldWordVectorPositions
[185457 226278 160893 343906 188481 159391  87775 185457 278020 226278
  99074  62464  54718 135274 111565  84372      0 160893 343906 358159
 269953 297100 269798  51582 110456  43010 255780 394520 218608 336960
 188481      0 192973 325065 360914  43010 335128 379043 258155 357265
 322808 360914 325993  54273 135046 118662 389411 139994 193919 357265
  13906  43010 359888 386423 233708 243706  84407 163237 360914 357265
 322808 269798 374915 151349 357353 175376 385217 168566 386306 357651
 264612 175409  44608 357265 379043 268046      0 161234 357265 111565
 333112 268046 357265 135046 389411 183778  84875 378488 139994 386473
 192973 224608 269798 357265 154136 268046  43010      0 316615 235248
 386423 357265 218608 319435 357265 222138 268046  43010 335128 161844
 263564 268046 357265 224598 387695 176551 357265 137014 362756 394474
 148427 272930 386983 217909 269798 188481 357265 148224 175199 188596
 188999 357265 390279 268046  43010 231946 339643 357265 389400 188481
  77486 327863 192973 262350 148277 158468 390248  87775  43010 336967
  77486 331664 268046 231991  54718 141999 357265 378765 270201 323449
 177103  43010 147468 359970  87775 394474 146344 177103 231946 291748
 188481 141941 152894  60665 357265  90266 111563 373316 269798 357265
 218608 386494 177661 302232 358801 219649 276883 394474 142750 360914
 323336 357265 389400 188481  77486  62065  57170 248238 386423 357265
 218608 163634 272930 360914 357265 159445 327940 360914 367634 269798
 357265 135124 151349 357265 111565 269062 182387 357265  90266 335677
 188481 269798 178965  54718 394474 357969 328140 288767 373316 357639
 361939 382333 151349 357265 389400 188481  77486 360914 329973 373316
 192973      0 348717 386111 323431 233708 135310 268046 358159 343963]
NewWordVectorPositions
[185457 226278 160893 343906 188481 159391  87775 185457 278020 226278
  99074  62464  54718 135274 111565  84372      0 160893 343906 358159
 269953 297100 269798  51582 110456  43010 255780 394520 218608 336960
 188481      0 192973 325065 360914  43010 335128 379043 258155 357265
 322808 360914 325993  54273 135046 118662 389411 139994 193919 357265
  13906  43010 359888 386423 233708 243706  84407 163237 360914 357265
 322808 269798 374915 151349 357353 175376 385217 168566 386306 357651
 264612 175409  44608 357265 379043 268046      0 161234 357265 111565
 333112 268046 357265 135046 389411 183778  84875 378488 139994 386473
 192973 224608 269798 357265 154136 268046  43010      0 316615 235248
 386423 357265 218608 319435 357265 222138 268046  43010 335128 161844
 263564 268046 357265 224598 387695 176551 357265 137014 362756 394474
 148427 272930 386983 217909 269798 188481 357265 148224 175199 188596
 188999 357265 390279 268046  43010 231946 339643 357265 389400 188481
  77486 327863 192973 262350 148277 158468 390248  87775  43010 336967
  77486 331664 268046 231991  54718 141999 357265 378765 270201 323449
 177103  43010 147468 359970  87775 394474 146344 177103 231946 291748
 188481 141941 152894  60665 357265  90266 111563 373316 269798 357265
 218608 386494 177661 302232 358801 219649 276883 394474 142750 360914
 323336 357265 389400 188481  77486  62065  57170 248238 386423 357265
 218608 163634 272930 360914 357265 159445 327940 360914 367634 269798
 357265 135124 151349 357265 111565 269062 182387 357265  90266 335677
 188481 269798 178965  54718 394474 357969 328140 288767 373316 357639
 361939 382333 151349 357265 389400 188481  77486 360914 329973 373316
 192973      0 348717 386111 323431 233708 245542 210567 105272 313015]
