OriginalClass, 0
NewClass, 1
NumberWordsChanged, 28
WordPositions
222	223	224	225	226	227	228	229	230	231	232	233	234	235	236	237	238	239	240	241	242	243	244	245	246	247	248	249	
OldWordVectorPositions
[217787 261149 185457 148534      0 195527 143402  14694 357265  70928
 245291  46130 154323  97209  84845 164966 310815 264802 386473 192973
      0  43010 102221 268046 137444 223718 388710 360086 116296 254258
 145839 195355  80261  60665 251315 133754 310034  54718      0 102166
  60665 195527 143402  43010 288743 271767      0 161844  43010 165199
  62065 251315      0 139994 358387 195527 143402 174032  71814 269953
 268046 254258 250392  72783  80642 332239 185457 383513  54273      0
 161844  54718 357265 154049 268046 245015 158482 193716 360914 239105
 388710 357265 389822 358159  80586 192973  53201  54718 336113 193716
 383513  54718 185457 174642 302207 193716 128705 268046 359970  54718
 185457  52943 343256 264550 360399 268046 193716 193919  71421 217055
 303914 152860  54718 348535 153836 357265 123183  54718  44617  51582
 368320 231068  97035  54718 357265 343963 268046 357353 188297 226278
 174642  62801 233708 148260 195527 143402 174032  71814  46130 360914
 367966  54718  75774 322171 233708 359970  12750  45217 360914 187781
 357265  45905  60665 144738  54718 235556  60665 198186 151159  54718
 271826 385370 387759 184322  54718  97209 156435 159864  88542 322011
  54718 348650 394336      0 179101  54718 316884 250163 174642 286407
 357265 110481 357211 170714 273567 184071 268046 267299 229835  88126
 336350 218595 305071  88126 357265 123765 188481  48003  65765 142813
  54718  88126 357265 145560 246353 357211 390138 184156 269953 151349
 233708 393334 268046  51582 357760 148269 194101 270201 323431 269953
  23607 245571 225289  70928 377861 154323  14694 357211 151063 357265
 264802 103077  54718 386431 360086 116296 386886 153813 286468 117140
  84875  97035 123517 264550 200035 286375 133754 310034  84182  54718]
NewWordVectorPositions
[217787 261149 185457 148534      0 195527 143402  14694 357265  70928
 245291  46130 154323  97209  84845 164966 310815 264802 386473 192973
      0  43010 102221 268046 137444 223718 388710 360086 116296 254258
 145839 195355  80261  60665 251315 133754 310034  54718      0 102166
  60665 195527 143402  43010 288743 271767      0 161844  43010 165199
  62065 251315      0 139994 358387 195527 143402 174032  71814 269953
 268046 254258 250392  72783  80642 332239 185457 383513  54273      0
 161844  54718 357265 154049 268046 245015 158482 193716 360914 239105
 388710 357265 389822 358159  80586 192973  53201  54718 336113 193716
 383513  54718 185457 174642 302207 193716 128705 268046 359970  54718
 185457  52943 343256 264550 360399 268046 193716 193919  71421 217055
 303914 152860  54718 348535 153836 357265 123183  54718  44617  51582
 368320 231068  97035  54718 357265 343963 268046 357353 188297 226278
 174642  62801 233708 148260 195527 143402 174032  71814  46130 360914
 367966  54718  75774 322171 233708 359970  12750  45217 360914 187781
 357265  45905  60665 144738  54718 235556  60665 198186 151159  54718
 271826 385370 387759 184322  54718  97209 156435 159864  88542 322011
  54718 348650 394336      0 179101  54718 316884 250163 174642 286407
 357265 110481 357211 170714 273567 184071 268046 267299 229835  88126
 336350 218595 305071  88126 357265 123765 188481  48003  65765 142813
  54718  88126 357265 145560 246353 357211 390138 184156 269953 151349
 233708 393334 268046  51582 357760 148269 194101 270201 323431 269953
  23607 245571  60229 390824 123909 134498 101253 301770 159879  63357
 177057  85683 244840 272287  94686  89267  44922 385027 114333 235317
 399230 236669 368056 176228 312325 165497  54899 286692 331554 158082]
