OriginalClass, 0
NewClass, 0
NumberWordsChanged, 35
WordPositions
215	216	217	218	219	220	221	222	223	224	225	226	227	228	229	230	231	232	233	234	235	236	237	238	239	240	241	242	243	244	245	246	247	248	249	
OldWordVectorPositions
[269953 268046 357265  74390 268046 357265 153371  61803  54718 161603
 310461 148269 166369 253590  88126 192958  73871 336967 348214 154323
 300311 322011 173771 258875 227060  67287  74638 165456 153086 196886
  54718  61913  52138 356333 337509 188836 220870 394572 163237 220930
 143869 357265 253590  54718 295857  51582 254258 134088 188481 269953
  69909 357265 217787 337464 192973 191916  88126  61803 286442  43010
 196388 283998  54718 357411  43010 114194 116552 388710 310461 310461
  52520 332533 220870 394572 163237 388710 165456  53909 357265  65887
 332369 173771 258875 357411 178888 332533 368320 260760 337509  54718
 286468 310461 250967 333050 160418 357330  72057 239105 192973  43010
 337464 357211 343155 388710 394474 151349 117967 327863  52520 332533
  87775 386431  58997 394474 335702  54718 145460 274757 358159 138041
 188481 357265      0 325549 192973 269953 268046 357265  74597 270120
 357265 102221  54718  53201  71421 148340 220930 143869 357265 253590
  54718 116552 192973  53909 357265      0 268046 357353 265568 310461
 384445 269953 268046 357265 166369 129294 188481 251034 179571  43010
 328846 325321 265557 357211 349635  59937 177103 219822  60665 327863
 116579 384900 176623  54718 192973  52520 334692 323336 358801 200035
 164678 358159 192973 357265 265557 357211 343046 235384  54718  73940
 282284 303191 188481 280723 154323 175581 300311 322011 323430  54273
 267697  99771  60665      0 275489  87775 175199  52520  57718 188481
 357353 309869 388710 192642 130882 227090 175199 126848 264550  62696
 360914 332327 270970 116552 193716 323430 357211 165456  54718  67287
 390138 174642 170714  75820 278085 188481  14017  87775 357809 174642
  43010 147468 320245  54718 231458 223830 188025  52138 174032 357265]
NewWordVectorPositions
[269953 268046 357265  74390 268046 357265 153371  61803  54718 161603
 310461 148269 166369 253590  88126 192958  73871 336967 348214 154323
 300311 322011 173771 258875 227060  67287  74638 165456 153086 196886
  54718  61913  52138 356333 337509 188836 220870 394572 163237 220930
 143869 357265 253590  54718 295857  51582 254258 134088 188481 269953
  69909 357265 217787 337464 192973 191916  88126  61803 286442  43010
 196388 283998  54718 357411  43010 114194 116552 388710 310461 310461
  52520 332533 220870 394572 163237 388710 165456  53909 357265  65887
 332369 173771 258875 357411 178888 332533 368320 260760 337509  54718
 286468 310461 250967 333050 160418 357330  72057 239105 192973  43010
 337464 357211 343155 388710 394474 151349 117967 327863  52520 332533
  87775 386431  58997 394474 335702  54718 145460 274757 358159 138041
 188481 357265      0 325549 192973 269953 268046 357265  74597 270120
 357265 102221  54718  53201  71421 148340 220930 143869 357265 253590
  54718 116552 192973  53909 357265      0 268046 357353 265568 310461
 384445 269953 268046 357265 166369 129294 188481 251034 179571  43010
 328846 325321 265557 357211 349635  59937 177103 219822  60665 327863
 116579 384900 176623  54718 192973  52520 334692 323336 358801 200035
 164678 358159 192973 357265 265557 357211 343046 235384  54718  73940
 282284 303191 188481 280723 154323 175581 300311 322011 323430  54273
 267697  99771  60665      0 275489  87775 175199  52520  57718 188481
 357353 309869 388710 192642 130882 369937 166123 238169 356410 250155
 147828  78362 296286 213517 385251  72762  87556 322941 380906 197101
 173387 124821 145041  46677 219542 201412 206842 193441 203133 312241
 303416 389474 175547 168124 314413 193189 316527 156437 234952 142717]
