OriginalClass, 0
NewClass, 1
NumberWordsChanged, 3
WordPositions
247	248	249	
OldWordVectorPositions
[357265 292794 388710 289259  43010 302292 222138 189262 192973 357211
 357265 281311  90548  71090 164328  87775 343256 264550 389835 186645
 357265  62979 126852  72477 357211 357265  45893 192973 289259 357265
 281904 357225 357265 231068 193637 388710 394520 251315 222820 176988
 151111 162064  43010 356333 281311  87775 185457 152393 193716 173236
 360914  72477 357211  44646 222820 383513  60665 336620  60665 151111
 289260 178965 358159 192973 139908  43010 110602 128966 388710  43010
 394520  44646      0  62065 357265 151490 386457 270970 264550 358159
 383513  43010 366080 343963 185457 127708 209645  87775 186645 193716
 193408 357411 386983 355344 193716 374252 222820  60665 357265  95247
  97014 259914 244950 358461 188481 357265 148224 222820 192973 119292
 368320 394520 240788 386886  58997  45298 268046 253218 357651 302352
 264550 251645 360914 357265 148224  54718  60665  43010 306708 193716
 323430 301000 136670 185457 383071 249714 343963  54718  97014 122455
 357265 148224 192973   5382 245571 225289  87775 193716 126852 146344
 222471 193716 357639  58997 337258 223830 320245 146163 222820  54718
 357265  78532 304966 388710 235594 361081  87775 357809 323420 347870
 357265  45815 192973 164328  51582  59937  87775  60665 185457 315709
 151114 281311 389912  60665  43010  97014  87775 264550  44646 222820
 185457 200035 127708  72477 357211 357265 302292 222820 383513 357211
 336620 366080 175199 174032  43010  75774 380507 386423 175199 258481
 360914 346372  60665 386423 175199 281976  43010 129791 228308 247202
 360914 220870 357265  45298 341439 364928  87775 151111 289260 222820
 361939 239746 357265 272583 281316  58997 336967 358461 139731  51353
  82629  60665  44417 102382 357265 250482 268046 357265  45298 328475]
NewWordVectorPositions
[357265 292794 388710 289259  43010 302292 222138 189262 192973 357211
 357265 281311  90548  71090 164328  87775 343256 264550 389835 186645
 357265  62979 126852  72477 357211 357265  45893 192973 289259 357265
 281904 357225 357265 231068 193637 388710 394520 251315 222820 176988
 151111 162064  43010 356333 281311  87775 185457 152393 193716 173236
 360914  72477 357211  44646 222820 383513  60665 336620  60665 151111
 289260 178965 358159 192973 139908  43010 110602 128966 388710  43010
 394520  44646      0  62065 357265 151490 386457 270970 264550 358159
 383513  43010 366080 343963 185457 127708 209645  87775 186645 193716
 193408 357411 386983 355344 193716 374252 222820  60665 357265  95247
  97014 259914 244950 358461 188481 357265 148224 222820 192973 119292
 368320 394520 240788 386886  58997  45298 268046 253218 357651 302352
 264550 251645 360914 357265 148224  54718  60665  43010 306708 193716
 323430 301000 136670 185457 383071 249714 343963  54718  97014 122455
 357265 148224 192973   5382 245571 225289  87775 193716 126852 146344
 222471 193716 357639  58997 337258 223830 320245 146163 222820  54718
 357265  78532 304966 388710 235594 361081  87775 357809 323420 347870
 357265  45815 192973 164328  51582  59937  87775  60665 185457 315709
 151114 281311 389912  60665  43010  97014  87775 264550  44646 222820
 185457 200035 127708  72477 357211 357265 302292 222820 383513 357211
 336620 366080 175199 174032  43010  75774 380507 386423 175199 258481
 360914 346372  60665 386423 175199 281976  43010 129791 228308 247202
 360914 220870 357265  45298 341439 364928  87775 151111 289260 222820
 361939 239746 357265 272583 281316  58997 336967 358461 139731  51353
  82629  60665  44417 102382 357265 250482 268046 263965 105263 340558]
