OriginalClass, 0
NewClass, 1
NumberWordsChanged, 18
WordPositions
232	233	234	235	236	237	238	239	240	241	242	243	244	245	246	247	248	249	
OldWordVectorPositions
[185457 319557 358159 251034 361079  54718 185457 174642 360914 319690
 193716 383513 251645 251645  74597 357108 185457 142758 193716 360914
  71090  44608 110481 268046 182380  71895 163745 360914 323336 193716
 281930 185457 170714 337258 291461 130319 360914 357265 217055 268046
 193716  87775 193716 123517 362775  96721 254258 186344 357265 251034
 383513 188481 250392  93054 348535 164328 388710 357265 166369  45893
  54718  45910 281316 193716 383513  43010 343963  44608  43010  82265
 386886 170714  43010 129149  54718 386886 123517 141950 360914 302170
 193716 358159 302352 362877 239105  54718  60665  43010 148224 386473
 192973  69725 269798  43010 366080 343963 193716 108462 239105  43010
 259972 321159 294540 175293  54718  43010 394520  82265 386886 160418
 209675 388710  43010 259972 354428  43010  77162 123767 269953 357108
 357265 272587  54718  44608 147978 151349 357265 357964 141816 186645
 357809 126852 323420 360914 389835 272930 193716 329998 182540 223830
 357964  90548 231458 183606  96737 188481 233708 357964  54718 182540
 123763  90548 337304  94041 123789 333194  52520 185457 357969 357265
  45893 323934 174032 346313 281283 193716 302352 146662 222471 394474
 170714  71814 337258 281904 383752 357265 138436  60665  54273 273281
 386423 357809 173063  71895 185457 339859 358159 251034 388710 290561
 185457 174642 360914  46704 357211 357639 385663 337258 357964  54718
 333194 357211 123557 225629  54718 146344      0 357265 269953 386431
 357265 175293 268046 357265 321159  71297 154205  49495 235384 188481
 154357 268046 357265 102208  62065 357265 136979 268046 357265 251034
 175199 302352 164934  71307  66097  87775 357265 270201 357958 357211
 193716  94044 360914 178965 383513 337258  78456 105730 154323 357265]
NewWordVectorPositions
[185457 319557 358159 251034 361079  54718 185457 174642 360914 319690
 193716 383513 251645 251645  74597 357108 185457 142758 193716 360914
  71090  44608 110481 268046 182380  71895 163745 360914 323336 193716
 281930 185457 170714 337258 291461 130319 360914 357265 217055 268046
 193716  87775 193716 123517 362775  96721 254258 186344 357265 251034
 383513 188481 250392  93054 348535 164328 388710 357265 166369  45893
  54718  45910 281316 193716 383513  43010 343963  44608  43010  82265
 386886 170714  43010 129149  54718 386886 123517 141950 360914 302170
 193716 358159 302352 362877 239105  54718  60665  43010 148224 386473
 192973  69725 269798  43010 366080 343963 193716 108462 239105  43010
 259972 321159 294540 175293  54718  43010 394520  82265 386886 160418
 209675 388710  43010 259972 354428  43010  77162 123767 269953 357108
 357265 272587  54718  44608 147978 151349 357265 357964 141816 186645
 357809 126852 323420 360914 389835 272930 193716 329998 182540 223830
 357964  90548 231458 183606  96737 188481 233708 357964  54718 182540
 123763  90548 337304  94041 123789 333194  52520 185457 357969 357265
  45893 323934 174032 346313 281283 193716 302352 146662 222471 394474
 170714  71814 337258 281904 383752 357265 138436  60665  54273 273281
 386423 357809 173063  71895 185457 339859 358159 251034 388710 290561
 185457 174642 360914  46704 357211 357639 385663 337258 357964  54718
 333194 357211 123557 225629  54718 146344      0 357265 269953 386431
 357265 175293 268046 357265 321159  71297 154205  49495 235384 188481
 154357 268046 357265 102208  62065 357265 136979 268046 357265 251034
 175199 302352 370953 306012 169392 241026 141681  99875  46306 128336
 177204 193550 123343 217253 130193 351290 380549 152963 193898 349289]
