OriginalClass, 0
NewClass, 1
NumberWordsChanged, 26
WordPositions
224	225	226	227	228	229	230	231	232	233	234	235	236	237	238	239	240	241	242	243	244	245	246	247	248	249	
OldWordVectorPositions
[186645 357639 383513  57189  49740 214012 123517 390469 188481 231552
      0 193716 383513 231552 193716 388710 357265 278075 175199 151772
 388710 357265 152427 209521 357265 272583 358548  72182      0 186155
  54718      0 357809 383071  43010  75774  78351 179580 360914 207034
 268074 357353 278075  54718 190756 214012  59182 357265 175207  97865
 268046 357265 167631 120121  54273  44831 183875  60228 148224 388710
  97035 224021 188481  43010 118765 335021 357211 170714 233708 268046
 193919  97035 143869 117140 363537 170714 175199 229835 193716 269798
  43010 249714 189078  69895 270970 385594 360914  56041 345174 386886
 209677  87775 193716 383513  71494 268046 358159  53909 337258 272583
 148371  54718 111460 389154 357211  52520 108281 360914 179434 346796
  62696 188481  14467  54718 393704  62065 357265 136979 268046 357265
 117874  60665  54273  60429 214012 123557 343811 120125 386306 177661
 189587 151349 388710 179434 128975 357265 344584 268046 357265 183848
 339643 188481 357265 143869 268046  47047 357211 193919  65733 192973
  43010 223830 249714 373210 357108 250392      0  71090 186888  87775
 193919 264550  62065  51582  43010 145731 268046      0 357265 236496
 188481      0 192973  44810  87775 264550 188481 384170 357211 269953
 374386 148441 154323 357265 124763  54718 250425  71494 193716 192973
 129453  88126  97014 190756 268046 286789 357651 357964 357211 173061
 360914 357760 280944  54718      0  96372 177231 192973 360914 191748
 357387 191811  43010 104586 386896 357265  97014 386886 341901 268074
 188481 357265 284277 267717 137680 358461 357155  60665 357651 264550
 251645 311178 151349 178965 360914 167678 192973      0  43010  82731
 116331 232700 386886 163634  59937  51582 117874 231552 363589 338189]
NewWordVectorPositions
[186645 357639 383513  57189  49740 214012 123517 390469 188481 231552
      0 193716 383513 231552 193716 388710 357265 278075 175199 151772
 388710 357265 152427 209521 357265 272583 358548  72182      0 186155
  54718      0 357809 383071  43010  75774  78351 179580 360914 207034
 268074 357353 278075  54718 190756 214012  59182 357265 175207  97865
 268046 357265 167631 120121  54273  44831 183875  60228 148224 388710
  97035 224021 188481  43010 118765 335021 357211 170714 233708 268046
 193919  97035 143869 117140 363537 170714 175199 229835 193716 269798
  43010 249714 189078  69895 270970 385594 360914  56041 345174 386886
 209677  87775 193716 383513  71494 268046 358159  53909 337258 272583
 148371  54718 111460 389154 357211  52520 108281 360914 179434 346796
  62696 188481  14467  54718 393704  62065 357265 136979 268046 357265
 117874  60665  54273  60429 214012 123557 343811 120125 386306 177661
 189587 151349 388710 179434 128975 357265 344584 268046 357265 183848
 339643 188481 357265 143869 268046  47047 357211 193919  65733 192973
  43010 223830 249714 373210 357108 250392      0  71090 186888  87775
 193919 264550  62065  51582  43010 145731 268046      0 357265 236496
 188481      0 192973  44810  87775 264550 188481 384170 357211 269953
 374386 148441 154323 357265 124763  54718 250425  71494 193716 192973
 129453  88126  97014 190756 268046 286789 357651 357964 357211 173061
 360914 357760 280944  54718      0  96372 177231 192973 360914 191748
 357387 191811  43010 104586 386896 357265  97014 386886 341901 268074
 188481 357265 284277 267717 396335 355355 163099 152065 255584  94696
 238098 319893 102712 113128 277071 133917 246596 171739 393313 156172
 153856 373489 119449 110052  87034 125605 231693 165015 274996 150168]
