OriginalClass, 0
NewClass, 0
NumberWordsChanged, 35
WordPositions
215	216	217	218	219	220	221	222	223	224	225	226	227	228	229	230	231	232	233	234	235	236	237	238	239	240	241	242	243	244	245	246	247	248	249	
OldWordVectorPositions
[393657 358159 292986 192973 225289 164328 260141 151349  84844 144877
  54718 193716 174032  43010 337306 117554 146344  87775  81562 357265
  93403  54718  45815  58997 336113  84181 357211 394474 389497 383067
 360914 383735  57170 272583 377864 360086 116296 192973 133754 310034
 193919 357211 332119 185457 127708  92019 357211 272583 307259 101976
 177661 361939 172650 116296 192973  62805  95616  87775 262350      0
 188481 143954 175199 289430  43010 111121  55434 117140  97224 357211
 188481 254258 244950 192973 297928 188481 204683 388710 357265 254580
 377945 235813 251315 298135  54718 175199 351989 269798      0 315103
 362628 281908 336113 287465 175199 289260 147088 386423 357265 320242
  89943 151349 193716  87775  52520 125544      0 355705 278428 136534
 330915  60665 385217 188010 357265 260059  47131 292986 346600 188481
 357211 100929 179101 386919 185457 264180  46797 323430 360914  78872
  54718  86655 179434 384121 358808 194101 302207 357265  80586 233708
 359970  54718 185457 259914 146662 357211 310034 383513 239200 360914
  71090 281108  60665  43010 263790 335719  71290 386423 185457 306193
 357265 264802 185457  52879 323336      0 102166  60665 195527 251409
 102166 360914 239105 306289 195527  60665 327863 121734 177555  54718
 192973 121731  88126 272587 335128  98999 144331 358461 193919 366080
 357265  45910 126852 225629  12750 327863 289260 195539  62814 336113
 385217 386494 272583 307261 174642 101979 357211 177103  45815 192973
 389561 270970 371633 269953 253767 305224 357211 357265  97014 339275
  38601 393334  62065 226584  72182 363593 360914 180484 177103 136539
  54718 278428 257320 188481  97762 177103 231068 190698 383513 177103
  98992 154049 176254 386886 383513 357265 284277 268046 120705 345986]
NewWordVectorPositions
[393657 358159 292986 192973 225289 164328 260141 151349  84844 144877
  54718 193716 174032  43010 337306 117554 146344  87775  81562 357265
  93403  54718  45815  58997 336113  84181 357211 394474 389497 383067
 360914 383735  57170 272583 377864 360086 116296 192973 133754 310034
 193919 357211 332119 185457 127708  92019 357211 272583 307259 101976
 177661 361939 172650 116296 192973  62805  95616  87775 262350      0
 188481 143954 175199 289430  43010 111121  55434 117140  97224 357211
 188481 254258 244950 192973 297928 188481 204683 388710 357265 254580
 377945 235813 251315 298135  54718 175199 351989 269798      0 315103
 362628 281908 336113 287465 175199 289260 147088 386423 357265 320242
  89943 151349 193716  87775  52520 125544      0 355705 278428 136534
 330915  60665 385217 188010 357265 260059  47131 292986 346600 188481
 357211 100929 179101 386919 185457 264180  46797 323430 360914  78872
  54718  86655 179434 384121 358808 194101 302207 357265  80586 233708
 359970  54718 185457 259914 146662 357211 310034 383513 239200 360914
  71090 281108  60665  43010 263790 335719  71290 386423 185457 306193
 357265 264802 185457  52879 323336      0 102166  60665 195527 251409
 102166 360914 239105 306289 195527  60665 327863 121734 177555  54718
 192973 121731  88126 272587 335128  98999 144331 358461 193919 366080
 357265  45910 126852 225629  12750 327863 289260 195539  62814 336113
 385217 386494 272583 307261 174642 101979 357211 177103  45815 192973
 389561 270970 371633 269953 253767 323249 365775  81288 163036 261680
 146879 143394  98733 131593 381666 104662 244108 232958 244166 226809
 296913 306555 284851  93455 109121 335466 338101 284637 200457 154229
 151781 208776 343218 359960 185480 388105  60063  79620 387857 355900]
