OriginalClass, 0
NewClass, 0
NumberWordsChanged, 35
WordPositions
215	216	217	218	219	220	221	222	223	224	225	226	227	228	229	230	231	232	233	234	235	236	237	238	239	240	241	242	243	244	245	246	247	248	249	
OldWordVectorPositions
[185457 226298 358159 148224 264550  72182  43010 349720 133355 389507
 199170 144744 185457 291371 360914  57890 179434  81909 137916  54718
  45595 179434 329777 179434 251057  58997 155185  87775 179434 281915
 343963 192973 269953 298586 388710 275303 185457 181583  54718 383513
 120052 360914 148427 357211 358159 148224 390138  71090  44608 371428
 179434 367484 222138 301000 357108 332147 175422 178965 388710 289707
 290559 154323  71956 360914 136979 358159 148224 142060 154323  43010
 126747 191811  43010 254633 219194 357265  93265  54718 357265 378765
 371695 107426 360914 132276 272583  54718 360914 133355 389507 199170
 386306 384373 160418  58997 280944 386886 209468 133355 389507 357265
  74390 352232  44608 178965 154323  51582 281958 289384  54718 258587
  54718 330018 374020 357353  97014  60665 251645  60665 133686 384373
 160418 190606 191811 133686 281915  54718 293041 222138 154323 179434
 310818 360914 179434 129412 360914 179434 326298 360914 179434 154060
 360914 179434 137221  54718 141816 360914 179434 148224 231552 357265
 148224 193923 192973 329853 188481  43010      0 384121 357211 323430
 127491 272930 268046 306501 151349 133355  60665 186645 374252 357265
 354634 268046 250392 357300 305007 251057 154323  15002 390138  71090
 125622 337917 268046 222471 384441  43010 260768 346825 357108 357265
 291804 357265 325898 121854 374207  43010 325007 268046 183993  54718
  52520  43010 166369 118258 268046 190606 386423 236445 132276  93265
 240681 388710 357353  65760 144877 387695  71090 142393 360914 175425
 281915 356582 304138 133355 389507 108326  54718 259972 105677 387695
  71090  53196 357211 358159 232536 383513 302292 357265 131420 192973
 155017 268046 188297 360914 148427 159301 112498 268046 225770  54718]
NewWordVectorPositions
[185457 226298 358159 148224 264550  72182  43010 349720 133355 389507
 199170 144744 185457 291371 360914  57890 179434  81909 137916  54718
  45595 179434 329777 179434 251057  58997 155185  87775 179434 281915
 343963 192973 269953 298586 388710 275303 185457 181583  54718 383513
 120052 360914 148427 357211 358159 148224 390138  71090  44608 371428
 179434 367484 222138 301000 357108 332147 175422 178965 388710 289707
 290559 154323  71956 360914 136979 358159 148224 142060 154323  43010
 126747 191811  43010 254633 219194 357265  93265  54718 357265 378765
 371695 107426 360914 132276 272583  54718 360914 133355 389507 199170
 386306 384373 160418  58997 280944 386886 209468 133355 389507 357265
  74390 352232  44608 178965 154323  51582 281958 289384  54718 258587
  54718 330018 374020 357353  97014  60665 251645  60665 133686 384373
 160418 190606 191811 133686 281915  54718 293041 222138 154323 179434
 310818 360914 179434 129412 360914 179434 326298 360914 179434 154060
 360914 179434 137221  54718 141816 360914 179434 148224 231552 357265
 148224 193923 192973 329853 188481  43010      0 384121 357211 323430
 127491 272930 268046 306501 151349 133355  60665 186645 374252 357265
 354634 268046 250392 357300 305007 251057 154323  15002 390138  71090
 125622 337917 268046 222471 384441  43010 260768 346825 357108 357265
 291804 357265 325898 121854 374207  43010 325007 268046 183993  54718
  52520  43010 166369 118258 268046 190606 386423 236445 132276  93265
 240681 388710 357353  65760 144877 133303 360589 114817 329352 185360
 343735 171947 354002 177671 250582 369568 234098 388159 266631 126271
 373665 384216  56588 100084 374022 231806 201516 135436 330595 334957
 328686  89271 317241 163601 180207 151036 341991 346693 285737 299047]
