OriginalClass, 0
NewClass, 0
NumberWordsChanged, 35
WordPositions
215	216	217	218	219	220	221	222	223	224	225	226	227	228	229	230	231	232	233	234	235	236	237	238	239	240	241	242	243	244	245	246	247	248	249	
OldWordVectorPositions
[185457 174666 323431 358159 148224 188481 393334 336113 254258 209662
 192973  43010 223830 313758 185457 126552 305224 357979 357211 358159
 148224 192973 368207 357265 148224 268046  83178 193716 192973 332147
 249714 302329  54718 174032 249714  72475  97035      0 312314 225650
 222471 269953 390138 187676 309813 312314 360914 225629 222471 241941
 171254  54718  71236 388710 332119 103119  52520 357265 221556 259377
 174032  43010  95044 225629  44608 178965 175199 225650 222471  43010
 321981  54718 249714 188276 225650 222471 309813 312314 193919  43010
 106194 386473  55233 337258 280944  87775 106189 178965 360914 240286
 161142  60665 387759 382663 161142 192973 348226 286442  43010 232536
 386958 219701 174032  94044 178965 360914  71090 121731  60665  43010
  33544 151255  36169 161059 386494 161142 192973  52261  43010 151255
 329788 357265 343963 108008  43010 223830 310815 107761  54718  54273
 371262 343963 338149  57189 222471  83178  87775 190756 268046  43010
 148224 357211 111824 272930 153510 221752  54718 257183 384373 160418
  43010 148224 386473 319764 181400 226278  54718 200044 358159 231492
 193716  43010 249714 191290 148224 251645 222471 162198 357265  93265
 192973 144908  54718 221556 259377 192973  43010 377945 344850 218966
 188481 358159 137036 357265 343963 192973 166369 388710 182540 193716
 118277 388710 177453  54718 183884 357265 320242 386431 235594 192973
 300575  54718 327863 382642 272930 268046 357265  87362 182387 388710
  43010 225629 268046 366080 322022 344578 192973 151055  88126 177103
 383572 357265 324481 154323 177103 112526 188481  54273 143217 276467
 358159 192973 337301  43010 177451 188481  83178 390138 259914 126552
 273500 358159 192973  43010 345272  54718  52261 149798 383735 163237]
NewWordVectorPositions
[185457 174666 323431 358159 148224 188481 393334 336113 254258 209662
 192973  43010 223830 313758 185457 126552 305224 357979 357211 358159
 148224 192973 368207 357265 148224 268046  83178 193716 192973 332147
 249714 302329  54718 174032 249714  72475  97035      0 312314 225650
 222471 269953 390138 187676 309813 312314 360914 225629 222471 241941
 171254  54718  71236 388710 332119 103119  52520 357265 221556 259377
 174032  43010  95044 225629  44608 178965 175199 225650 222471  43010
 321981  54718 249714 188276 225650 222471 309813 312314 193919  43010
 106194 386473  55233 337258 280944  87775 106189 178965 360914 240286
 161142  60665 387759 382663 161142 192973 348226 286442  43010 232536
 386958 219701 174032  94044 178965 360914  71090 121731  60665  43010
  33544 151255  36169 161059 386494 161142 192973  52261  43010 151255
 329788 357265 343963 108008  43010 223830 310815 107761  54718  54273
 371262 343963 338149  57189 222471  83178  87775 190756 268046  43010
 148224 357211 111824 272930 153510 221752  54718 257183 384373 160418
  43010 148224 386473 319764 181400 226278  54718 200044 358159 231492
 193716  43010 249714 191290 148224 251645 222471 162198 357265  93265
 192973 144908  54718 221556 259377 192973  43010 377945 344850 218966
 188481 358159 137036 357265 343963 192973 166369 388710 182540 193716
 118277 388710 177453  54718 183884 357265 320242 386431 235594 192973
 300575  54718 327863 382642 272930 268046 357265  87362 182387 388710
  43010 225629 268046 366080 322022 246286 139484 291188 301027 314495
 293321 337508 211547 314437 229368 135965 398669 288648 196191 142425
 189811 148465 225356 355010 231922 232914 280284 211759 127325 377769
 259897  83712 297809 167672 179381 265045 299682  75839 170940 359032]
