OriginalClass, 0
NewClass, 1
NumberWordsChanged, 14
WordPositions
236	237	238	239	240	241	242	243	244	245	246	247	248	249	
OldWordVectorPositions
[185457 110156 264550  72477 357265 226394  32662 301038 269798 187781
  44608 198440 116675  62065 357265 248238 185457 390488 358159 307253
  54718 185457 358463 185457 170714 360914 126552 337301 360914 293378
 357211 240743 284318 268046 105647  60665 251645  60665 185457  90548
 325574 360914 160418  43010 301038 336113 226394 357265 280944 386886
 381096 253767 174642  43010 377945 222715 325007 268046 183993 264550
 360914 241108  43010 377945 327057 270539 244950 186645 394474 127708
 222471 184003 150015 127708 383735 357387 105593  44844 184007  43010
 377945 164328 343987  54718  54273 273315 274756 162058  88126 357265
 252664 313432 156362 358159 251034 174032 229835 193919 384121 191811
 254258 131420 104990  54718 357211 192973 388755 241111 357265 379857
 145035 136168 177231  54718 357639  54718 268046 110542 357265 374162
 268046 102819      0  54718      0  69725 269798 272881 145839 271374
 111836 251057 185457 329998 358159 251034 360914  43010 225985 268046
 280944  54718  72182 191916 360914 193716 388755  57170 339033 142757
 142342 237426 383752  43010 105647 357265 377945 341955 268046 244950
 394474 329915 174642 360914 383735  57170 251034 188481 254258 270692
 357809  51582 222477 193716 377945 251645 193716 163634 385217 193919
 264550 225289 360914 383735  54718 357639  58997  44787 262350 334975
 128613 188481 357265 142048 268046 357265 343963 386473 185457 357969
 192973 302352 344177 348373 193919 264550 281272 337258 156362 144545
  43010  77162 329710  87775 262350 251034 192973 281272 139731 386423
 107671 272583 270694 357211 394571 357211 192973 386983 185457 300970
 358159 251034  40724 272930 268046   4961 358159 251034 192973 188481
 254258 270692  43010 291238 222471 362049 323118  54718 338569 188481]
NewWordVectorPositions
[185457 110156 264550  72477 357265 226394  32662 301038 269798 187781
  44608 198440 116675  62065 357265 248238 185457 390488 358159 307253
  54718 185457 358463 185457 170714 360914 126552 337301 360914 293378
 357211 240743 284318 268046 105647  60665 251645  60665 185457  90548
 325574 360914 160418  43010 301038 336113 226394 357265 280944 386886
 381096 253767 174642  43010 377945 222715 325007 268046 183993 264550
 360914 241108  43010 377945 327057 270539 244950 186645 394474 127708
 222471 184003 150015 127708 383735 357387 105593  44844 184007  43010
 377945 164328 343987  54718  54273 273315 274756 162058  88126 357265
 252664 313432 156362 358159 251034 174032 229835 193919 384121 191811
 254258 131420 104990  54718 357211 192973 388755 241111 357265 379857
 145035 136168 177231  54718 357639  54718 268046 110542 357265 374162
 268046 102819      0  54718      0  69725 269798 272881 145839 271374
 111836 251057 185457 329998 358159 251034 360914  43010 225985 268046
 280944  54718  72182 191916 360914 193716 388755  57170 339033 142757
 142342 237426 383752  43010 105647 357265 377945 341955 268046 244950
 394474 329915 174642 360914 383735  57170 251034 188481 254258 270692
 357809  51582 222477 193716 377945 251645 193716 163634 385217 193919
 264550 225289 360914 383735  54718 357639  58997  44787 262350 334975
 128613 188481 357265 142048 268046 357265 343963 386473 185457 357969
 192973 302352 344177 348373 193919 264550 281272 337258 156362 144545
  43010  77162 329710  87775 262350 251034 192973 281272 139731 386423
 107671 272583 270694 357211 394571 357211 192973 386983 185457 300970
 358159 251034  40724 272930 268046   4961 265103 102447 208821 288750
 370832 132259 267163 318534 270143 118071 127489 125831 207885 108594]
