OriginalClass, 0
NewClass, 0
NumberWordsChanged, 35
WordPositions
215	216	217	218	219	220	221	222	223	224	225	226	227	228	229	230	231	232	233	234	235	236	237	238	239	240	241	242	243	244	245	246	247	248	249	
OldWordVectorPositions
[380053 192973 188481 254258  80586 357265  74390 251034 268046  17580
 281429 188481 254258  80586 193716 192973 269953 268046 357265  74390
   5382 251057 141863 229835 188481  80010 193919 315103 357211 358159
 251034 126852 174642 357211 233708 307261  54718 193408 174695 357211
 251645 288926 380053 192973 269889  47887  43010 366080  45459 154323
  43010 124763 386886 126848 193716  47887  47798 171109  54718 231092
 295986 208682 337674 174032 269889  47887 295109 268074  43010  84181
 269953 380053 358159 192973 357265 250392 332119  54718 114194 251057
 357211 194101 323431 358159 393301  47798 323392 127406  15341 386473
 383513 111252  54718 217909 123012  15341 386473 141816  71297 127406
 188481 357211 236860 185457 148356 323336  43010 251034 386473 192973
 336113 103049 360914 254258 175449  54718 254258 113591 185457 127708
 209645 386983  80010 192973 251070  64331 154323 357265  71421 113591
 386473 384373 174642  54718  58997 231552 180682 305161 345399 111252
 251057 222471 123012  15341  54718 127406 357265 343963 192973  71421
  54718 304961 251645 360914 357265 189140 350361 268046  60017 235187
 386473 185457 361939 390138 222471 360914  71090  43010 277915 268046
 272881 350361 386473 354433 374020 360914 267019 135047 151050 357387
  54718 268046 110542 267019 357353 358472 192973 336113  84182 330027
 188481 358159 251034 268046 110542 357639 193408  57170 151407 188481
  99954 394564 222138 278070  54718 193716 329915  71090  43010  84030
 239792  74651 357265 110481  54718 193919 373316 360914 357387 360914
 118742  60665 193716 192973  84182 330027 188481 358159 251034 105730
  65680 360914 357265      0 192973  43010 343963 268046 199009  74651
 357265  71421 281429 268046 137338  54718 235187 357265 283048 386431]
NewWordVectorPositions
[380053 192973 188481 254258  80586 357265  74390 251034 268046  17580
 281429 188481 254258  80586 193716 192973 269953 268046 357265  74390
   5382 251057 141863 229835 188481  80010 193919 315103 357211 358159
 251034 126852 174642 357211 233708 307261  54718 193408 174695 357211
 251645 288926 380053 192973 269889  47887  43010 366080  45459 154323
  43010 124763 386886 126848 193716  47887  47798 171109  54718 231092
 295986 208682 337674 174032 269889  47887 295109 268074  43010  84181
 269953 380053 358159 192973 357265 250392 332119  54718 114194 251057
 357211 194101 323431 358159 393301  47798 323392 127406  15341 386473
 383513 111252  54718 217909 123012  15341 386473 141816  71297 127406
 188481 357211 236860 185457 148356 323336  43010 251034 386473 192973
 336113 103049 360914 254258 175449  54718 254258 113591 185457 127708
 209645 386983  80010 192973 251070  64331 154323 357265  71421 113591
 386473 384373 174642  54718  58997 231552 180682 305161 345399 111252
 251057 222471 123012  15341  54718 127406 357265 343963 192973  71421
  54718 304961 251645 360914 357265 189140 350361 268046  60017 235187
 386473 185457 361939 390138 222471 360914  71090  43010 277915 268046
 272881 350361 386473 354433 374020 360914 267019 135047 151050 357387
  54718 268046 110542 267019 357353 358472 192973 336113  84182 330027
 188481 358159 251034 268046 110542 357639 193408  57170 151407 188481
  99954 394564 222138 278070  54718 193716 329915  71090  43010  84030
 239792  74651 357265 110481  54718 158887 368573 338880 284578 124554
 343417 184904 143771 117482 351864 111457 263673 276130 232862 383933
  73263 231230 385526  91315 242521 191590 316685 283690 227259 392632
 393931 111137 286810  76539  70759 129155 250472 117177  81817 346598]
