OriginalClass, 0
NewClass, 0
NumberWordsChanged, 35
WordPositions
215	216	217	218	219	220	221	222	223	224	225	226	227	228	229	230	231	232	233	234	235	236	237	238	239	240	241	242	243	244	245	246	247	248	249	
OldWordVectorPositions
[386306 173067 360914 383557 373316 310167 341860 188481 357265 217850
  14886 357809 218207  43010 105630 307066 362969  62065 219145 357225
 386306 357265 240688 268046 344232 154530  43010 147721  36920 341109
 310051 167631 126552 361933 342838 302161 174032 357265 106753 269798
 106939 377142 229446 386423 175199 313447 191811 357265 337385 268046
 357265 293380 268046  43010 144738 253590 147328 193716 383513  62065
 357211 147328 188481 357265  36920 357211 344232 154530  84720 373316
 357265  36920  58997 306972  54718 357265 359888 192973 308561 360914
 387137 357211 384038 175199 325965 268074 188481 322768 268046 357265
 272583 240688 268046 357265  67817 277915 268046 386306  84720 373316
 357265  67817 383513 357265 118337  54718 305879 268046 204833 357265
 218947 332356  54718  84181 337464 390422 357265  67817 383513 209675
 151349 193919 142364 222216  54718 264937 357809  58997  51582  65680
  53912 357265 389882 102208 154323 386473 357809  90233  71219 357265
 129764 286407  88126 360086 338691 386886 383513  84181 188481 323152
  54718 222086 192973  43010 218642 357265  69961 286410 192973  43010
 311149  54718 357353 218947 332356 192973 343256  43010 310094 386494
 175199 274170  43010 183606 233497 175199 174032  71814 151413 360914
 324316 193716  60665 179434 152164 174032 264550 217801  83867 357265
 218947 168865 192973 118188 336113  43010 394520 168865 192973 179315
 360914 305876 178965 337306 305139 357265  67817  48346 360914 162051
 357265 307066  43010 366253  43797 357353 117874 198242 357809  71950
 360914 304438  54718 357353 232575  57924 357353 215267  44608 304838
 357353  50656  87775 175199 383080 357387 360914 341874 362991  47887
 148908  54718 336113 357809 179580 357265 103218 101460  59937 141498]
NewWordVectorPositions
[386306 173067 360914 383557 373316 310167 341860 188481 357265 217850
  14886 357809 218207  43010 105630 307066 362969  62065 219145 357225
 386306 357265 240688 268046 344232 154530  43010 147721  36920 341109
 310051 167631 126552 361933 342838 302161 174032 357265 106753 269798
 106939 377142 229446 386423 175199 313447 191811 357265 337385 268046
 357265 293380 268046  43010 144738 253590 147328 193716 383513  62065
 357211 147328 188481 357265  36920 357211 344232 154530  84720 373316
 357265  36920  58997 306972  54718 357265 359888 192973 308561 360914
 387137 357211 384038 175199 325965 268074 188481 322768 268046 357265
 272583 240688 268046 357265  67817 277915 268046 386306  84720 373316
 357265  67817 383513 357265 118337  54718 305879 268046 204833 357265
 218947 332356  54718  84181 337464 390422 357265  67817 383513 209675
 151349 193919 142364 222216  54718 264937 357809  58997  51582  65680
  53912 357265 389882 102208 154323 386473 357809  90233  71219 357265
 129764 286407  88126 360086 338691 386886 383513  84181 188481 323152
  54718 222086 192973  43010 218642 357265  69961 286410 192973  43010
 311149  54718 357353 218947 332356 192973 343256  43010 310094 386494
 175199 274170  43010 183606 233497 175199 174032  71814 151413 360914
 324316 193716  60665 179434 152164 174032 264550 217801  83867 357265
 218947 168865 192973 118188 336113  43010 394520 168865 192973 179315
 360914 305876 178965 337306 305139 357265  67817  48346 360914 162051
 357265 307066  43010 366253  43797 258310 329508 135819  88760 163126
 215337  96216 386126  84647 314036  61789 169903 386887  60072 254836
 200606 240729 328722 159829 188137 351164 185730 213241 316409 127092
 351390 108033 279579 318434 152611 102875 125542 329850 376439  82533]
