OriginalClass, 0
NewClass, 1
NumberWordsChanged, 23
WordPositions
227	228	229	230	231	232	233	234	235	236	237	238	239	240	241	242	243	244	245	246	247	248	249	
OldWordVectorPositions
[134868 233903 124744  88126  93578 124763      0      0  54718  69725
 269798 357265 264802  88126      0  80324 268194  43010 162653 268046
 357265 338741 179571  60665 323431  88126  43010  67162  63505 357211
 351989 357265 378765  65680 360914 357265 117967 268046 357265 101822
 383134 188481 357211 110432 357265 251034 106695 269798 358548 154060
  54718 151063 357387 154323 358451 132422 117967 131142 357265 270258
 268046 357265 383134 188481 231357 360914  43010 147468 393334 217909
  60665 368320 268046 358451 154060 239785  47887 386423 357809  58997
  62065  43010 317318 225979 188481 357265 110451 384373 148908 239785
 358548  82339 357211  58997 286442 173073 264550 141950 192973 386306
 193716 323430 357265 363543 118337 268046 269953 268046 357387 287518
 272930  44608 357265 112704 268046 357265 269953 357211 105958 357265
 141999 119092 357265  82339 174642 142418  43010 394520 161844  44608
 357353  48003 154323 352024 277915 188481 357353 157111 386423 384373
 239785 357265  46922 299903  47887 175199 192973 269798 179434 384121
 360914  43010 317318 175199 323430 360914  71090 346597 154323 366791
 360914 179434 348531 233642 367388 269953 268046 179434  82316 154060
 192973  52520  72182 364471  54718 357265 394520 161844 357211 383513
 264550 385185 360914 277994 188481 357353 157111 192973 264937 269953
 268046 357265 265671 357211 348131 357353 175376  92019 193716 192973
 267358 357211 367388 225650  62065 299903 188481  43010 384121 357211
 270201 239197 175199 192973 188481 226278 388710 357265 362908  86655
 357353 304966 387695 174642 122412 107617 310457      0 126848  43010
 164328 198213 388710 289259 357265 269089 299903  85370      0 231492
  54273 188350  60665 367388 357265 381510 394596  56993 362533 286468]
NewWordVectorPositions
[134868 233903 124744  88126  93578 124763      0      0  54718  69725
 269798 357265 264802  88126      0  80324 268194  43010 162653 268046
 357265 338741 179571  60665 323431  88126  43010  67162  63505 357211
 351989 357265 378765  65680 360914 357265 117967 268046 357265 101822
 383134 188481 357211 110432 357265 251034 106695 269798 358548 154060
  54718 151063 357387 154323 358451 132422 117967 131142 357265 270258
 268046 357265 383134 188481 231357 360914  43010 147468 393334 217909
  60665 368320 268046 358451 154060 239785  47887 386423 357809  58997
  62065  43010 317318 225979 188481 357265 110451 384373 148908 239785
 358548  82339 357211  58997 286442 173073 264550 141950 192973 386306
 193716 323430 357265 363543 118337 268046 269953 268046 357387 287518
 272930  44608 357265 112704 268046 357265 269953 357211 105958 357265
 141999 119092 357265  82339 174642 142418  43010 394520 161844  44608
 357353  48003 154323 352024 277915 188481 357353 157111 386423 384373
 239785 357265  46922 299903  47887 175199 192973 269798 179434 384121
 360914  43010 317318 175199 323430 360914  71090 346597 154323 366791
 360914 179434 348531 233642 367388 269953 268046 179434  82316 154060
 192973  52520  72182 364471  54718 357265 394520 161844 357211 383513
 264550 385185 360914 277994 188481 357353 157111 192973 264937 269953
 268046 357265 265671 357211 348131 357353 175376  92019 193716 192973
 267358 357211 367388 225650  62065 299903 188481  43010 384121 357211
 270201 239197 175199 192973 188481 226278 388710 357265 362908  86655
 357353 304966 387695 174642 122412 107617 310457 341356 136510 176519
 123966 176583 340835 320601 368256 250446 364190 207949 252893 305083
 270974 397452 341572  98998 385882 218680 314403 297327 304776 297175]
