OriginalClass, 0
NewClass, 1
NumberWordsChanged, 2
WordPositions
248	249	
OldWordVectorPositions
[187631 264550 137938 348373 309813 320937 297100  60665  43010 236224
 188481 357265 159619 268046 181890 332239 175199 292067 200035 124744
 269953 181890 148224  89857 390469 367634  54718 357211 269953 383513
  45929 200035 383513 334692  44617 239591  87775 143954 192973 357211
 175199 229835 388710 308561 360914 123577 269953 268046 357265  74390
  54718 111558 138436 268046 357265 137937 323024 322810 268046 357265
 236257 268046 181890 152966 357639 383513  43010 332007 371262 343963
 188481 322810 269953 386423 387759 232233 229835 269798 268046 357265
  74390 138436 388710 357265 144249 171277  98970 141816 358461 179434
 272583 225289 146154 148269 146098 128176 105495  54718 182387 269798
 174538 178828 346411 292006  66097 357265 343963 268046 308561 360914
 123577 102692 284202 188481 269798 357265 264963 285308 182186 336297
 118409 268046 141638  87775 357155  52520 146160 252664      0 181890
 357400 222471 160904 377223 253229 107759 285587  77486 183993  54718
 105708  80586 345402 379442 386500 129469 180883 217850 269953 261149
  54718 125164 357265 184377 108161  46939 357265  46220 110481  58997
 192214 188481  43010 356325  91624  45129 102751 382642  64331 154323
 357265 390306 371886  87775 179434 387353  43943 192973 155104  87342
  54718 258481 360914  71090 205393  51496  60403 386500 102751  54718
 179434 334534  62791 108991  74045 268046 357265 121021 383067 360914
 286856 357265 286856 269798 177103  54718 346536 357265  91624 107889
  43909 252802 325965 373316  43010 161059 239464  90384 360914 204679
 177103 117632  51496  60665  43010 376817  54718  77791 141950 269798
 102751 239204  43909 174342 339643 105678  65680 151349 307173  54718
 207480 337266 188481 102762 348565 386425 327863 174032  43010 258155]
NewWordVectorPositions
[187631 264550 137938 348373 309813 320937 297100  60665  43010 236224
 188481 357265 159619 268046 181890 332239 175199 292067 200035 124744
 269953 181890 148224  89857 390469 367634  54718 357211 269953 383513
  45929 200035 383513 334692  44617 239591  87775 143954 192973 357211
 175199 229835 388710 308561 360914 123577 269953 268046 357265  74390
  54718 111558 138436 268046 357265 137937 323024 322810 268046 357265
 236257 268046 181890 152966 357639 383513  43010 332007 371262 343963
 188481 322810 269953 386423 387759 232233 229835 269798 268046 357265
  74390 138436 388710 357265 144249 171277  98970 141816 358461 179434
 272583 225289 146154 148269 146098 128176 105495  54718 182387 269798
 174538 178828 346411 292006  66097 357265 343963 268046 308561 360914
 123577 102692 284202 188481 269798 357265 264963 285308 182186 336297
 118409 268046 141638  87775 357155  52520 146160 252664      0 181890
 357400 222471 160904 377223 253229 107759 285587  77486 183993  54718
 105708  80586 345402 379442 386500 129469 180883 217850 269953 261149
  54718 125164 357265 184377 108161  46939 357265  46220 110481  58997
 192214 188481  43010 356325  91624  45129 102751 382642  64331 154323
 357265 390306 371886  87775 179434 387353  43943 192973 155104  87342
  54718 258481 360914  71090 205393  51496  60403 386500 102751  54718
 179434 334534  62791 108991  74045 268046 357265 121021 383067 360914
 286856 357265 286856 269798 177103  54718 346536 357265  91624 107889
  43909 252802 325965 373316  43010 161059 239464  90384 360914 204679
 177103 117632  51496  60665  43010 376817  54718  77791 141950 269798
 102751 239204  43909 174342 339643 105678  65680 151349 307173  54718
 207480 337266 188481 102762 348565 386425 327863 174032 171585 199590]
