OriginalClass, 1
NewClass, 0
NumberWordsChanged, 5
WordPositions
245	246	247	248	249	
OldWordVectorPositions
[154323 193919 372084 360601 360914 357265 149655  45815 281316 113853
 192973 377945 251645  54273 372755 148224 358808 357265 148224 174032
 156419 337258 144877  88126 384121 268046 357265 143954 357211 297508
      0 256046 192973  62633 360914 193716  54718 357265 331755  54718
 272930 268046 285908 262534 360914 357265      0 150004 154323 131249
 359774 117844 357760 357964 126552 264550 231458  43010 166369 251034
 182573  54718 358159 192973 249714 357108 141991  51582 357265 384121
 358801 113853 357265 148224 346600 154323  54273  51582 361939 267358
 215502 268046 186369  54718 193716 365140 360914 235957 358159 388710
 253231 357211  58997 239200 360914  71090 345422  54718 141855 357211
  58997 348225 360914  71090 125857 357265 242545 253590 321937 357211
  45193 233708 268046 357265 325303 188481 357265 148224 192973 267359
 239200 360914  71090 108564  87775 193919  71586  55915 377945 297656
 139731  60665  61214 154323 357265 143954 357211 357265 218947  97014
 192973 242545 193716 126852 149139 388710 357265 361773 268046 357265
 251034 357265 148269 286789 192973 368710 268160  54718 193716 151063
  43010      0 386886  71494 268046 177103 267279 388710 167242 253231
 351989  43010 198213 388710  43010 148868 357211 102457 373316 253218
 320245 193716 338189  81044  54718 193716 192973 387759  67153 192973
 357265 270201 256046 269798 357265  93265 223628  54718 141816 175199
 126852 231458  54273 188350 175199 174194  71814 162058  57189 360914
 126552 188481 357265 251034  54718  61214 154323 352232 360914 179434
 378481  54718 341500  59937 366273 360914 225629 240800 177661 292006
 251645 383689  55170 198640 270970 301000 357265 354127 129454 154323
 295147 147717 351989 357265 218947 310672  60665 357265 253218 267276]
NewWordVectorPositions
[154323 193919 372084 360601 360914 357265 149655  45815 281316 113853
 192973 377945 251645  54273 372755 148224 358808 357265 148224 174032
 156419 337258 144877  88126 384121 268046 357265 143954 357211 297508
      0 256046 192973  62633 360914 193716  54718 357265 331755  54718
 272930 268046 285908 262534 360914 357265      0 150004 154323 131249
 359774 117844 357760 357964 126552 264550 231458  43010 166369 251034
 182573  54718 358159 192973 249714 357108 141991  51582 357265 384121
 358801 113853 357265 148224 346600 154323  54273  51582 361939 267358
 215502 268046 186369  54718 193716 365140 360914 235957 358159 388710
 253231 357211  58997 239200 360914  71090 345422  54718 141855 357211
  58997 348225 360914  71090 125857 357265 242545 253590 321937 357211
  45193 233708 268046 357265 325303 188481 357265 148224 192973 267359
 239200 360914  71090 108564  87775 193919  71586  55915 377945 297656
 139731  60665  61214 154323 357265 143954 357211 357265 218947  97014
 192973 242545 193716 126852 149139 388710 357265 361773 268046 357265
 251034 357265 148269 286789 192973 368710 268160  54718 193716 151063
  43010      0 386886  71494 268046 177103 267279 388710 167242 253231
 351989  43010 198213 388710  43010 148868 357211 102457 373316 253218
 320245 193716 338189  81044  54718 193716 192973 387759  67153 192973
 357265 270201 256046 269798 357265  93265 223628  54718 141816 175199
 126852 231458  54273 188350 175199 174194  71814 162058  57189 360914
 126552 188481 357265 251034  54718  61214 154323 352232 360914 179434
 378481  54718 341500  59937 366273 360914 225629 240800 177661 292006
 251645 383689  55170 198640 270970 301000 357265 354127 129454 154323
 295147 147717 351989 357265 218947 379227 122879 312173 226457  84508]
