OriginalClass, 1
NewClass, 1
NumberWordsChanged, 35
WordPositions
215	216	217	218	219	220	221	222	223	224	225	226	227	228	229	230	231	232	233	234	235	236	237	238	239	240	241	242	243	244	245	246	247	248	249	
OldWordVectorPositions
[358159 148224 174032 264612 386314 360914 126552 388710 357265 339372
  54718 357265 360601 192973 200035  43010      0 357265 343963 106728
  54273 187677 366080  54718 106668 361584 188481 357265 375524 268046
 357265 207845 268046 207802 325939 185457 323024 282980 268046 357265
  15147 131687 259972 207813 281429 193716 192973 264550  43010  65963
 393000  54718  43010 166369 118258 268046 357265 148224 192973 329853
 269798 224614 141816 357265 320245 188481 357265 388378 275494 182220
 224517 188481 228029 385663 302352 329853 357639  54718 264550 188481
  43010 345174 357265 323024 372169 345206 192973 137085  54718 357809
 253767 174642  71814 220870 225689 269798 134189 151349 384735 153086
 216953 192973 377945 164328 189034  60665  43010 337717 134191 175199
 329915 351934 193716 373316  60665  43010 330966 357265 148224 192973
 139908 313137  88126 269953 268046 357265 389987 250392 192919  45912
 220790  55790 128527 386886 286468 357265 218947 327863 339265 357265
 386896 148224 389452 182540 327863 225650  58997 177103  78655 143346
 304023 222292  62065 357265 109476  55283 126552  51582 357265 146609
 227879  47798 177103 140213 174695 341885 222138  60665  43010 247378
  62065 357265  48003 268046 355616 386306 181581 110156 357639  71090
 151349 177103 327863 138473 141950 357211 192973 250392 307340  44608
 146690 375890  54718 124318 188627  54718 360914 357969 357211 358159
 148224 383513 124744  88126 153130 326702 386886 389435  54273 272042
 151349 278981 175199  52074 358159 356325  45910 360914 386503  54718
 332114 358801 357265 148224 185274 269953 248238 150110 357265 260309
 188481  43010 207715 268046 184300 268046 186450  60665 327863 303764
 154323 269953 232536 360914  56041 134678 322159 270970 231552  71712]
NewWordVectorPositions
[358159 148224 174032 264612 386314 360914 126552 388710 357265 339372
  54718 357265 360601 192973 200035  43010      0 357265 343963 106728
  54273 187677 366080  54718 106668 361584 188481 357265 375524 268046
 357265 207845 268046 207802 325939 185457 323024 282980 268046 357265
  15147 131687 259972 207813 281429 193716 192973 264550  43010  65963
 393000  54718  43010 166369 118258 268046 357265 148224 192973 329853
 269798 224614 141816 357265 320245 188481 357265 388378 275494 182220
 224517 188481 228029 385663 302352 329853 357639  54718 264550 188481
  43010 345174 357265 323024 372169 345206 192973 137085  54718 357809
 253767 174642  71814 220870 225689 269798 134189 151349 384735 153086
 216953 192973 377945 164328 189034  60665  43010 337717 134191 175199
 329915 351934 193716 373316  60665  43010 330966 357265 148224 192973
 139908 313137  88126 269953 268046 357265 389987 250392 192919  45912
 220790  55790 128527 386886 286468 357265 218947 327863 339265 357265
 386896 148224 389452 182540 327863 225650  58997 177103  78655 143346
 304023 222292  62065 357265 109476  55283 126552  51582 357265 146609
 227879  47798 177103 140213 174695 341885 222138  60665  43010 247378
  62065 357265  48003 268046 355616 386306 181581 110156 357639  71090
 151349 177103 327863 138473 141950 357211 192973 250392 307340  44608
 146690 375890  54718 124318 188627  54718 360914 357969 357211 358159
 148224 383513 124744  88126 153130 326702 386886 389435  54273 272042
 151349 278981 175199  52074 358159 320256 334634 272321 361053 353364
 286331 248162  86796 340798 150799 210342 173347  93831 176363 283690
 380627  97824 147845 275841  63175 183304 150764  52060 131354 155635
 252858 372482 266812 228736 164869 333524 276392 336655 250096 390680]
