OriginalClass, 1
NewClass, 0
NumberWordsChanged, 15
WordPositions
235	236	237	238	239	240	241	242	243	244	245	246	247	248	249	
OldWordVectorPositions
[390159 185457  91041  72477 280944 107661 358159  43010 164328 251034
 264937 185457 174642 323431 251645 390058  87775 357639  58997 251645
 249714      0 105645 388710 198418 114063 358159 192973  43010 239591
 148224  62065  74390 386494 357265  45815 383632 356325  87775 264550
 166369 151349  43010 310875 105647 357639 383513 223830 278426 223830
 310815 357639 385663 233708 225689 137189 357211 127708 329973 373316
 270970  58997 264550  46246 371798 357265 231068  97035 126552 105625
 268074  60665 106326 110768 357809 127708 209645 357408 385217 137680
 360914 302343 357211 357809 127708 226278 357265 280944 357809  58997
 137337 360914 182540 126552 384373 209645 357809  59057 188481 226278
  88126 357265 374589 215502 268046 305328  81562  97035 174642 151349
 219194 357353 148370 185457  90548 357969 268046 147468 357964 249714
 310875 357108 357265 108146 139402 154323 105956 357211 357760 368320
 329973 357265 251034 126852 141816 136979 388710  43010 384637 320242
 249714 357108 222484  81562 387695 160418 104776 146367  54718 129579
 132276 272583 222471 182186 289845 269889  43010 105956 192973 258199
 358159 251034 192973 302352  44608 368320 280944 386886  91041 105951
 360914  57189 372357      0 292066  97035 386886 385663 249714 357108
 387795 360914 231458  43010 119136 105956 226624 188481 319690  57189
 235384 188481 167501 287498  77853 140213 357265 166402 144227 268046
 358159 251034 383513 357265 106326 215502 268046  57170 368294 367700
 270970  57189 268046 191283 386423 357265 251034 137041 185457 146662
 222471 357809 170714 144214 360914 188836  43010 102799 360914 357265
 343963 386473  69842 149171 357265 386896 251034  81044 262350 348716
  44608 386457 357265 368320 387695 136979 373316 361189 262350 199087]
NewWordVectorPositions
[390159 185457  91041  72477 280944 107661 358159  43010 164328 251034
 264937 185457 174642 323431 251645 390058  87775 357639  58997 251645
 249714      0 105645 388710 198418 114063 358159 192973  43010 239591
 148224  62065  74390 386494 357265  45815 383632 356325  87775 264550
 166369 151349  43010 310875 105647 357639 383513 223830 278426 223830
 310815 357639 385663 233708 225689 137189 357211 127708 329973 373316
 270970  58997 264550  46246 371798 357265 231068  97035 126552 105625
 268074  60665 106326 110768 357809 127708 209645 357408 385217 137680
 360914 302343 357211 357809 127708 226278 357265 280944 357809  58997
 137337 360914 182540 126552 384373 209645 357809  59057 188481 226278
  88126 357265 374589 215502 268046 305328  81562  97035 174642 151349
 219194 357353 148370 185457  90548 357969 268046 147468 357964 249714
 310875 357108 357265 108146 139402 154323 105956 357211 357760 368320
 329973 357265 251034 126852 141816 136979 388710  43010 384637 320242
 249714 357108 222484  81562 387695 160418 104776 146367  54718 129579
 132276 272583 222471 182186 289845 269889  43010 105956 192973 258199
 358159 251034 192973 302352  44608 368320 280944 386886  91041 105951
 360914  57189 372357      0 292066  97035 386886 385663 249714 357108
 387795 360914 231458  43010 119136 105956 226624 188481 319690  57189
 235384 188481 167501 287498  77853 140213 357265 166402 144227 268046
 358159 251034 383513 357265 106326 215502 268046  57170 368294 367700
 270970  57189 268046 191283 386423 357265 251034 137041 185457 146662
 222471 357809 170714 144214 360914 188836  43010 102799 360914 357265
 343963 386473  69842 149171 357265 212590 244170  45836 339522  54616
 378833 294264 246954  56643 343044 320148 135835 158590 309611 374012]
