OriginalClass, 1
NewClass, 0
NumberWordsChanged, 30
WordPositions
220	221	222	223	224	225	226	227	228	229	230	231	232	233	234	235	236	237	238	239	240	241	242	243	244	245	246	247	248	249	
OldWordVectorPositions
[198418 309413 222138  60665  54273  58784  54718 144715 232536 174032
 351972  43010 367634 151349 357265 390079 386423 179434 387353 174032
 124902  54718 174032  71814 106804 118188  47798  43010 153342  45129
 357211 192214  96751  43010 368764 269798 177103  91624 131142 357265
 117967 327863 174032  71814 246283 175199 107201  43010 232536 357225
  71814 151061  54718 175199 355374 178965 357211 179434  71814 188481
 107971 388710 179434 118188 387353 154323 357265 272588 358801 142067
 135212 380507 283144 257315 175199 126852  72477 193716  87775 357411
 175425 160457 385026 283483  89943 154323 177103 283483  54718 336113
 175199 107983 357265 232536 360914 148427 272930 249714  44608 142067
 337661 137680 198418 192973 181488 270284 193716  87775 337301 348002
 126852 222471 178965 191307 388710 357265 118188  60665 264937 272583
 357411 107977 179434 387353 357265 386642 262664 192973 151610 141855
  71895 357809 173061 332239 358159 131420 174032  71814 333175 269798
 254258 328133 151349  43010 386494 264937 185457 358463 185457  74597
 160418  59937 360914 383752 193716 332239 193716 383632 254258 108884
  87775 357411  47887 185457 127708 357969 357265 274163 385663 188481
  43010 184311 360914 160418 193716  65680  60665 357809 174666 297566
 239105  44608 193716 268508 385217 336113 185457 118743 360914 162051
 193716  43010 286375  60665 185457 383513 188481  54273 371142 249311
  47798 175429  54718 302232  51582 357265  65963 291844 269798 193716
 185457 383632 142760  57189 305339 164328  87775 185457 383513 205393
 137884 151349  41112 245571 385217 249714 336113 357265  34115 245571
  60665 357265 217787      0 383513 292006 251645  43010  78848 268046
 107216 357265 148224 192973 264974  60665 164328  60665 193716 110156]
NewWordVectorPositions
[198418 309413 222138  60665  54273  58784  54718 144715 232536 174032
 351972  43010 367634 151349 357265 390079 386423 179434 387353 174032
 124902  54718 174032  71814 106804 118188  47798  43010 153342  45129
 357211 192214  96751  43010 368764 269798 177103  91624 131142 357265
 117967 327863 174032  71814 246283 175199 107201  43010 232536 357225
  71814 151061  54718 175199 355374 178965 357211 179434  71814 188481
 107971 388710 179434 118188 387353 154323 357265 272588 358801 142067
 135212 380507 283144 257315 175199 126852  72477 193716  87775 357411
 175425 160457 385026 283483  89943 154323 177103 283483  54718 336113
 175199 107983 357265 232536 360914 148427 272930 249714  44608 142067
 337661 137680 198418 192973 181488 270284 193716  87775 337301 348002
 126852 222471 178965 191307 388710 357265 118188  60665 264937 272583
 357411 107977 179434 387353 357265 386642 262664 192973 151610 141855
  71895 357809 173061 332239 358159 131420 174032  71814 333175 269798
 254258 328133 151349  43010 386494 264937 185457 358463 185457  74597
 160418  59937 360914 383752 193716 332239 193716 383632 254258 108884
  87775 357411  47887 185457 127708 357969 357265 274163 385663 188481
  43010 184311 360914 160418 193716  65680  60665 357809 174666 297566
 239105  44608 193716 268508 385217 336113 185457 118743 360914 162051
 193716  43010 286375  60665 185457 383513 188481  54273 371142 249311
  47798 175429  54718 302232  51582 357265  65963 291844 269798 193716
 185457 383632 142760  57189 305339 164328  87775 185457 383513 205393
 246461 244243  85303 136774 351317 124893 164541 325548 287365 309133
 236477 144384 303225 310129 149178 277234  93179 284686 337599  51269
  72415 332045  69203 115422 204003 387679 369072 346637 121659  69483]
