OriginalClass, 1
NewClass, 1
NumberWordsChanged, 35
WordPositions
215	216	217	218	219	220	221	222	223	224	225	226	227	228	229	230	231	232	233	234	235	236	237	238	239	240	241	242	243	244	245	246	247	248	249	
OldWordVectorPositions
[386306 357265 176378 192973 358159 210836 128966 218612 188481 225673
 367260 216683 357265 389987 357995 250392      0  45910 141816 249714
      0  54718  56027 357108 242967 282782 273495 177103  80528  87851
 268074 231552 111722 167077 357211 390138 327119  86319  86928 188481
 269953 268046 357265 250392  55553      0 367966 325549 141863 358159
 192973  52520 357265 250392  55915      0 367966 329973 141863 176789
 357265 390079  51582 357265 240788  45794 222471 276612  54718 185457
 151349 269953 304101 360914  72477 357211 141816 179208      0 330608
  58997  51582  60665      0  60665 358159 337913 329710  86766 390799
 282257 229612 232582 360914  71090 141816 249714 192919 357108  89812
      0 388710 179434 144390 180682      0 339133 188091 193919 357265
 337917 268046      0 360914 293442 357265 220941 314370  88126 367676
 193716 191811  43010 249970 326492 357211 357265 222494 268046 198613
      0  54718 100223      0  52520 290460 388710 396370 383752 229612
 352213 185457  52879 389439 182540 105625 179434 196179 126852 125381
 183848 143919  54603 383513 259914 239200 360914 348214 357265 293450
 268046 357265 326492 338149 249714 357108 358548 359970 281063 323024
 175199 192973  43010 239526 389439 358159  66097 106685  54718 390449
      0 180126  52520 146160 337258 377945  41342 279457 193716 174032
 287865 109486 390449 388710 183606 259087 220962 192973 357639  57189
 249714 372706 357108  43010  86766 268046 218612  72182 155017 268046
 186367 178401 292409  54718 249568 147631 218170  87775 357225 357265
 384121 119296 218612 174642  71814 289256 188481 180682 332239 193919
 188755  47798  51582 386306 192973 249714 262438 357108 119292  43010
 253225  43010 300627 270970  43010 357879 386423  43010 367966 325549]
NewWordVectorPositions
[386306 357265 176378 192973 358159 210836 128966 218612 188481 225673
 367260 216683 357265 389987 357995 250392      0  45910 141816 249714
      0  54718  56027 357108 242967 282782 273495 177103  80528  87851
 268074 231552 111722 167077 357211 390138 327119  86319  86928 188481
 269953 268046 357265 250392  55553      0 367966 325549 141863 358159
 192973  52520 357265 250392  55915      0 367966 329973 141863 176789
 357265 390079  51582 357265 240788  45794 222471 276612  54718 185457
 151349 269953 304101 360914  72477 357211 141816 179208      0 330608
  58997  51582  60665      0  60665 358159 337913 329710  86766 390799
 282257 229612 232582 360914  71090 141816 249714 192919 357108  89812
      0 388710 179434 144390 180682      0 339133 188091 193919 357265
 337917 268046      0 360914 293442 357265 220941 314370  88126 367676
 193716 191811  43010 249970 326492 357211 357265 222494 268046 198613
      0  54718 100223      0  52520 290460 388710 396370 383752 229612
 352213 185457  52879 389439 182540 105625 179434 196179 126852 125381
 183848 143919  54603 383513 259914 239200 360914 348214 357265 293450
 268046 357265 326492 338149 249714 357108 358548 359970 281063 323024
 175199 192973  43010 239526 389439 358159  66097 106685  54718 390449
      0 180126  52520 146160 337258 377945  41342 279457 193716 174032
 287865 109486 390449 388710 183606 259087 220962 192973 357639  57189
 249714 372706 357108  43010  86766 268046 218612  72182 155017 268046
 186367 178401 292409  54718 249568 185213 196867  92588  75306 121035
 298731  96465 121276 366991 224643  90988 331854 173729  73940 371445
 218963 383554 349457 363935 176102 331716 323074 141548 193998 209374
  85822 132587  53330 329172 379436 218706 341607 316204 393946 212564]
