OriginalClass, 1
NewClass, 0
NumberWordsChanged, 2
WordPositions
248	249	
OldWordVectorPositions
[185457 365129 185457 302352 123517 185457 358463 357211 237426 186645
 185457 158482 198204 279974 310339  56041  96602 185457 110156 137548
 179434 251034 185457 209645 357211  47798 323392 266497 144903 185457
 146662 187377  54718 258200 125256 360914 357265 109103  87775 337258
 268046 357265 307261 385663 297928 164328  54718 188481 145830 336113
 185457 383513 222471 386306 357265 176378  62065 219145 394474 123557
 279284   4961 127119  62065 357265 296974 162051 193716  43010 329853
 337304 193919  74597 360914 163237 360914 394564 121021  54718  61257
 151349  43010 311222  90600 388755  57170 292066  55105 360914  51917
 357265 181890 268046 336113 251645 275303 185457 268345 389439 186645
 193716 390143  71090  74597 360914 163237  65680 360914 254258  98992
  54718 120331 254258 151780  86616 360914 302352 220870 239105 174642
 193716 269798 272583 267401 185457 268345 357969 357211 357265 389937
 192973 302352 149655  54718 357211 186645 185457 315772  64331 144971
 137680 185457 387695 264550 270201 160418  64331 154323 193716  51582
  87775 144545 102471 273428  54718 357211 337258 141999 226297 357958
 387695 335722 239105 388710 193919  41300 355912  54718 340565 357265
 222138  54718 337258 153730 154070 154323  14980 343256 223064 190592
 254258 139679 272930 268046 239105 192973 357639  43010 302476 151349
      0 186309 319690 264550  62065  51582 200035 357211 237426 177103
 111465 358463 357211 390446  43010 343963  95198 269798 177103 229983
 269953 357211 231492  51088 152019 225629 222471 344428 329770 225629
 264550 270201 111565  87775 149713 330825 360914 357265  80295 327863
 148908 268046  51582 118748 360914 219178 177103 291753  82314 188481
 330129 185276  71494 327863 383080  43010  98970  54718 175199  72481]
NewWordVectorPositions
[185457 365129 185457 302352 123517 185457 358463 357211 237426 186645
 185457 158482 198204 279974 310339  56041  96602 185457 110156 137548
 179434 251034 185457 209645 357211  47798 323392 266497 144903 185457
 146662 187377  54718 258200 125256 360914 357265 109103  87775 337258
 268046 357265 307261 385663 297928 164328  54718 188481 145830 336113
 185457 383513 222471 386306 357265 176378  62065 219145 394474 123557
 279284   4961 127119  62065 357265 296974 162051 193716  43010 329853
 337304 193919  74597 360914 163237 360914 394564 121021  54718  61257
 151349  43010 311222  90600 388755  57170 292066  55105 360914  51917
 357265 181890 268046 336113 251645 275303 185457 268345 389439 186645
 193716 390143  71090  74597 360914 163237  65680 360914 254258  98992
  54718 120331 254258 151780  86616 360914 302352 220870 239105 174642
 193716 269798 272583 267401 185457 268345 357969 357211 357265 389937
 192973 302352 149655  54718 357211 186645 185457 315772  64331 144971
 137680 185457 387695 264550 270201 160418  64331 154323 193716  51582
  87775 144545 102471 273428  54718 357211 337258 141999 226297 357958
 387695 335722 239105 388710 193919  41300 355912  54718 340565 357265
 222138  54718 337258 153730 154070 154323  14980 343256 223064 190592
 254258 139679 272930 268046 239105 192973 357639  43010 302476 151349
      0 186309 319690 264550  62065  51582 200035 357211 237426 177103
 111465 358463 357211 390446  43010 343963  95198 269798 177103 229983
 269953 357211 231492  51088 152019 225629 222471 344428 329770 225629
 264550 270201 111565  87775 149713 330825 360914 357265  80295 327863
 148908 268046  51582 118748 360914 219178 177103 291753  82314 188481
 330129 185276  71494 327863 383080  43010  98970  54718 345687 199642]
