OriginalClass, 1
NewClass, 1
NumberWordsChanged, 35
WordPositions
215	216	217	218	219	220	221	222	223	224	225	226	227	228	229	230	231	232	233	234	235	236	237	238	239	240	241	242	243	244	245	246	247	248	249	
OldWordVectorPositions
[215204 155408 119810 180878 224546 151808  43010 106329 341452 343981
 386473 126852 323420 360914 149139 188481  62065  51582 388710 357265
 292066 382499      0 251057 337258 174642 105864 357211 358159 251034
 192973 348225 360914 351934 285908  71895 357265 141855 268046 385672
 326652  52673 193716 383513 305007  47849 357809 237383  71090 308561
 187631 264550 348373  57194 188481 358159 251034 382499      0 192973
  77239  88126  43010      0 111469 188481 359292 166369 123184 177231
 193716 383513  43010 393710  87775 357225 188297 187631  43010 321723
  54718 357760 357964 127708 142627 193716 383513  43010 171885 357225
  51582  54718  52673 234827 388710 357265 331365 268046 357265 280838
 175199 192973  44493 360914 292042 357265  96721 191811  43010 385672
 373139 175199 125125 357211 179434 387353 174032  71814  97724 269798
 178965  96751 191811 357265  71290 269953 261149 175199 207480  81562
 177103  54718 177103 226335  71895 313432 272930 191811  43010 343913
  54718  72182 135167 193919 264550 225289  71895 177661 306740  88126
  43010 127310 372265 293057 386886 192973 106971 337258 207715 268046
 371727 142832 388710 244950 108302 175199 192973 351972 360914 357265
 371309  94971 268046  43010  93405 386431 357265 345919 268046 357760
 142832 223944 222471  96173  55549 148908 268046  51582 194665 248074
 279027 256855 386314 394474 383067 360914  89824 178965 177661  43010
 148444  45893  54718  92025 278429  44608 179434 389835 262350 236860
 182540 149797 357760 251057  58997 394474  90548  52879 305141 269798
 178965 151349  43010 118700 281311 357265 306581 268046 357265  93265
 323420 164328 137680  87775 193919 173236 360914 355344 386423 357809
 174642  43010      0 380518 130063 273428  51582 357353 222999  54718]
NewWordVectorPositions
[215204 155408 119810 180878 224546 151808  43010 106329 341452 343981
 386473 126852 323420 360914 149139 188481  62065  51582 388710 357265
 292066 382499      0 251057 337258 174642 105864 357211 358159 251034
 192973 348225 360914 351934 285908  71895 357265 141855 268046 385672
 326652  52673 193716 383513 305007  47849 357809 237383  71090 308561
 187631 264550 348373  57194 188481 358159 251034 382499      0 192973
  77239  88126  43010      0 111469 188481 359292 166369 123184 177231
 193716 383513  43010 393710  87775 357225 188297 187631  43010 321723
  54718 357760 357964 127708 142627 193716 383513  43010 171885 357225
  51582  54718  52673 234827 388710 357265 331365 268046 357265 280838
 175199 192973  44493 360914 292042 357265  96721 191811  43010 385672
 373139 175199 125125 357211 179434 387353 174032  71814  97724 269798
 178965  96751 191811 357265  71290 269953 261149 175199 207480  81562
 177103  54718 177103 226335  71895 313432 272930 191811  43010 343913
  54718  72182 135167 193919 264550 225289  71895 177661 306740  88126
  43010 127310 372265 293057 386886 192973 106971 337258 207715 268046
 371727 142832 388710 244950 108302 175199 192973 351972 360914 357265
 371309  94971 268046  43010  93405 386431 357265 345919 268046 357760
 142832 223944 222471  96173  55549 148908 268046  51582 194665 248074
 279027 256855 386314 394474 383067 360914  89824 178965 177661  43010
 148444  45893  54718  92025 278429  44608 179434 389835 262350 236860
 182540 149797 357760 251057  58997 109732 353775 305660 199622 275231
 233831 300118 266310 140527 334283 146934 334871 261704 173932 225540
 348404  52144  90175 210517 337087 340821  98306 240074 178617 301823
 313773 307096 221850 385518 331113 110425 392140 260027 395468 237391]
