OriginalClass, 1
NewClass, 0
NumberWordsChanged, 15
WordPositions
235	236	237	238	239	240	241	242	243	244	245	246	247	248	249	
OldWordVectorPositions
[185457 318909 162965 360914 357265 322171 309438 393211 393704 204683
  54273  62726 143297 185457 382326 151349 357265 260309  64362 338994
 133896 270970 357265 260309 308332      0 286789 193838 360914 329973
 373316 155017 151407 336113 185457 110156 219109 182540 264550 360914
 231458  43010 251034 193716 323430 386423 357809 325898 272930 360914
 231458 358159 251034 357265 111748 383743 141941 332394 272583      0
 381330 141999 251034 141863 229835  54718 319557 108564 357964  54718
 315709 177989 384373  90548 126552 357211 151349 142283 357265 270201
  91624 277619 388746  43010 244331 269798 386306 323430 222471  43010
 269953 384121 309729 388710  43010 329917 264550 239200 151349 277639
 192973 357265 269953  91624 357265 293783  54273  62805  85343  81104
 268046  76027 192973 358829 269798 360914 357265  91624  78616 360914
 284321  71895 327863 141816 216844 269798 193716 357265 338994 133907
 385663 297928 267359 254258  75824  71779 388710 358159 251034  87775
 386306 302352 295763 193716 188481 254258  65963  80642 383513 357265
 188214  54718 215502 268046 302476 151349 336113 233708 135310 151349
 142283 357265  56184  43010 150642 120607 388710 357265  44430 360914
 189755 173593 188481  77324 384170 173067 373484  43010 225272  59756
 366047 364134  54273 188273 379479 256055 323223 169754 388710 169254
 160418 272930 268046 357265 366047 394474 209645 357809  58997  52477
 118188 357411 357265 169725 293809 357265 379479 319764 371151 262350
 101520 126552 394474 219178 358159 366047 126552 394474 371425 239105
 175199 160457 272930 360914 148427 357265  71290 357211 207441 179434
  21828  86055 175199 160457 386239 188481  54273  52261 105713 102713
 145412 357411 151349 262350  57697 302476 119476 224923 108378  54718]
NewWordVectorPositions
[185457 318909 162965 360914 357265 322171 309438 393211 393704 204683
  54273  62726 143297 185457 382326 151349 357265 260309  64362 338994
 133896 270970 357265 260309 308332      0 286789 193838 360914 329973
 373316 155017 151407 336113 185457 110156 219109 182540 264550 360914
 231458  43010 251034 193716 323430 386423 357809 325898 272930 360914
 231458 358159 251034 357265 111748 383743 141941 332394 272583      0
 381330 141999 251034 141863 229835  54718 319557 108564 357964  54718
 315709 177989 384373  90548 126552 357211 151349 142283 357265 270201
  91624 277619 388746  43010 244331 269798 386306 323430 222471  43010
 269953 384121 309729 388710  43010 329917 264550 239200 151349 277639
 192973 357265 269953  91624 357265 293783  54273  62805  85343  81104
 268046  76027 192973 358829 269798 360914 357265  91624  78616 360914
 284321  71895 327863 141816 216844 269798 193716 357265 338994 133907
 385663 297928 267359 254258  75824  71779 388710 358159 251034  87775
 386306 302352 295763 193716 188481 254258  65963  80642 383513 357265
 188214  54718 215502 268046 302476 151349 336113 233708 135310 151349
 142283 357265  56184  43010 150642 120607 388710 357265  44430 360914
 189755 173593 188481  77324 384170 173067 373484  43010 225272  59756
 366047 364134  54273 188273 379479 256055 323223 169754 388710 169254
 160418 272930 268046 357265 366047 394474 209645 357809  58997  52477
 118188 357411 357265 169725 293809 357265 379479 319764 371151 262350
 101520 126552 394474 219178 358159 366047 126552 394474 371425 239105
 175199 160457 272930 360914 148427 357265  71290 357211 207441 179434
  21828  86055 175199 160457 386239 204434 375805  90420 313191 248624
 285511  49265 124781 394692 333246 297058 118410 226458 187605 378208]
