OriginalClass, 1
NewClass, 0
NumberWordsChanged, 15
WordPositions
235	236	237	238	239	240	241	242	243	244	245	246	247	248	249	
OldWordVectorPositions
[357265  39277 385663 264550 377945 207715 360914 270132 231345 341677
  97175  84841 341893 388710      0 118337 388582 186986  54718 137073
 388710 358159 366128 167783 148224 154323  40454      0 322192 323425
 360914  71090 366273 360914 362049 132276 272583 188481 293193 167524
 131465 186986 219577 223830 360914 357265 187671 188481 193919 121184
 268046 357265 300574  54718 346796 268046      0  97035 117632  43010
 300574  54718 253218 268046 179434 182422 383513  52520 330027 188481
 125258 122128   4961 360914 243797 383513 357265 337917 268046 224486
 148224 357211 229835 394474 383067 360914 351934  43010  70229  47849
 264612 303440  44608 193716 272583 148269 222471 357265 141999 357211
 240788 126552  54718 357265 305157 118337 388582 148269 154323 358159
 281429 344107 357265 222946  74651 178401  90376  54718 178401  68878
 388710 357353 132455 121185 268046  85455  54718 307173 187631 264550
 348373 186645 357265 292978 374386 276253 210069 164934  43010 207034
 272930 268046 330018  43010 384449 225644 324931      0  84841 122087
 295348 394520 137680 360914  71090 179434 165814 270970 386306  87775
 357265 329463 111108  54718 356325 322268 268046 357760 148269 374386
 122084 386306 223830 137256 357809 237383 174642 159436      0 357265
 217787 268046 357760 148269 192973 144304      0  87775 366128 351989
 357265  89496 188481 101291 390349 188481 358159 148224  84841      0
  43010 282069 198418 151421  43010 284840 360914 132701 179434 310684
 383735  52074  43010 231875 292521 360914 160418 300575  88126  56041
 292521 231492 188953 391547 305187  53909 272583 357964 194101 357155
 151677  52520 121182 192973 357265      0 268046  43010 394520 195753
 161844 152161 358159 383513 268269 358461      0 386306 385663 280944]
NewWordVectorPositions
[357265  39277 385663 264550 377945 207715 360914 270132 231345 341677
  97175  84841 341893 388710      0 118337 388582 186986  54718 137073
 388710 358159 366128 167783 148224 154323  40454      0 322192 323425
 360914  71090 366273 360914 362049 132276 272583 188481 293193 167524
 131465 186986 219577 223830 360914 357265 187671 188481 193919 121184
 268046 357265 300574  54718 346796 268046      0  97035 117632  43010
 300574  54718 253218 268046 179434 182422 383513  52520 330027 188481
 125258 122128   4961 360914 243797 383513 357265 337917 268046 224486
 148224 357211 229835 394474 383067 360914 351934  43010  70229  47849
 264612 303440  44608 193716 272583 148269 222471 357265 141999 357211
 240788 126552  54718 357265 305157 118337 388582 148269 154323 358159
 281429 344107 357265 222946  74651 178401  90376  54718 178401  68878
 388710 357353 132455 121185 268046  85455  54718 307173 187631 264550
 348373 186645 357265 292978 374386 276253 210069 164934  43010 207034
 272930 268046 330018  43010 384449 225644 324931      0  84841 122087
 295348 394520 137680 360914  71090 179434 165814 270970 386306  87775
 357265 329463 111108  54718 356325 322268 268046 357760 148269 374386
 122084 386306 223830 137256 357809 237383 174642 159436      0 357265
 217787 268046 357760 148269 192973 144304      0  87775 366128 351989
 357265  89496 188481 101291 390349 188481 358159 148224  84841      0
  43010 282069 198418 151421  43010 284840 360914 132701 179434 310684
 383735  52074  43010 231875 292521 360914 160418 300575  88126  56041
 292521 231492 188953 391547 305187  53909 272583 357964 194101 357155
 151677  52520 121182 192973 357265 306353 364277 114478 288332 378355
  58796 393024 335650 159685 307628 150055 154000 116738 147052 119089]
