OriginalClass, 1
NewClass, 0
NumberWordsChanged, 2
WordPositions
248	249	
OldWordVectorPositions
[185457 348224 357211 361079 358159 148224 174032 305030  71494 193716
 383513  54273 132422 336552 225834 148224 327863 383513  13507 393334
 269062 386423 357265 148224 383513 229835 188481  14204 185457 378763
 358159 148224  71494 185457 383071 360914 323336 337258 268046 336552
      0 132422 389835 185457 383513 348532 386423 327863  90233 269798
  90266 174695 170714 177103 333838  84857 273428 188481  85060 231498
 360914 306287  54273 140307 292372 348380 361079 358159 390138 174642
  71814 378763  60665  43010 335043  54718 360914  71090  64174 188481
 251034 231552 193716  45929  71488  55915 383752 251409 225834 188481
 333838 105304 275325 358808 357265 148224 393657 358159 148224 390138
 174642  71814  74597 229835 186645 357265 302292 270592 332369 170714
 229835 358159 251034 357411 357265 332387  54718 357265  45919 143919
 160411 268046 357265 302292  60445 390138 174642  71814  57697 185457
 125098 357265 105868  88126 272587  44608 386457 357265 302292 270592
 332369  58997 269089  54718 175590 188481 384892  60665  71421  60665
 251409 225834 383513  62065  48003  13507  54718 343256 192973 361079
 357265 148224 390138 174642  71814  74597 302790  60665 358461 193716
 385663  72182 281319 269798 357265 341162  47798  51582 384373 127708
 323336  71421 394520 280944 269798 341162 388710 269062 270592 332369
  65680 341162 332387 154323  72057 357265 114003 126552 264550 125098
 357265 346320 268046 374252 175611 270592 332369 269953 270201 174032
 360914 303855 360914 357265 250392  60441 292970 355301 105872 151349
 357265 194437 155873 385599 106170 388710 357265 270592 332369 269798
 341162 332387 336113 293052 357265 290561 268046 357265 106174 292984
 358159 192973 269953 268046 357265  74390  54718 137887 367966 105891]
NewWordVectorPositions
[185457 348224 357211 361079 358159 148224 174032 305030  71494 193716
 383513  54273 132422 336552 225834 148224 327863 383513  13507 393334
 269062 386423 357265 148224 383513 229835 188481  14204 185457 378763
 358159 148224  71494 185457 383071 360914 323336 337258 268046 336552
      0 132422 389835 185457 383513 348532 386423 327863  90233 269798
  90266 174695 170714 177103 333838  84857 273428 188481  85060 231498
 360914 306287  54273 140307 292372 348380 361079 358159 390138 174642
  71814 378763  60665  43010 335043  54718 360914  71090  64174 188481
 251034 231552 193716  45929  71488  55915 383752 251409 225834 188481
 333838 105304 275325 358808 357265 148224 393657 358159 148224 390138
 174642  71814  74597 229835 186645 357265 302292 270592 332369 170714
 229835 358159 251034 357411 357265 332387  54718 357265  45919 143919
 160411 268046 357265 302292  60445 390138 174642  71814  57697 185457
 125098 357265 105868  88126 272587  44608 386457 357265 302292 270592
 332369  58997 269089  54718 175590 188481 384892  60665  71421  60665
 251409 225834 383513  62065  48003  13507  54718 343256 192973 361079
 357265 148224 390138 174642  71814  74597 302790  60665 358461 193716
 385663  72182 281319 269798 357265 341162  47798  51582 384373 127708
 323336  71421 394520 280944 269798 341162 388710 269062 270592 332369
  65680 341162 332387 154323  72057 357265 114003 126552 264550 125098
 357265 346320 268046 374252 175611 270592 332369 269953 270201 174032
 360914 303855 360914 357265 250392  60441 292970 355301 105872 151349
 357265 194437 155873 385599 106170 388710 357265 270592 332369 269798
 341162 332387 336113 293052 357265 290561 268046 357265 106174 292984
 358159 192973 269953 268046 357265  74390  54718 137887  91362 291616]
