OriginalClass, 1
NewClass, 1
NumberWordsChanged, 35
WordPositions
215	216	217	218	219	220	221	222	223	224	225	226	227	228	229	230	231	232	233	234	235	236	237	238	239	240	241	242	243	244	245	246	247	248	249	
OldWordVectorPositions
[ 71895 357265 191507 358159 251034 110156 259914 174642  71814 229835
  87775 357265 186344 357211 357265 384514 192973 155017 268046 141999
 192973 357265 186344  72057      0 357225  51582 193716      0 159426
 270692 357211 264963 357265 384514 188481 357265 390383 172635  90548
 111448  60665 251645  96891  60665  57189 188481 302292 222138 332239
 357265 217850  41342 337260 152393 272930 357211 394474 110156 111448
  43010 379676 386473 390138 124857  43010      0 287479 200035 360914
 126552 337301 285994 141999  88126 305335 108302 336113 193919 357265
 114423 138700 268046 309834 388710      0 192973  69842 386306 338698
 192973 388755 357265      0 107476 394474 191811 278042 388710 394564
 248489  54718 174032  71814 163745 336113 225289 193919  43010 389439
  57178 351989  57170 264624 268046 193716 264963 336113 357809 160418
 102689  54718 374162 302292 256063  60665 126981 337301 187419 193408
  43010 292488 384373 323336 357265 191507 160418 390058  88126 357265
      0 336297 259594 333120 270970  97412 311178 386473 218947 360914
 141999  54718 357265  98970 289040 333120 386473  58997 187419 336113
 357265 186344 268046  43010 251034 386473 192189 280944 360914 102722
  43010 256046 192973 200035 357265 316998 269062      0  45929 192973
  43010 333112  89857      0 386473 192973  43010 289040      0 358159
 269953 207480 357265 280944 386886 137846 193919 289125 357265 343963
 358461 192973 336113 125356 193919  81044 388710 193716  54718 105678
 360914 262350 106807 357265 119375 251034 269798 358159 357397 268046
 122087  54273 191507 325757 294047 174032 393704 360914  71090 229835
  87775 102496 233708 126552 258451 122087  60665 357809 389497  71090
 330490 128527 386423 357651 248489 360914  71090 229835  89903 358159]
NewWordVectorPositions
[ 71895 357265 191507 358159 251034 110156 259914 174642  71814 229835
  87775 357265 186344 357211 357265 384514 192973 155017 268046 141999
 192973 357265 186344  72057      0 357225  51582 193716      0 159426
 270692 357211 264963 357265 384514 188481 357265 390383 172635  90548
 111448  60665 251645  96891  60665  57189 188481 302292 222138 332239
 357265 217850  41342 337260 152393 272930 357211 394474 110156 111448
  43010 379676 386473 390138 124857  43010      0 287479 200035 360914
 126552 337301 285994 141999  88126 305335 108302 336113 193919 357265
 114423 138700 268046 309834 388710      0 192973  69842 386306 338698
 192973 388755 357265      0 107476 394474 191811 278042 388710 394564
 248489  54718 174032  71814 163745 336113 225289 193919  43010 389439
  57178 351989  57170 264624 268046 193716 264963 336113 357809 160418
 102689  54718 374162 302292 256063  60665 126981 337301 187419 193408
  43010 292488 384373 323336 357265 191507 160418 390058  88126 357265
      0 336297 259594 333120 270970  97412 311178 386473 218947 360914
 141999  54718 357265  98970 289040 333120 386473  58997 187419 336113
 357265 186344 268046  43010 251034 386473 192189 280944 360914 102722
  43010 256046 192973 200035 357265 316998 269062      0  45929 192973
  43010 333112  89857      0 386473 192973  43010 289040      0 358159
 269953 207480 357265 280944 386886 137846 193919 289125 357265 343963
 358461 192973 336113 125356 193919  81044 388710 193716  54718 105678
 360914 262350 106807 357265 119375 375317 177886 166431 291626 340233
  47253 175196 379944 213461 384352 316520 208461 326016 111604  95171
 282207 284814 314387 386127 197687 393609 160886 257370 151799 299959
 297076 378025 368228 353615 195322 165474 138431 114728 116490 356046]
