OriginalClass, 1
NewClass, 1
NumberWordsChanged, 35
WordPositions
215	216	217	218	219	220	221	222	223	224	225	226	227	228	229	230	231	232	233	234	235	236	237	238	239	240	241	242	243	244	245	246	247	248	249	
OldWordVectorPositions
[270201 357265 162273 323144  54718 286531 127708  61257 151349  57170
 249714 122134 268046 394520 379591  90548 204679 357265 300612 122176
  79376  54718 244950 268046 357265 111380 269062  53156 182001 387353
 153836  54718 394603 332239 222471 250392 280944 142342 358451 352024
 277915 188481 239526 364938 379591 323916 162051 373316 357353 323144
 387802 128770 225845  72298 227308  60022 151349 357387 360914  71090
  44114  54718 291783 176378 126552 357265 143138 179018 386306  43010
 166369  97865  67287 268046  43010 291553 151349  43010 226394  86085
 181890 251034 186645 357265 109446 375883 367700 272930 264550 360914
  71090 357265 174636 268046 181890  60665  43010 285994 222672 193716
 219190  54273 191290  47843 348373 357265  45815 192973  52261  64362
 142342 151349 357265  45905 152160 137680 360914  71090 286442 357265
 111380 131476  55214      0 386886 217909 286407 357265 236224 188481
 229753 237275  74804 358956 179434 111380  85462 268046  43010  84998
  55169 153086 249592 386886 167873  43010 225985  54718 174032  43010
 147382 151349 357265 379591 171254 357265 111380 250482 268046 357265
 368320 245069      0 357265 111380 387353 135553 313655 386886 334573
 188481  43010 286983 104472  54718 268046 110542 357265 111380 126713
 227308  54273 137879 394520 305949 278822 184160 226821 382832 363420
 128527 357265 126713  71494 268046  43010 344232 271140 388710  43010
 279846 349414 267872 357211 170714  71814 390028  88126 357265 378481
 386423 357265 126713  54718 179434 387353 192184 278565 360914 342180
 357265 261149  43010 299187 343913 187871  83377 272930 357211 103260
 355374 374020 337258 299187 379442 192973  44608 360914 139256 190592
 332239 193919 385217 209675 357211 188481 180682  62065 358159 359888]
NewWordVectorPositions
[270201 357265 162273 323144  54718 286531 127708  61257 151349  57170
 249714 122134 268046 394520 379591  90548 204679 357265 300612 122176
  79376  54718 244950 268046 357265 111380 269062  53156 182001 387353
 153836  54718 394603 332239 222471 250392 280944 142342 358451 352024
 277915 188481 239526 364938 379591 323916 162051 373316 357353 323144
 387802 128770 225845  72298 227308  60022 151349 357387 360914  71090
  44114  54718 291783 176378 126552 357265 143138 179018 386306  43010
 166369  97865  67287 268046  43010 291553 151349  43010 226394  86085
 181890 251034 186645 357265 109446 375883 367700 272930 264550 360914
  71090 357265 174636 268046 181890  60665  43010 285994 222672 193716
 219190  54273 191290  47843 348373 357265  45815 192973  52261  64362
 142342 151349 357265  45905 152160 137680 360914  71090 286442 357265
 111380 131476  55214      0 386886 217909 286407 357265 236224 188481
 229753 237275  74804 358956 179434 111380  85462 268046  43010  84998
  55169 153086 249592 386886 167873  43010 225985  54718 174032  43010
 147382 151349 357265 379591 171254 357265 111380 250482 268046 357265
 368320 245069      0 357265 111380 387353 135553 313655 386886 334573
 188481  43010 286983 104472  54718 268046 110542 357265 111380 126713
 227308  54273 137879 394520 305949 278822 184160 226821 382832 363420
 128527 357265 126713  71494 268046  43010 344232 271140 388710  43010
 279846 349414 267872 357211 170714  71814 390028  88126 357265 378481
 386423 357265 126713  54718 179434  57804  68629 232904  70123 113068
  92482 219607 254871 104455 156860 113674 237468 105264 331091 166629
 141798 111220 371206 165216 335039 161311 349005 340770 115682 214681
 301158 172469 338682  58864 206342 370015 110710 183551  90122 205347]
