OriginalClass, 1
NewClass, 1
NumberWordsChanged, 35
WordPositions
215	216	217	218	219	220	221	222	223	224	225	226	227	228	229	230	231	232	233	234	235	236	237	238	239	240	241	242	243	244	245	246	247	248	249	
OldWordVectorPositions
[337304 218190 188481 357265 243674 268046  43010 181890 148224 192973
  43010 331375 268046 193919 166409 185457 305224 357265 259305 218190
 154323 357265  62979 188481 357265 306203 268046 357265      0 302352
 259305 218190 193716 295276 200035 182540 153339 272930 384373  51582
 385663 383752 357265 380507 268046 318921 105730 272930 268046  43010
   8172 393301 269062 161844 188481 357265  93018 268046 357265  17580
 305161 268046 357265  14480 113550 102221 357265 387066 232536 182573
 193716 229835 239105 357969 357211 358159 259972      0 192973  44608
  60665 320173  60665 357265 338275 277606  97014      0 357265 154059
 151580 248926 388710 368045 278831 130401 151349  43010 219639  54718
  43010  94914 341310 151349  54273  59557 386958 145839 179991 192973
 384512 387066  69920  21828 393334  48262  43010 154049 268046 245015
 188481 180682 361391 239105 357211 175199 175426 357211 260893  89313
 383513 163745 360914 126552  43010 305161 268046 357265 148224 185457
 341885 218178  54718 254258 154049 204833 164934 229753  62065 239105
 363054 260893  89313  60665  43010 166369  45893 185457 200035 123557
 357969 357211 175199 110156 295094 193716 268074  54718 371798 151349
 251042 185457 383513 308561 164233 192973 357265 302357 357265 273315
 271493 253590 357265 271499 357265 111561  54718 357265 389450 290201
 123184 190756 384373 174642 181890 251034      0  47486  45815  54718
  96737 360914 357265 343981 357211 231458  57170  72474 144545  57350
 222471 233708 268046 357265 110426 180682 305162 384373 174642  71814
 191984 388710 217901 358159 146354 222471 384373  58997 383752  30349
 165545 269798  43010 286435 286442      0 357265 271493 148224 351989
 285908 269798  43010 305335 322022 193343 386431  43010 322022 287768]
NewWordVectorPositions
[337304 218190 188481 357265 243674 268046  43010 181890 148224 192973
  43010 331375 268046 193919 166409 185457 305224 357265 259305 218190
 154323 357265  62979 188481 357265 306203 268046 357265      0 302352
 259305 218190 193716 295276 200035 182540 153339 272930 384373  51582
 385663 383752 357265 380507 268046 318921 105730 272930 268046  43010
   8172 393301 269062 161844 188481 357265  93018 268046 357265  17580
 305161 268046 357265  14480 113550 102221 357265 387066 232536 182573
 193716 229835 239105 357969 357211 358159 259972      0 192973  44608
  60665 320173  60665 357265 338275 277606  97014      0 357265 154059
 151580 248926 388710 368045 278831 130401 151349  43010 219639  54718
  43010  94914 341310 151349  54273  59557 386958 145839 179991 192973
 384512 387066  69920  21828 393334  48262  43010 154049 268046 245015
 188481 180682 361391 239105 357211 175199 175426 357211 260893  89313
 383513 163745 360914 126552  43010 305161 268046 357265 148224 185457
 341885 218178  54718 254258 154049 204833 164934 229753  62065 239105
 363054 260893  89313  60665  43010 166369  45893 185457 200035 123557
 357969 357211 175199 110156 295094 193716 268074  54718 371798 151349
 251042 185457 383513 308561 164233 192973 357265 302357 357265 273315
 271493 253590 357265 271499 357265 111561  54718 357265 389450 290201
 123184 190756 384373 174642 181890 251034      0  47486  45815  54718
  96737 360914 357265 343981 357211 231458  57170  72474 144545  57350
 222471 233708 268046 357265 110426 198014 210234 303013 344307 184643
 346708 341758 159707 367478 325386 393387 283425 201783 383655 301515
 127239 300506 252284  79982 204731 259973 393265 154295 308513 359515
 213631 156412 388736  91556 146804 205118 114975  60223 163975 208129]
