OriginalClass, 1
NewClass, 0
NumberWordsChanged, 7
WordPositions
243	244	245	246	247	248	249	
OldWordVectorPositions
[336113 174032 193716 302352 105625 360914 358159  58997 384373  60665
 107613  46943 360914  77791 151349 357265 260309 159439 268046 101281
 215502 268046 101291 371428  54718  95016  91230 106727 357265 384128
  54718 103530 217932  46223 360914 357265 251070 284282 320239 223830
 232536 358159 372190 207813 282840 277466 168663  57187 371151 357265
  48003 268046 368133 253767  71090  45192  88126  43010 306556  46922
  95630 251034 192973 357265 138469 268046 386306 174032 264937 122450
 191811 357265 390058  93018 268046 130649 128527 332239 101111 385663
 388455 272930 154323 284282 268046 251034 186254 268046 357265  14181
 357265 291311 371151 368151  62979 177231 386886 337258 388755 167694
 373316 348136 361939 318909 357639 266906 352024 193716  51582 188481
 267139 360914 357353 345908  54718 357265 278069 167694 373316 146160
 357211 223830 232536 289260 188481 277915  62065 219145 361939 251057
 188481 159391  90548 126552  74597 357108 358159 288743  62696 386494
 358159 263767 192973 160466 357387 188481 386494 357809  58997 343256
 394520  54718 153836 357265  75824 146098 151349 357265 155653 268046
 101278 192973 357211  43010  99010 186884 200035 243977  92747 269798
 358801 360914  43010 167694 373316  78276 101278 121797 249714 357108
 358159  54718 336113 126552 193919 141863 167685  54718 188481 357265
 223700 325007 361939  62980 358159  77959  93063 110757 146334 269798
 357265      0 245000 268046 357265 394520 357639 192973 262350 101278
 142808 177231 262350 270501 143319 389439 262350      0 306501 360914
 357265 230306 268046 251057 357639 192973 264612  87775  74744  54718
 108053 151349 357265 215502 268046 346165 271499  54718 193919 120127
 268046 244950 220815 354759  54718 277784 268046 141950 357211 192973]
NewWordVectorPositions
[336113 174032 193716 302352 105625 360914 358159  58997 384373  60665
 107613  46943 360914  77791 151349 357265 260309 159439 268046 101281
 215502 268046 101291 371428  54718  95016  91230 106727 357265 384128
  54718 103530 217932  46223 360914 357265 251070 284282 320239 223830
 232536 358159 372190 207813 282840 277466 168663  57187 371151 357265
  48003 268046 368133 253767  71090  45192  88126  43010 306556  46922
  95630 251034 192973 357265 138469 268046 386306 174032 264937 122450
 191811 357265 390058  93018 268046 130649 128527 332239 101111 385663
 388455 272930 154323 284282 268046 251034 186254 268046 357265  14181
 357265 291311 371151 368151  62979 177231 386886 337258 388755 167694
 373316 348136 361939 318909 357639 266906 352024 193716  51582 188481
 267139 360914 357353 345908  54718 357265 278069 167694 373316 146160
 357211 223830 232536 289260 188481 277915  62065 219145 361939 251057
 188481 159391  90548 126552  74597 357108 358159 288743  62696 386494
 358159 263767 192973 160466 357387 188481 386494 357809  58997 343256
 394520  54718 153836 357265  75824 146098 151349 357265 155653 268046
 101278 192973 357211  43010  99010 186884 200035 243977  92747 269798
 358801 360914  43010 167694 373316  78276 101278 121797 249714 357108
 358159  54718 336113 126552 193919 141863 167685  54718 188481 357265
 223700 325007 361939  62980 358159  77959  93063 110757 146334 269798
 357265      0 245000 268046 357265 394520 357639 192973 262350 101278
 142808 177231 262350 270501 143319 389439 262350      0 306501 360914
 357265 230306 268046 251057 357639 192973 264612  87775  74744  54718
 108053 151349 357265 215502 268046 346165 271499  54718 193919 120127
 268046 244950 220815  72753 119484  66321 246499 107556 169724 300244]
