OriginalClass, 1
NewClass, 0
NumberWordsChanged, 35
WordPositions
215	216	217	218	219	220	221	222	223	224	225	226	227	228	229	230	231	232	233	234	235	236	237	238	239	240	241	242	243	244	245	246	247	248	249	
OldWordVectorPositions
[357265      0 354460 268046  73298 147828  54718  78558 323411 385663
 183606 341860 188481 376498 393704 357809 229835 377945 147468 148269
  60665 192973 357265  93018 151349 337258 272583 281321 268046 357353
 138715 159864 228656 104566 144870  83903 160307 218584 357265 250392
  45112 284318 268046 148224 151262 151349 147828  54718 323411 192973
 357265  76608  44608 357387 188481 386473 357812 289256  88126 272583
  45905 337260 226345 239105 341856  74638 184532  54718 357211 190147
      0 232536 299852 239744 188481 357353 178000 147828  54718 323411
 385663 336113 183608 288917 357211  56041      0 376498  45794 197150
  78339  54718 141802 347084  45458 258200  60665 251645 341731 281322
  54273  52261 186391  45794 133901  71587 357265      0 147828  54718
 323411 268288 358461 357639 383513  43010 231345 123763 188481 357265
 110486 224021  60019 147828  54718 323411 223956 188481 182220 346838
 279331      0 300978 151349 141941 239156 357809  62192  54718 141859
 313432 272930 268046 248489  78339  54718 347084 223956 247459  54718
 192116 357353 132464 388573 137073 188481 105691 306889 357265 148908
  23310 323107 268046 358159 379925 329710  58997 267446  88126 368320
      0 283995  57698 357760 368320 240788 170714 337258 334687 256046
 375623 268046 357353 274148 188481  13977  52673 194101 259914 175426
 268046 357387 148356 147828  54718 323418 313579 188481  54718 341874
 281322 357809  81562 174642 286606 268046 280962  54718 328475 144304
  62805 185457 383513  55914 357211  81562 281321 204679 231552 251022
  60665 186645 357812  44608 360914  83332 191811  43010 116552  87775
 357809 259914 297928 126552 336113 373139 357265 358028 268046 357265
 358548 337509 357809 281307 188481 358159 329710 386423 357809 148356]
NewWordVectorPositions
[357265      0 354460 268046  73298 147828  54718  78558 323411 385663
 183606 341860 188481 376498 393704 357809 229835 377945 147468 148269
  60665 192973 357265  93018 151349 337258 272583 281321 268046 357353
 138715 159864 228656 104566 144870  83903 160307 218584 357265 250392
  45112 284318 268046 148224 151262 151349 147828  54718 323411 192973
 357265  76608  44608 357387 188481 386473 357812 289256  88126 272583
  45905 337260 226345 239105 341856  74638 184532  54718 357211 190147
      0 232536 299852 239744 188481 357353 178000 147828  54718 323411
 385663 336113 183608 288917 357211  56041      0 376498  45794 197150
  78339  54718 141802 347084  45458 258200  60665 251645 341731 281322
  54273  52261 186391  45794 133901  71587 357265      0 147828  54718
 323411 268288 358461 357639 383513  43010 231345 123763 188481 357265
 110486 224021  60019 147828  54718 323411 223956 188481 182220 346838
 279331      0 300978 151349 141941 239156 357809  62192  54718 141859
 313432 272930 268046 248489  78339  54718 347084 223956 247459  54718
 192116 357353 132464 388573 137073 188481 105691 306889 357265 148908
  23310 323107 268046 358159 379925 329710  58997 267446  88126 368320
      0 283995  57698 357760 368320 240788 170714 337258 334687 256046
 375623 268046 357353 274148 188481  13977  52673 194101 259914 175426
 268046 357387 148356 147828  54718 323418 313579 188481  54718 341874
 281322 357809  81562 174642 286606 268046 280962  54718 328475 144304
  62805 185457 383513  55914 357211 207000 337211 319014 363320 169082
 269314  76823 143761 193707 302814 221045 123762 263885  83150 384992
  75973 219111 182179 300016 268522 141249  93308 383262  92948  65557
 223293  63402 294370 239931 294711 360364 221423  94964 226043 244903]
