OriginalClass, 1
NewClass, 1
NumberWordsChanged, 35
WordPositions
215	216	217	218	219	220	221	222	223	224	225	226	227	228	229	230	231	232	233	234	235	236	237	238	239	240	241	242	243	244	245	246	247	248	249	
OldWordVectorPositions
[230492 291775 193923  60665  43010 382653 360914 382653  91182 268046
 322159 330129 274037 185274 368304 386886  58997  51582  71653  88126
 304335 168775  54718 275303 294635  54803 192973  95616  43010 161240
 148259  87775 281353 175199 329915 219178 357265 390446 360914 337266
 135869 270970  62065 219145 148427 337266 388710 357265  67442 360914
 355344 178965 175199 258454 360914 133575 358159 273749 241860  43010
 225629  62065 357265  93265 387695 355344 394474 357211 357265 281316
 385663 142331  54718 357809 385663 185457 200035 388582 357211 141941
 320242 123557 192213  54273 273428 357265 362049 329946 236422 270970
 225289 123979 191811 357265 332671 357211 174642  71814 105961  54718
 357265 275303 357211 357809 174642  94044 185457  52520 357969 357211
  54803 144223 246021 360914 111448  43010 343963 357211 277145 357265
  77324 351101 357211 270501 357265 148224 357265 270547 325303  58997
 389449 188481 330018 182540 145557  90548  84236 361189 280944  54718
 101520 357211 141816 357265 250392 270904  72479 188481  43010 109819
 295408 295122 272881 344737 390138 321845  62065  87775 357265 343963
 357211 357411 122463 215522  57170 268046 357265 345206 357211 357760
 270547 143797 125540 185457 205393 382333 151349 337258 151719 268046
 109819 108395 360914 125540 193923  87775 190756  51582 384373 160418
 192973 384074 268046 304335 154323 249589  96373  97035 386886 323336
 357353 278468 340204 272930  71895 357387  54718 264937 323394  44791
 358815 188481  54273 272930 268046 219577 147810  75401 285983 258155
 357265 136979  54718  51582 394474 136979 373316 388710 192973  43010
  89167 268046  54803 122593 386886 387695 235545  62065 179434 159538
 386423  51582 193716 302352 294033 192973 357211 175199 174032  45929]
NewWordVectorPositions
[230492 291775 193923  60665  43010 382653 360914 382653  91182 268046
 322159 330129 274037 185274 368304 386886  58997  51582  71653  88126
 304335 168775  54718 275303 294635  54803 192973  95616  43010 161240
 148259  87775 281353 175199 329915 219178 357265 390446 360914 337266
 135869 270970  62065 219145 148427 337266 388710 357265  67442 360914
 355344 178965 175199 258454 360914 133575 358159 273749 241860  43010
 225629  62065 357265  93265 387695 355344 394474 357211 357265 281316
 385663 142331  54718 357809 385663 185457 200035 388582 357211 141941
 320242 123557 192213  54273 273428 357265 362049 329946 236422 270970
 225289 123979 191811 357265 332671 357211 174642  71814 105961  54718
 357265 275303 357211 357809 174642  94044 185457  52520 357969 357211
  54803 144223 246021 360914 111448  43010 343963 357211 277145 357265
  77324 351101 357211 270501 357265 148224 357265 270547 325303  58997
 389449 188481 330018 182540 145557  90548  84236 361189 280944  54718
 101520 357211 141816 357265 250392 270904  72479 188481  43010 109819
 295408 295122 272881 344737 390138 321845  62065  87775 357265 343963
 357211 357411 122463 215522  57170 268046 357265 345206 357211 357760
 270547 143797 125540 185457 205393 382333 151349 337258 151719 268046
 109819 108395 360914 125540 193923  87775 190756  51582 384373 160418
 192973 384074 268046 304335 154323 249589  96373  97035 386886 323336
 357353 278468 340204 272930  71895 357387  54718 264937 323394  44791
 358815 188481  54273 272930 268046 384454 234589 306677  58788 239668
 374412 281713 364999 161867 361521 326666 192588 136924 123736 394315
 356942 289071 156064 393856 383518 249728 289609 257446  59655 126520
 341815 241105 154426  94831 140389 228321 355450  50044 159605 107479]
