OriginalClass, 1
NewClass, 0
NumberWordsChanged, 31
WordPositions
219	220	221	222	223	224	225	226	227	228	229	230	231	232	233	234	235	236	237	238	239	240	241	242	243	244	245	246	247	248	249	
OldWordVectorPositions
[357265 155345 338149 357211 394474 237383 175425 386423 394474 143307
 358159 142477 377861 268046 199573 377759 102221 199009 360914 357265
  95187 268046 357265 132482 192973 377756 339584 188481 179434 166193
 357265 270201 357958  44608 358159  39033 245562 270952 357211 174032
  57189 360914 126552 388710 199009 360914 357265  95187 268046 357265
 132482 192973 357265 360601 272589 141950 135869 188481 358159 215516
 292986 192973 259972  54718 264550 390092 383752 188481 143954 357265
 124763 174032 390449 177231  62065      0 357211 175199 124744 270201
 134390 245571 268046 199009 360914 357265  95187 268046 357265 132482
  54718 357265 345174 351228 269798 277915 268046 127144 176499  50556
      0 325295 360914 179434 274148  51366 154323 215204 388710 203705
 192630 141996 357265 292978 300216 272930 268046 248489  54718 360914
 319040 273871 108213 267113 357809 165640      0 325295 270284 124763
 313758      0 251034 286531 127708 305655 270970  87972 358159 390347
 284318 268046 157581 372357 124763 176988 221207 281429 284318 199009
 360914 357265  95187 268046 357265 132482  14261 388710 195355 236012
  54718 278565  80705      0 199009 360914 357265  95187 268046 357265
 132482 351989 285908 188481 108049 359970 188481 174730 368320 146633
  43010  84372 256275  54718  43010 126864  58997  85024 361189 151349
 357265  47021 268046  43010 222218 295485  88126 104654 308118 279027
      0 268046  78229 117550  54718 179434 105708  80586 267276  84998
  85498 187230      0 268046 385026 321703  58997 163745 272930 360914
 142902  43010  94149 357265 177451      0 260881 110835 268046 371496
 389912 151349  43010 127268 325757  89857 256269 298135 374020  72182
  43010 256275 174032  71814      0 222194 129149  87775 327863 174032]
NewWordVectorPositions
[357265 155345 338149 357211 394474 237383 175425 386423 394474 143307
 358159 142477 377861 268046 199573 377759 102221 199009 360914 357265
  95187 268046 357265 132482 192973 377756 339584 188481 179434 166193
 357265 270201 357958  44608 358159  39033 245562 270952 357211 174032
  57189 360914 126552 388710 199009 360914 357265  95187 268046 357265
 132482 192973 357265 360601 272589 141950 135869 188481 358159 215516
 292986 192973 259972  54718 264550 390092 383752 188481 143954 357265
 124763 174032 390449 177231  62065      0 357211 175199 124744 270201
 134390 245571 268046 199009 360914 357265  95187 268046 357265 132482
  54718 357265 345174 351228 269798 277915 268046 127144 176499  50556
      0 325295 360914 179434 274148  51366 154323 215204 388710 203705
 192630 141996 357265 292978 300216 272930 268046 248489  54718 360914
 319040 273871 108213 267113 357809 165640      0 325295 270284 124763
 313758      0 251034 286531 127708 305655 270970  87972 358159 390347
 284318 268046 157581 372357 124763 176988 221207 281429 284318 199009
 360914 357265  95187 268046 357265 132482  14261 388710 195355 236012
  54718 278565  80705      0 199009 360914 357265  95187 268046 357265
 132482 351989 285908 188481 108049 359970 188481 174730 368320 146633
  43010  84372 256275  54718  43010 126864  58997  85024 361189 151349
 357265  47021 268046  43010 222218 295485  88126 104654 308118 279027
      0 268046  78229 117550  54718 179434 105708  80586 267276  84998
  85498 187230      0 268046 385026 321703  58997 163745 272930  70200
 297168 393013  99645  64827 111525 375472  51757 147781 367309 244248
 373668 162242 134802 295674 384304  76452 396996 269826 190189  85484
 111027  74006 274922  56650 125515 118148 328061 251578 139974  80085]
