OriginalClass, 1
NewClass, 1
NumberWordsChanged, 35
WordPositions
215	216	217	218	219	220	221	222	223	224	225	226	227	228	229	230	231	232	233	234	235	236	237	238	239	240	241	242	243	244	245	246	247	248	249	
OldWordVectorPositions
[268745 194101 323431 286606 268046 251057 118271 388710 388692  54718
 357265 267429  87775 358159 269953 383513 200035 285994 385026 358159
 251034 341901 272930  60665 358159 113550 268046 388692 219383  88126
  43010 302352  65963 271826 385395 286442 357265 341775 310672 110159
 357809 174642 165004 337260 357211 225639  54718  45805 249714 222471
  43010 318927 175199 200035 123517 264550  72760 188481 358159 251034
  62065  51582  87775  57179 357265 110693 351989  43010 259972 240681
  54718 341061  43010 127107 357211 306289 337260  54718 231492 177103
 174642  43010      0 357265 215685 357211 170714 357265      0  54718
 177103 184368 163237 268074 360914  43010 285908  89857 222601 269798
      0  54718 357265 215685 239204 192973 323392  54273 187646 268046
 177103 333050 270970 386893 193716 192973  89903 360914 177103  54718
 383375 177103 360914 342180  64331 154323 357639  54718 360914 259914
 374162 177103 290231 357639 270970 327863 387695 123577 357265 110481
  47798 357809 160418 325995 128527 188481 357265 344232 363116 125117
 357211  51582 357265 190074  58997  51582 388692  54718 327863  71586
 264499  54718  47675 268046  51582 268046 177103 258742  54718 154060
 357411 344232 357964 341874 360914 173061  60665 357265 215685 125125
  43010 155280 352024 285908 269798  43010 178828 357211 346475      0
 357211 383513 111565  60665 385217  60665 323392 357265 223830  82265
  72763 360914 271826 385395  62065 357265      0 357211 175199 217909
  61300 357265 215685 360914 176551 178965  84236  65680 360914 222138
 357265 215685 337661 365140 360914 139402 357265 363116  87775 270201
 360914 148427 177555      0  88126 193919 190074  54718 290231  54718
 148441 177555 186890  51582 268046 386306 357265 339643 365140 360914]
NewWordVectorPositions
[268745 194101 323431 286606 268046 251057 118271 388710 388692  54718
 357265 267429  87775 358159 269953 383513 200035 285994 385026 358159
 251034 341901 272930  60665 358159 113550 268046 388692 219383  88126
  43010 302352  65963 271826 385395 286442 357265 341775 310672 110159
 357809 174642 165004 337260 357211 225639  54718  45805 249714 222471
  43010 318927 175199 200035 123517 264550  72760 188481 358159 251034
  62065  51582  87775  57179 357265 110693 351989  43010 259972 240681
  54718 341061  43010 127107 357211 306289 337260  54718 231492 177103
 174642  43010      0 357265 215685 357211 170714 357265      0  54718
 177103 184368 163237 268074 360914  43010 285908  89857 222601 269798
      0  54718 357265 215685 239204 192973 323392  54273 187646 268046
 177103 333050 270970 386893 193716 192973  89903 360914 177103  54718
 383375 177103 360914 342180  64331 154323 357639  54718 360914 259914
 374162 177103 290231 357639 270970 327863 387695 123577 357265 110481
  47798 357809 160418 325995 128527 188481 357265 344232 363116 125117
 357211  51582 357265 190074  58997  51582 388692  54718 327863  71586
 264499  54718  47675 268046  51582 268046 177103 258742  54718 154060
 357411 344232 357964 341874 360914 173061  60665 357265 215685 125125
  43010 155280 352024 285908 269798  43010 178828 357211 346475      0
 357211 383513 111565  60665 385217  60665 323392 357265 223830  82265
  72763 360914 271826 385395  62065 357265      0 357211 175199 217909
  61300 357265 215685 360914 176551 180594 324224 111024 233612 214405
 329633  62324 204223 328372 388406 167047 278875 355087 137853 338455
 316833 118731  58025 270850 355394 147912 229938  45223 159275  79927
  52591 304341 196466 281955 337318  47520 129159  44723 235067  47230]
