OriginalClass, 1
NewClass, 0
NumberWordsChanged, 14
WordPositions
236	237	238	239	240	241	242	243	244	245	246	247	248	249	
OldWordVectorPositions
[144877 268046 111469 146154 148269 174642 360914 137199  43010 225985
 268046  64362 251057 217901  78456 348404 327128 198486 357265 223628
 268046 345296 303685      0 360612  44608 308332  75774  55549 357211
 383067 360914 367634 357265 151204  96165 373571 128527 112158  58997
 278020 346322  60665 384373  52477 170714 360914 344954 272881 384121
 358801 357265  44950 112156 124744  88126  43010 124908 360981 181524
  54718 216114 285945  78456 348404 192973 141941  77162  60665  65963
  60665 357760 272583 148269  54718 269798 362049 268046 357211 193716
 222494 360914 142254 364665 357265      0 348226 192973  41112 393334
 269062 273428  23310 154680 225289  54718 193716 207480 151349 155185
 131142 357265 148224 175199  54222 179018  88126 122605  43010  86766
 268046 374595 345296      0      0 386886  90233 360914 323394 259972
 358744  88126 348427 188481  43010      0  58999 357265 270201  71421
  61423  44608 358159 148224 192973 357265 365848 224614 141816 358461
 193919  43010 106329 188632 325990 151349  43010 148224 222471 358159
 357265 215890  54718 257320 225650 235556 141941 272583  61423 192973
 332147 124945 357651  43010 297928  43010  77162 268046 164646  87775
 193716  51582 225650 144390  54718 218170 357265 123185  58997 128611
 275310 360914 223635 360914 394474 389497  72477 337258 268046 357265
 222999 357760  45905 174642 360914 319690 185457 209645 348424  58997
 348225 360914  71090  43010 241083 371259 167631  87775 185457 181581
 151349 357353 274148 316080 357812 264550 357211 345296 132422 188481
 357265 148224 269953 268046 357265  97035 303891 360914 196227  60665
  72182  43010 239291 363200  87775 357265 112132 177231 225650  62065
 219145   4961 359970 220815 302292 357108      0 166369 386642 327558]
NewWordVectorPositions
[144877 268046 111469 146154 148269 174642 360914 137199  43010 225985
 268046  64362 251057 217901  78456 348404 327128 198486 357265 223628
 268046 345296 303685      0 360612  44608 308332  75774  55549 357211
 383067 360914 367634 357265 151204  96165 373571 128527 112158  58997
 278020 346322  60665 384373  52477 170714 360914 344954 272881 384121
 358801 357265  44950 112156 124744  88126  43010 124908 360981 181524
  54718 216114 285945  78456 348404 192973 141941  77162  60665  65963
  60665 357760 272583 148269  54718 269798 362049 268046 357211 193716
 222494 360914 142254 364665 357265      0 348226 192973  41112 393334
 269062 273428  23310 154680 225289  54718 193716 207480 151349 155185
 131142 357265 148224 175199  54222 179018  88126 122605  43010  86766
 268046 374595 345296      0      0 386886  90233 360914 323394 259972
 358744  88126 348427 188481  43010      0  58999 357265 270201  71421
  61423  44608 358159 148224 192973 357265 365848 224614 141816 358461
 193919  43010 106329 188632 325990 151349  43010 148224 222471 358159
 357265 215890  54718 257320 225650 235556 141941 272583  61423 192973
 332147 124945 357651  43010 297928  43010  77162 268046 164646  87775
 193716  51582 225650 144390  54718 218170 357265 123185  58997 128611
 275310 360914 223635 360914 394474 389497  72477 337258 268046 357265
 222999 357760  45905 174642 360914 319690 185457 209645 348424  58997
 348225 360914  71090  43010 241083 371259 167631  87775 185457 181581
 151349 357353 274148 316080 357812 264550 357211 345296 132422 188481
 357265 148224 269953 268046 357265  97035 303891 360914 196227  60665
  72182  43010 239291 363200  87775 357265 365815 278591  70298 396910
 118641  79884 205204 291693 108501 218130 104243 391914 383399 376417]
