OriginalClass, 1
NewClass, 1
NumberWordsChanged, 35
WordPositions
215	216	217	218	219	220	221	222	223	224	225	226	227	228	229	230	231	232	233	234	235	236	237	238	239	240	241	242	243	244	245	246	247	248	249	
OldWordVectorPositions
[188481  43010 265863 358159 192973  43010 108541 114248 310875 105647
 357211 302352 383080  54718 365140 360914  71090 337301 249714 193716
 383080 360914  71090 173683  54718 237031  55847 171785 357265 165578
 193716 383080 360914  71090 119136  54718 183848 193716 174032 191290
  90266 329871 222350 253590 133581  51582 268046 386473 162051 193716
 357265 146344 268046  54273 188273 251034 357265 123179 192973 335201
  62065 359970 357639  58997 337258 218167 272930 226077 248245  87775
 177260 386306 204686 193716 154323 370303  72182  57189 249714 357108
  43010 151973      0 189760      0   2479 117720 321609 182540 233708
 359970  90548 198312      0 295418 126864 341734  77878 191811 338555
 388710 179434 196179 172728 270501  71895 193716 341901 360914 160418
  55915 237426 337258 129570 390138 174642 176555  15341      0 276010
 328475 302352 149655 177231  54718 264550 200035 188481 357265  98429
 177103 310672 192973 348225 360914  71090 358159 223966 260760  92180
 161844 386886 200035 204686 160466 177555 191811 390469 333194 192973
 377945 107211  60665  43010 306708  54718 357211 192973 386983  43010
      0 225947 222471 321609 174032  57170  96602 388710 177103  87775
      0 286468 177103 377945 130591 105585 358159 388710      0      0
  44617  54718 394474 174642 377945 223830  98032 360914  92019  44608
 185457 205393 284287 337266 135869 188481 358159 310672 203639 183516
 151349 142283  21828 357265 322255  54718 357265 286789 357265 345206
 357211 173067 200035  69842 126852 308888 366080  51582 357265 292803
 160418 390270 373316 188481 357265 136979 388710 346372  43010 258214
  54718 359442  82122 269798 362049 357211 193716 323430 222471  43010
 386613  78187  54718 357265 322255 390433 200035 315709 270403 359888]
NewWordVectorPositions
[188481  43010 265863 358159 192973  43010 108541 114248 310875 105647
 357211 302352 383080  54718 365140 360914  71090 337301 249714 193716
 383080 360914  71090 173683  54718 237031  55847 171785 357265 165578
 193716 383080 360914  71090 119136  54718 183848 193716 174032 191290
  90266 329871 222350 253590 133581  51582 268046 386473 162051 193716
 357265 146344 268046  54273 188273 251034 357265 123179 192973 335201
  62065 359970 357639  58997 337258 218167 272930 226077 248245  87775
 177260 386306 204686 193716 154323 370303  72182  57189 249714 357108
  43010 151973      0 189760      0   2479 117720 321609 182540 233708
 359970  90548 198312      0 295418 126864 341734  77878 191811 338555
 388710 179434 196179 172728 270501  71895 193716 341901 360914 160418
  55915 237426 337258 129570 390138 174642 176555  15341      0 276010
 328475 302352 149655 177231  54718 264550 200035 188481 357265  98429
 177103 310672 192973 348225 360914  71090 358159 223966 260760  92180
 161844 386886 200035 204686 160466 177555 191811 390469 333194 192973
 377945 107211  60665  43010 306708  54718 357211 192973 386983  43010
      0 225947 222471 321609 174032  57170  96602 388710 177103  87775
      0 286468 177103 377945 130591 105585 358159 388710      0      0
  44617  54718 394474 174642 377945 223830  98032 360914  92019  44608
 185457 205393 284287 337266 135869 188481 358159 310672 203639 183516
 151349 142283  21828 357265 322255  54718 357265 286789 357265 345206
 357211 173067 200035  69842 126852 198618 165249 212280 240311  51655
 273505 354005 219268 269039 385624 127155 239839 174837 163035 237027
 132735 199163 182616 186917 213824 256466 293406  99399 230229 273261
 179291 184397  64583 350893 187580 375422  44048 324506 238883 142162]
