OriginalClass, 1
NewClass, 0
NumberWordsChanged, 10
WordPositions
240	241	242	243	244	245	246	247	248	249	
OldWordVectorPositions
[264550 357265 390079 251034 194101 323431  87775 119370 264550 377945
 164328 134678 185457 254554  52943  43010 275328 286410 374167 360914
 286375  49099  43010 225985  54718 163745 154323 389632 360914  49099
 192973 297928  43010 217449  96721 357265 251034 289260 332007      0
 148908 268046  51582 357265 251034 341901 268074 388710 358159 354460
 357211  57698 192973 366273 360914 329608 358159 282970 169725 270970
 386314 357809  57715 360914  71090  43010 293041 354460  54718 384427
 197096  54718 329608 230552      0 269953 169725 340024  43010  87637
 264550 251645 390469 388710 357265 251034  87775 249714 182540 193919
 281108 193716 383513 377945  97887  43010  86766 268046 207126 386886
  58997 357265 164328 169754  58997      0 286421 386886 127708  57715
 360914 174642 251645 248489  54718 174642 129179 268046 160466  74597
 169254  56041 354460 107807 284202 269798 357387  54718 190883 357387
  71494 357809 286375 389632  54718  77741  77741  77741 357265 282970
 176573 357760      0 207126 272930  54718 363609 357387  54718  51582
 358159 111252 175199 160457 357387 360914 286375  49099  54718  69842
 119256  51582 357265 354482 188839 357265 293053 336113 386306 142250
 192973 390469 388710 357265 251034 385217 357265  86085 192973  43010
 183606 357958  43010 275328 251034 390143  71090  65963  87775 357265
  86085 192973 292006 226394  54718 357265 251034 146354 222471 193716
 383513 127491  88126  54273  53156 357639  58997 262350  75774 256063
 188481 358159 148224  54718 357265  45815 192973 377945  97887 357265
 281125 268046 275328 192973 292006  65963 361939 357809 323420 360914
 188256 357211 141948 192973 163745 360914 339148  54718  51582 358159
 272583 111252 193716 200035 383513  43010 226234 251034 188481 254258]
NewWordVectorPositions
[264550 357265 390079 251034 194101 323431  87775 119370 264550 377945
 164328 134678 185457 254554  52943  43010 275328 286410 374167 360914
 286375  49099  43010 225985  54718 163745 154323 389632 360914  49099
 192973 297928  43010 217449  96721 357265 251034 289260 332007      0
 148908 268046  51582 357265 251034 341901 268074 388710 358159 354460
 357211  57698 192973 366273 360914 329608 358159 282970 169725 270970
 386314 357809  57715 360914  71090  43010 293041 354460  54718 384427
 197096  54718 329608 230552      0 269953 169725 340024  43010  87637
 264550 251645 390469 388710 357265 251034  87775 249714 182540 193919
 281108 193716 383513 377945  97887  43010  86766 268046 207126 386886
  58997 357265 164328 169754  58997      0 286421 386886 127708  57715
 360914 174642 251645 248489  54718 174642 129179 268046 160466  74597
 169254  56041 354460 107807 284202 269798 357387  54718 190883 357387
  71494 357809 286375 389632  54718  77741  77741  77741 357265 282970
 176573 357760      0 207126 272930  54718 363609 357387  54718  51582
 358159 111252 175199 160457 357387 360914 286375  49099  54718  69842
 119256  51582 357265 354482 188839 357265 293053 336113 386306 142250
 192973 390469 388710 357265 251034 385217 357265  86085 192973  43010
 183606 357958  43010 275328 251034 390143  71090  65963  87775 357265
  86085 192973 292006 226394  54718 357265 251034 146354 222471 193716
 383513 127491  88126  54273  53156 357639  58997 262350  75774 256063
 188481 358159 148224  54718 357265  45815 192973 377945  97887 357265
 281125 268046 275328 192973 292006  65963 361939 357809 323420 360914
 188256 357211 141948 192973 163745 360914 339148  54718  51582 358159
 183504  65558 333409 239940 245189 218558 102239 250856 360618 155362]
