OriginalClass, 1
NewClass, 0
NumberWordsChanged, 14
WordPositions
236	237	238	239	240	241	242	243	244	245	246	247	248	249	
OldWordVectorPositions
[193716 383513  54718  43010 332123 359888 357265 326121  43010 332123
 285908 317286 153003 386431  43010 232536 110156 231458  43010 332119
 251034  44608  43010 129696 111380 294613      0 268046 100192  60665
  43010 389400 269798  45534 388710 259914 137073 129149 325303  54718
 191067 114166 149623 386494 174695  43010 252707 191067 159349 271416
 304139 268046 148371 306553 270970 249568 305846 358159 251034 354755
 334951  81044 192973 357265 390079 142283 268046 357265 207715 268046
 291972 175599 172538  60228 321159 129205 357211 278380  60665  60228
 188481 357265 243844 268046 357265  36920  54718 185457 226278 193716
 269889 358159 363589 390306 268046 137085 334951 250529 398053 190501
  54718 175599      0 133033  96438  45534 168853 221934 341901 394474
  91041 351934 394564 143346 268074 268046 193716 373139 357265 308331
  54718  44844 136979 193919 207715 268046  43010 112328  74651 197186
 100192 348078  74804 357265 375524 268046 357265 127149  54718  43010
 302352 111259  45534 365384 388710 394564 277483 269798  43010 383771
  71602 193919 332190  43010 363589 390306 106329 145390  54718  52520
  43010 166369 335704 268046 357265 390079 270970  74390 135310 268046
      0 326121      0 148224 159619 357265 286789 187377 200035 355344
 394474 357265 286789  71494 394474 387695 173357  71090  44493 360914
 355344 386320 173065 130319 360914 357265 107783 112328 133578 149623
 360914 141855 357211 237383 270970 237383 264550 174642 173063 360914
  97035 357211 237383 270970 237383 264550  71090 357408  54718 357265
 143869 275334 179267 153336 260863 137086  94222  44608 188481  67745
 325303 268046 281311  60228 221115 244825 222471 344501 357283 224892
 192973  43010 302352  55915 186243 148224 231488 386886 393507  62065]
NewWordVectorPositions
[193716 383513  54718  43010 332123 359888 357265 326121  43010 332123
 285908 317286 153003 386431  43010 232536 110156 231458  43010 332119
 251034  44608  43010 129696 111380 294613      0 268046 100192  60665
  43010 389400 269798  45534 388710 259914 137073 129149 325303  54718
 191067 114166 149623 386494 174695  43010 252707 191067 159349 271416
 304139 268046 148371 306553 270970 249568 305846 358159 251034 354755
 334951  81044 192973 357265 390079 142283 268046 357265 207715 268046
 291972 175599 172538  60228 321159 129205 357211 278380  60665  60228
 188481 357265 243844 268046 357265  36920  54718 185457 226278 193716
 269889 358159 363589 390306 268046 137085 334951 250529 398053 190501
  54718 175599      0 133033  96438  45534 168853 221934 341901 394474
  91041 351934 394564 143346 268074 268046 193716 373139 357265 308331
  54718  44844 136979 193919 207715 268046  43010 112328  74651 197186
 100192 348078  74804 357265 375524 268046 357265 127149  54718  43010
 302352 111259  45534 365384 388710 394564 277483 269798  43010 383771
  71602 193919 332190  43010 363589 390306 106329 145390  54718  52520
  43010 166369 335704 268046 357265 390079 270970  74390 135310 268046
      0 326121      0 148224 159619 357265 286789 187377 200035 355344
 394474 357265 286789  71494 394474 387695 173357  71090  44493 360914
 355344 386320 173065 130319 360914 357265 107783 112328 133578 149623
 360914 141855 357211 237383 270970 237383 264550 174642 173063 360914
  97035 357211 237383 270970 237383 264550  71090 357408  54718 357265
 143869 275334 179267 153336 260863 137086  94222  44608 188481  67745
 325303 268046 281311  60228 221115 244825 125441  83686 169037  77985
 183171 144848 173889  72489 122448 200983  59654 368186 182000 169814]
