OriginalClass, 1
NewClass, 0
NumberWordsChanged, 11
WordPositions
239	240	241	242	243	244	245	246	247	248	249	
OldWordVectorPositions
[185457 174642 302802 383743 358159 251034 368207  54718 185457  91041
 323420 360914 371425 386983 357265 179819 357265 231491 229835 358159
 284678 268046 111252 185457 239170 393657 193716 162064  43010 166369
 188350 268046 179633 138116  54718 185457 239170 357265 384121 357809
 306061  63446 188481 357265 217850  13389 390867  54718 357265 191747
 281429 386306 185457  91041 371425 192973 386983 357809 284279 179628
  60665  43010   5382 295472 141999 229753 372752 241083 372992 153336
 175199 383513  47798  51582  43010 377945 358466 226371  54718 191011
 232536 386886 268046 110542 170714 179434 117140 331001 262350 128330
  44608 357211  87775 386983 188481 175585 256046 289253 178965 188481
 358159 384121  51582 268046 179434 289384  61428 174642  71814 114166
 272930 268046 357265 320239 219194 264612  87775  43010 377945      0
 289247 268046  43010 232536 386886 170714 357265  75824 189767 269798
 247417 101841 141863 393657 175199 358727 160180 191811 357265 122412
  21780 389937 383134 393657 175199 383513 298576  54718 393657 175199
 383513  62065 359970      0 372992 139731  62065 357265 136979 268046
 357265 383134  51582 366080  87775  47887 386983 357265 176378 123517
 357809 285994 221998 360914 357265 294743 360914 383355 374020 185457
  44787 127708 357969 358159 251034 383513  43010 383375 357265 366080
 116668 268046 179628  54718 357265 257754 383513 357265 143954 357809
 385663  44493 360914 309135 360914 290159  62065 248245 268046 326149
 162723 384398 357265 143954 358159 141999 383513 336113 302986 393704
 336113 136241  88126  52261 141941 160117  51496 264550 360914 241108
  63456  54718  43010 225985 268046 272583 280944 231492 193716  43010
 383375 360914 247417 101841 264550 357265 143954 179628 383513 346372]
NewWordVectorPositions
[185457 174642 302802 383743 358159 251034 368207  54718 185457  91041
 323420 360914 371425 386983 357265 179819 357265 231491 229835 358159
 284678 268046 111252 185457 239170 393657 193716 162064  43010 166369
 188350 268046 179633 138116  54718 185457 239170 357265 384121 357809
 306061  63446 188481 357265 217850  13389 390867  54718 357265 191747
 281429 386306 185457  91041 371425 192973 386983 357809 284279 179628
  60665  43010   5382 295472 141999 229753 372752 241083 372992 153336
 175199 383513  47798  51582  43010 377945 358466 226371  54718 191011
 232536 386886 268046 110542 170714 179434 117140 331001 262350 128330
  44608 357211  87775 386983 188481 175585 256046 289253 178965 188481
 358159 384121  51582 268046 179434 289384  61428 174642  71814 114166
 272930 268046 357265 320239 219194 264612  87775  43010 377945      0
 289247 268046  43010 232536 386886 170714 357265  75824 189767 269798
 247417 101841 141863 393657 175199 358727 160180 191811 357265 122412
  21780 389937 383134 393657 175199 383513 298576  54718 393657 175199
 383513  62065 359970      0 372992 139731  62065 357265 136979 268046
 357265 383134  51582 366080  87775  47887 386983 357265 176378 123517
 357809 285994 221998 360914 357265 294743 360914 383355 374020 185457
  44787 127708 357969 358159 251034 383513  43010 383375 357265 366080
 116668 268046 179628  54718 357265 257754 383513 357265 143954 357809
 385663  44493 360914 309135 360914 290159  62065 248245 268046 326149
 162723 384398 357265 143954 358159 141999 383513 336113 302986 393704
 336113 136241  88126  52261 141941 160117  51496 264550 360914 241108
  63456  54718  43010 225985 268046 272583 280944 231492 193716 261126
 376820 399660  72345 307055 183940 166748  80500 217645  86636 313629]
