OriginalClass, 1
NewClass, 0
NumberWordsChanged, 23
WordPositions
227	228	229	230	231	232	233	234	235	236	237	238	239	240	241	242	243	244	245	246	247	248	249	
OldWordVectorPositions
[357265 329178 194733 264802 357265 174540 268046 178828 182387 192973
  54273  62464 352136 268046 356367 386473 108452 348002 283134 188481
  54273 269062 233497 357265  62462 192973 385217 325898 272930  54718
 357265  99071  58997 341167 385217  43010 174540 236253 357265  14335
  99050 357265 174540 342194 103077 360914 357265  80586  87775  52520
  46252 193919 274148 122134 360914 357265 286789 152161 357760  58997
 377945 147468  54718 336113 357265 356367 268046 357265  80586  54718
 357265  99071  58997 142484 141816  74597 269798 357265 322171 357265
  77486  54718 386642 283658 270201  46252 360914 357265 111561 268046
 357265 251034 142331  54718 357411 195458 118152  80502 229835 358159
 188481  15057 357265 305161 268046 357265 174540 179580 357265 101287
 186645 394474 110156  89824 358159  43010 305161 386983 357809 170714
 360914 231458  43010 305161 268046 357265  14335 251034 192973  43010
 254586 188481 193923  87775 151349 357265 248238 220930 225629  62065
 357265 148224 193923 193716 341901 268074  63979  60665 250392 181890
 251057 126552 357265 325898 374167 151349 178828 182387 192973  71421
  54718 267717 254580  54718 151349  43010 147468 245571 193716 323430
  60665 186645 357265 148224 192973  45929 163745 360914  71090 297928
  43010 144249 306822  54718 357411 357265 148908 320102 105678  43010
 225689 173730 388483 334388  43010 389411 143869 128770      0  61696
 358159 192973 178764  54718 366229  71090 361391 193716 258200 170714
 239105 188481 354521 154323 357411 269798 357265 148224 200035 339628
 128657 357265  45815 323430 360914  71585 337306 389561  60665 357265
 148224 163634 269798 388710 274123 387903  97014  72182 278020 192919
 336113 193919 346372  43010 305053 386423 177661 118624  88126 357265]
NewWordVectorPositions
[357265 329178 194733 264802 357265 174540 268046 178828 182387 192973
  54273  62464 352136 268046 356367 386473 108452 348002 283134 188481
  54273 269062 233497 357265  62462 192973 385217 325898 272930  54718
 357265  99071  58997 341167 385217  43010 174540 236253 357265  14335
  99050 357265 174540 342194 103077 360914 357265  80586  87775  52520
  46252 193919 274148 122134 360914 357265 286789 152161 357760  58997
 377945 147468  54718 336113 357265 356367 268046 357265  80586  54718
 357265  99071  58997 142484 141816  74597 269798 357265 322171 357265
  77486  54718 386642 283658 270201  46252 360914 357265 111561 268046
 357265 251034 142331  54718 357411 195458 118152  80502 229835 358159
 188481  15057 357265 305161 268046 357265 174540 179580 357265 101287
 186645 394474 110156  89824 358159  43010 305161 386983 357809 170714
 360914 231458  43010 305161 268046 357265  14335 251034 192973  43010
 254586 188481 193923  87775 151349 357265 248238 220930 225629  62065
 357265 148224 193923 193716 341901 268074  63979  60665 250392 181890
 251057 126552 357265 325898 374167 151349 178828 182387 192973  71421
  54718 267717 254580  54718 151349  43010 147468 245571 193716 323430
  60665 186645 357265 148224 192973  45929 163745 360914  71090 297928
  43010 144249 306822  54718 357411 357265 148908 320102 105678  43010
 225689 173730 388483 334388  43010 389411 143869 128770      0  61696
 358159 192973 178764  54718 366229  71090 361391 193716 258200 170714
 239105 188481 354521 154323 357411 269798 357265 148224 200035 339628
 128657 357265  45815 323430 360914  71585 337306  55244 306479 345768
 248562 154670 110450 338687  44656 201896 389051 221839 281167 251529
 256920 176657 119479 141568 201824 272939 177771 132594  45261 274335]
