OriginalClass, 1
NewClass, 1
NumberWordsChanged, 35
WordPositions
215	216	217	218	219	220	221	222	223	224	225	226	227	228	229	230	231	232	233	234	235	236	237	238	239	240	241	242	243	244	245	246	247	248	249	
OldWordVectorPositions
[372348 394474  58997  74651 357265  48058 268046   4961  54718  10064
 142342 151349 357265 298135 301038 357639  58997 377945 147468 357964
 360914 222471 177231 269953 270970 368320 222999 154323 205129 358268
 117720 209926 384373 302352 329915 323336 178965 249714  54718 316835
 194733  58997 184003  54718 199586 234451 192973  60665 164328  60665
 327863  90548  71090 107671 177103 348566  87775 315242 357225 193716
 288743 286789 288743  45815 390058 390446  54718 120127 357265 338994
 133907  58997 125393  60665 251645  60665 357265 137937 333189 192973
  54273 267697  54718  64362 198514 357265 331416 189262 136168 333194
  58997  51582 138614 356325 186645 384373 107661 357265  45830 289203
 385217 357639  58997 370806  45830 325303 188481 337258 148269 357211
 231458 394474 161168  54718 357639  58997 337258 357211 231458 394474
 167302 358159 251034 270201 108008 357265 218067 207715 358159 219190
 223830 219577 187631 336113 162184 185457 123517 264550 279284 151349
 358159 121972  57170 184980 185457  90548 302207  54718 357969 336113
  60665 185457 318909 128527 360914 383735 185457 123517 264550 142750
  57189 164328 185457 170714 262350 142757  87775 383513 337306 390043
 163745 188481 393704 222471  43010 363589 390306 269953  90964 241341
 225629  64331  54718 141816 388710 262350 142757 185457 383513 220870
 128527  65963 264550 141816 336113  65963 193919 164328 236496 187631
 377945 361408 268046  65963 251057  87775 358159 231492 333278 344724
 317263 386473 185457 222477 272042 390107 262350 358159 284318 268046
 273428      0 312691 192973 188481 357265 316998 106170  60665  70441
 132482 223830 232536  54718 161297 182540 358159 192973 113951 300970
  43010  37115 106329 254595 239105  82771 270970 337262 341089 357265]
NewWordVectorPositions
[372348 394474  58997  74651 357265  48058 268046   4961  54718  10064
 142342 151349 357265 298135 301038 357639  58997 377945 147468 357964
 360914 222471 177231 269953 270970 368320 222999 154323 205129 358268
 117720 209926 384373 302352 329915 323336 178965 249714  54718 316835
 194733  58997 184003  54718 199586 234451 192973  60665 164328  60665
 327863  90548  71090 107671 177103 348566  87775 315242 357225 193716
 288743 286789 288743  45815 390058 390446  54718 120127 357265 338994
 133907  58997 125393  60665 251645  60665 357265 137937 333189 192973
  54273 267697  54718  64362 198514 357265 331416 189262 136168 333194
  58997  51582 138614 356325 186645 384373 107661 357265  45830 289203
 385217 357639  58997 370806  45830 325303 188481 337258 148269 357211
 231458 394474 161168  54718 357639  58997 337258 357211 231458 394474
 167302 358159 251034 270201 108008 357265 218067 207715 358159 219190
 223830 219577 187631 336113 162184 185457 123517 264550 279284 151349
 358159 121972  57170 184980 185457  90548 302207  54718 357969 336113
  60665 185457 318909 128527 360914 383735 185457 123517 264550 142750
  57189 164328 185457 170714 262350 142757  87775 383513 337306 390043
 163745 188481 393704 222471  43010 363589 390306 269953  90964 241341
 225629  64331  54718 141816 388710 262350 142757 185457 383513 220870
 128527  65963 264550 141816 336113  65963 193919 164328 236496 187631
 377945 361408 268046  65963 251057  87775 358159 231492 333278 344724
 317263 386473 185457 222477 272042 161239 118947  87565 302547 213190
 200099 388648  90586 316672 258895  77420 372748 168450  54576 198835
  72853 104754 147187 236638  68292 241747 106348 303306 141877  54820
 306415 380409 346727  95781 150671 127620  78601 239745 103828 337624]
