OriginalClass, 1
NewClass, 1
NumberWordsChanged, 35
WordPositions
215	216	217	218	219	220	221	222	223	224	225	226	227	228	229	230	231	232	233	234	235	236	237	238	239	240	241	242	243	244	245	246	247	248	249	
OldWordVectorPositions
[185457 383513 279848 386423 185457 110159 323336 358159 269953 386423
 193716 383513 322178  62065 357265 283330 148224 147307 217787 393301
 336113 386423 185457 319557 357211 193716 383513 163745 360914  71090
 269798  88919 361858 185457 295763 193716 269798 305253  60665 337661
  60665 185457 110156 336113 383513 193716 390092 357265 382319 385217
 220930  65883  43010 351286  60665 185457 174642 393704 360914 162051
 394474 357265 286789 322740 111358 192973  43010 394520 232536 386886
 126852 209645 386306 179434 278684 188481 222138 192973 137846 130517
 159864 385522 386886 191918 178965 360914 179434  81440 301430 116827
  67153 269953 261149 301430 362775 172267  61300 322740 360914 268074
 357265 169725 357211 357809 170714 322740 151061  59937  54718 193716
 163634 269798 154323 357639 386473 218983 239105  65680 360914 357265
 297566 289330 383513 193716 390092 357265 382319 393657  54718 262350
 357265  86375 383513 292006 164328  54718 159864 385522 343644 357265
 251034 151349 239105 175199 200035 361952 357265  67287  54718 300216
 388710 193716  87775 193919 264974 258155  60665 379445  60665 185457
 383513 219383 360914  72477  54718 337307  52318 357265 251057 313432
 359888 357265  67287 192973 264550 270201 129599  87775 155151  54718
 351972 188481 357265 272583 124748 185457 209645 386431 358159 287479
 173063 142250  87775  91041 319690 388755 339864 357265 148224  87775
 258474 360914 319690 193716 173063 357265 137073 126852 319417 357265
 148224 134678 288743 345077 164633 264612  90548  71090 164328 222471
 302394 270970  93405 153336 254258 165534  88542 386431 185457 319557
 193716 330044 143217 143297  90792 202895 390688 330038 177103 353759
 188481 269953 144917  54718 357411 188481 357265 260309 249714 353759]
NewWordVectorPositions
[185457 383513 279848 386423 185457 110159 323336 358159 269953 386423
 193716 383513 322178  62065 357265 283330 148224 147307 217787 393301
 336113 386423 185457 319557 357211 193716 383513 163745 360914  71090
 269798  88919 361858 185457 295763 193716 269798 305253  60665 337661
  60665 185457 110156 336113 383513 193716 390092 357265 382319 385217
 220930  65883  43010 351286  60665 185457 174642 393704 360914 162051
 394474 357265 286789 322740 111358 192973  43010 394520 232536 386886
 126852 209645 386306 179434 278684 188481 222138 192973 137846 130517
 159864 385522 386886 191918 178965 360914 179434  81440 301430 116827
  67153 269953 261149 301430 362775 172267  61300 322740 360914 268074
 357265 169725 357211 357809 170714 322740 151061  59937  54718 193716
 163634 269798 154323 357639 386473 218983 239105  65680 360914 357265
 297566 289330 383513 193716 390092 357265 382319 393657  54718 262350
 357265  86375 383513 292006 164328  54718 159864 385522 343644 357265
 251034 151349 239105 175199 200035 361952 357265  67287  54718 300216
 388710 193716  87775 193919 264974 258155  60665 379445  60665 185457
 383513 219383 360914  72477  54718 337307  52318 357265 251057 313432
 359888 357265  67287 192973 264550 270201 129599  87775 155151  54718
 351972 188481 357265 272583 124748 185457 209645 386431 358159 287479
 173063 142250  87775  91041 319690 388755 339864 357265 148224  87775
 258474 360914 319690 193716 173063 357265 137073 126852 319417 357265
 148224 134678 288743 345077 164633 333626 124776 305450 372951 177200
 309167 390510 124449 173173 273975 125338 168856 101089  90540 346726
 302714 349878 206827 309522 109632 368674 250781 249056 271475 285584
 297007 362311 251612 122654 178221 124644 306224 142263  62243  72739]
