OriginalClass, 1
NewClass, 0
NumberWordsChanged, 18
WordPositions
232	233	234	235	236	237	238	239	240	241	242	243	244	245	246	247	248	249	
OldWordVectorPositions
[268745 357265 124763 305162 226278  45929 357265 124763 261334  47000
  47798 118574 388710      0 126848 179434 323024 171586  54718 382319
 175199 231492  43010  24653 182380 148224 386473 225951 269798 278749
      0 357265 378765 323430 222471  43010  21828 182774 334557 383752
 358159 148224 268745 357809 170714  33544 343906 336113 193716 383513
 258303  87775 386983  33544 343906 384373 174642 357265  55527 199506
 343963 108464  87775  81044 127708 367966 325536 329973 346372 343906
 384373 174642 165259 327309 343963 386473 192973 155345  54718 389912
 385217 384373 174642      0 343963  47887  72475  87775 160457  81044
 337661  54718 357265 150791 192973 269798 105647 249714  54718 357211
 361939 334376  81044 105647 384373 174642 316518 292625 343963 386473
 192973 357265 390079 264550 200035  45815 356211 193716 231492 262350
 325007  62065  51582 384373 174642 336676 193166 343963 360914 231458
 394474 218167  54718 357265 365071 389912  62065 359970 357160 360914
 357265  80959 325898  88126 250392 268046 272583 343906 384373 174642
 198418 378647 343963  43010 164328 343963 188481  51582 306513  87775
 357411  88126 357265 359888  51582 343906 105625 188481  77228 254935
 284321 357265 378765 160457  80958  54718 334581 357265 102799 193408
  57711 358461 139731 357265 102799 268046 316518 292625 343963 261334
      0 172602 192973  52486  62065 285942 337258 343906  58997 385217
 172593  87775 384382  62065 285942      0 164328  87775 361939 233708
 337509 101299 192973 260760 141941 343963 192973 162058  43010 123767
 225629 356851  54718 193716 389912  45905 165259 310179  47798  43010
 125415 105630 388710  70910 175199  45929 231492 394474 218167  54718
 226278 178965 188481 358159 148224 121972 179434  48003  54718 384892]
NewWordVectorPositions
[268745 357265 124763 305162 226278  45929 357265 124763 261334  47000
  47798 118574 388710      0 126848 179434 323024 171586  54718 382319
 175199 231492  43010  24653 182380 148224 386473 225951 269798 278749
      0 357265 378765 323430 222471  43010  21828 182774 334557 383752
 358159 148224 268745 357809 170714  33544 343906 336113 193716 383513
 258303  87775 386983  33544 343906 384373 174642 357265  55527 199506
 343963 108464  87775  81044 127708 367966 325536 329973 346372 343906
 384373 174642 165259 327309 343963 386473 192973 155345  54718 389912
 385217 384373 174642      0 343963  47887  72475  87775 160457  81044
 337661  54718 357265 150791 192973 269798 105647 249714  54718 357211
 361939 334376  81044 105647 384373 174642 316518 292625 343963 386473
 192973 357265 390079 264550 200035  45815 356211 193716 231492 262350
 325007  62065  51582 384373 174642 336676 193166 343963 360914 231458
 394474 218167  54718 357265 365071 389912  62065 359970 357160 360914
 357265  80959 325898  88126 250392 268046 272583 343906 384373 174642
 198418 378647 343963  43010 164328 343963 188481  51582 306513  87775
 357411  88126 357265 359888  51582 343906 105625 188481  77228 254935
 284321 357265 378765 160457  80958  54718 334581 357265 102799 193408
  57711 358461 139731 357265 102799 268046 316518 292625 343963 261334
      0 172602 192973  52486  62065 285942 337258 343906  58997 385217
 172593  87775 384382  62065 285942      0 164328  87775 361939 233708
 337509 101299 192973 260760 141941 343963 192973 162058  43010 123767
 225629 356851  54718 193716 389912  45905 165259 310179  47798  43010
 125415 105630 360873 390298 295740 323719 236272 328089 137012 138427
 165203 258340  69335 299377 158553 258222  86309 296313 388970 349359]
