OriginalClass, 1
NewClass, 1
NumberWordsChanged, 35
WordPositions
215	216	217	218	219	220	221	222	223	224	225	226	227	228	229	230	231	232	233	234	235	236	237	238	239	240	241	242	243	244	245	246	247	248	249	
OldWordVectorPositions
[358159 251034 383513 356325 357265 148908 171586 182363 192973 251645
 222471  43010 385217  57587 151349 357265 215502 268046  60383  87775
 193716 383513 332147  43010  65963 377861 268046  43010 102960 271007
 357265 148908 320242 192973  52261 283621 154323 269953 268046 357265
 148908 188481 102960 348226 193716 383513  43010 365026  60665 281063
 357265  57716 268046 357265 102960 289675 269798 357265 293785 382653
 182573 309063 192973 357265 249714  57927 389792 357265 251034 146662
  60665 358461 193716 383513 362440 308561 154323 357265 213200 102221
 270201 148242 358801  43010 259972 124777 143346  43010  78229 124763
 371798 386423 193716 343846 193919 236080 268046      0 389835 357265
 148224 160457 141816 390058  60665  56041 105862 315709 357265 119173
 268046 358159 148224 192973 200035 329954 128527 394564 358756  60106
 323980  44804  54718 370303 239191 129451 281353 357265 293785 299976
 390138 362866  43010 259292 186645 357639 383513  57170  45919  97014
 122455 188481 358159 251034 185457 146662  44787 264612 151349 358159
 169725  54718 187631  54273  50749 336113 185457 148016 357211 186645
  57187 243977  71090  44493 360914 146344  57189 151349 178965 193716
 390138  71090 239105  64362  97014 122455 123184  54718 286789 357265
 390079 277915  44608 358159 251034 192973 357265 360601 151349  43010
 148224  89857  11458 393334 268046  50744 357265  50751 192973 173357
  43010 143981 188481 357265 150004 323336 148908 277101 193716 383513
 346372  43010  87797 268046  43010 102960 271007 185457  91041 160418
 273428 193716  43010 249714 346834 360601 390138 174642  71814  11458
 393334 268046 379442 270970 141816  74597  43010 102960  67752 200035
 126552 394572  43010 145830  54718  64170 358159 251034 186645 394474]
NewWordVectorPositions
[358159 251034 383513 356325 357265 148908 171586 182363 192973 251645
 222471  43010 385217  57587 151349 357265 215502 268046  60383  87775
 193716 383513 332147  43010  65963 377861 268046  43010 102960 271007
 357265 148908 320242 192973  52261 283621 154323 269953 268046 357265
 148908 188481 102960 348226 193716 383513  43010 365026  60665 281063
 357265  57716 268046 357265 102960 289675 269798 357265 293785 382653
 182573 309063 192973 357265 249714  57927 389792 357265 251034 146662
  60665 358461 193716 383513 362440 308561 154323 357265 213200 102221
 270201 148242 358801  43010 259972 124777 143346  43010  78229 124763
 371798 386423 193716 343846 193919 236080 268046      0 389835 357265
 148224 160457 141816 390058  60665  56041 105862 315709 357265 119173
 268046 358159 148224 192973 200035 329954 128527 394564 358756  60106
 323980  44804  54718 370303 239191 129451 281353 357265 293785 299976
 390138 362866  43010 259292 186645 357639 383513  57170  45919  97014
 122455 188481 358159 251034 185457 146662  44787 264612 151349 358159
 169725  54718 187631  54273  50749 336113 185457 148016 357211 186645
  57187 243977  71090  44493 360914 146344  57189 151349 178965 193716
 390138  71090 239105  64362  97014 122455 123184  54718 286789 357265
 390079 277915  44608 358159 251034 192973 357265 360601 151349  43010
 148224  89857  11458 393334 268046  50744 357265  50751 192973 173357
  43010 143981 188481 357265 150004 323336 148908 277101 193716 383513
 346372  43010  87797 268046  43010 138206 388841  94789 316762 253872
 126761 144283 384383 155762 293725 217660 302164 245010 225854 279718
 340891 206674 279243 156553  85070 328583 271669  89608  62940 160583
 263670 286287 206670 247174 191059 295286  51739 250000 169577 137330]
