OriginalClass, 1
NewClass, 0
NumberWordsChanged, 28
WordPositions
222	223	224	225	226	227	228	229	230	231	232	233	234	235	236	237	238	239	240	241	242	243	244	245	246	247	248	249	
OldWordVectorPositions
[187631 264550 163745 360914 105536 273428      0 267358      0 149801
 190756 185457 327042 351934  43010 225629  62065 357265 289384  61428
 268046 358159 273832  95016 296016 268046  43010 148224   2479 282257
  79544 232572 360914 231458  43010 251034 357211  90548  71090 137200
 188481 193919 137939 358159 143954  52315 285942 357265 251034 178401
 373316  44617  54718  51582 357265 384121 373316 360914 357265 362049
 268046 179434 216426 148264  15341  79544 170714 330027 182540  53202
 159461 337258 227099  82315  90548  71090  88126 327550 114503 328320
 179434      0 143851  79376  54718  83414 388710 179434 231875  62979
  54718 264550 200035 269798 269953  87775 269798 368320 267401  83170
 357265 372676 178621 268046 358159 101291 147308 119810 331209  21828
      0 174032  68856  43010 320242 388755 342931 110432 253590 127748
 188481 357265  65760 282257 365129 360914 231458 357265 267358 287479
 357211 357265 251034 192973 325898 188481  53545 119136 338275  60665
 186645 193716      0      0 267358 336113 175199 172267 357211 287479
 269798  54718 269798  54718 269798 182540 192973 358159  54273  47002
 394474 243977  61257 385217 386423 357265 251034 148356 137189  54718
 357265 248859 110432 253590 148356  94662 236092 394564 360399 132384
 394474 341874 142816  43010 344232 142591 357265 251057 148356 273428
 193919 295472 199087  26559 357265 251034 162064  51582 389422 386886
 225629 222471 103046 218945 181581 181581 357211 357809 361939 237383
 269953 117874 335722  43010 251645 394533  54718 237426 141816      0
  82314  30387 103046      0  76527 386473 185457 302343 193408 354619
  43010 277915 268046      0 162064 181581 360914  51582 389422 357211
 225629 222471 357211 357211 357809 361939 237383 269953 117874 387967]
NewWordVectorPositions
[187631 264550 163745 360914 105536 273428      0 267358      0 149801
 190756 185457 327042 351934  43010 225629  62065 357265 289384  61428
 268046 358159 273832  95016 296016 268046  43010 148224   2479 282257
  79544 232572 360914 231458  43010 251034 357211  90548  71090 137200
 188481 193919 137939 358159 143954  52315 285942 357265 251034 178401
 373316  44617  54718  51582 357265 384121 373316 360914 357265 362049
 268046 179434 216426 148264  15341  79544 170714 330027 182540  53202
 159461 337258 227099  82315  90548  71090  88126 327550 114503 328320
 179434      0 143851  79376  54718  83414 388710 179434 231875  62979
  54718 264550 200035 269798 269953  87775 269798 368320 267401  83170
 357265 372676 178621 268046 358159 101291 147308 119810 331209  21828
      0 174032  68856  43010 320242 388755 342931 110432 253590 127748
 188481 357265  65760 282257 365129 360914 231458 357265 267358 287479
 357211 357265 251034 192973 325898 188481  53545 119136 338275  60665
 186645 193716      0      0 267358 336113 175199 172267 357211 287479
 269798  54718 269798  54718 269798 182540 192973 358159  54273  47002
 394474 243977  61257 385217 386423 357265 251034 148356 137189  54718
 357265 248859 110432 253590 148356  94662 236092 394564 360399 132384
 394474 341874 142816  43010 344232 142591 357265 251057 148356 273428
 193919 295472 199087  26559 357265 251034 162064  51582 389422 386886
 225629 222471 103046 218945 181581 181581 357211 357809 361939 237383
 269953 117874 335722  43010 251645 394533  54718 237426 141816      0
  82314  30387 201374 144754 187440 153007 284987 322669  50858  90754
 206134 329759  92170  75094 371836 301043 120152 242473 368100  85389
 249912 376249 223331 156452 125060 350088 134055 286566 216242 193560]
