OriginalClass, 1
NewClass, 1
NumberWordsChanged, 35
WordPositions
215	216	217	218	219	220	221	222	223	224	225	226	227	228	229	230	231	232	233	234	235	236	237	238	239	240	241	242	243	244	245	246	247	248	249	
OldWordVectorPositions
[131420 174032  71585 357265 138700 268046 357265 269062 217850 261149
      0 101460 357265 217787  96602 360914  93656 269062 251057 269798
 357265 377579 268046  72182 106329 151677 222471 357265  80912 357639
 385663 166369 142757 151349 358159  65680 188481  14672  43010 322255
 110846  88126 357265 387532      0 382792 166484 194667 260812 188481
 357265 117967 386423 175199 110156 343256  45794 388755 324448  54718
  43010 166369 348220  93265 174006 204831 383415 266833 375386 281780
 361933 308124 124747  52673 175199 383513 292006 251645  43010 339275
 151407  88126 357411  87775 264937 193716 126852 141816 367634 373316
 269798 367966 357265 236496  95616 268194  43010 308115 322715 268046
 289442 151349 105851 269798 357265  39277  53504 129179 268046  91351
  54718 107757 107963 388710 260813  80912 278880 367676  43010  78229
 143297 360914 357265 267697 129696 118258 270970  77162 268046 280944
 363522 360914 148365 179434      0 305024 236503 373139 175199 303546
 179434 107564 386423 175199 148441 272930 179434 278074  58997  52520
 188481 357265  65526 324345  87651 371798 175199 259914 302352 160457
 179434 172635 124850  68856 141816 367676  43010  78229 143297  71895
 179434 118698 309146 360914 357265 348405 357265 148224 146354  52879
 383828 128527  60665 186645 361939 233708 307429  54718 361939 233708
 105966 174642 219577 193716 259851  54718 315242 357265 302801 131420
 305005 192973  43010 246267 270806 360914 306646 357265 271493 261255
 137073 386431 260812 163634 273428 357265 133480  54718 148768 357265
  80912 278873 342051 357211 383513 114166  47798 292061  62980 152393
 193716 361939 128539  87775 386473 343256 146158 293349 188481 357265
 148269 363578 386494 357211 292769 383632 361939 108464 107671 182540]
NewWordVectorPositions
[131420 174032  71585 357265 138700 268046 357265 269062 217850 261149
      0 101460 357265 217787  96602 360914  93656 269062 251057 269798
 357265 377579 268046  72182 106329 151677 222471 357265  80912 357639
 385663 166369 142757 151349 358159  65680 188481  14672  43010 322255
 110846  88126 357265 387532      0 382792 166484 194667 260812 188481
 357265 117967 386423 175199 110156 343256  45794 388755 324448  54718
  43010 166369 348220  93265 174006 204831 383415 266833 375386 281780
 361933 308124 124747  52673 175199 383513 292006 251645  43010 339275
 151407  88126 357411  87775 264937 193716 126852 141816 367634 373316
 269798 367966 357265 236496  95616 268194  43010 308115 322715 268046
 289442 151349 105851 269798 357265  39277  53504 129179 268046  91351
  54718 107757 107963 388710 260813  80912 278880 367676  43010  78229
 143297 360914 357265 267697 129696 118258 270970  77162 268046 280944
 363522 360914 148365 179434      0 305024 236503 373139 175199 303546
 179434 107564 386423 175199 148441 272930 179434 278074  58997  52520
 188481 357265  65526 324345  87651 371798 175199 259914 302352 160457
 179434 172635 124850  68856 141816 367676  43010  78229 143297  71895
 179434 118698 309146 360914 357265 348405 357265 148224 146354  52879
 383828 128527  60665 186645 361939 233708 307429  54718 361939 233708
 105966 174642 219577 193716 259851  54718 315242 357265 302801 131420
 305005 192973  43010 246267 270806 360914 306646 357265 271493 261255
 137073 386431 260812 163634 273428 326302 139472 319411  47356 170821
 273790 349051  88829 328496  57067  71942 273647 283801  65176 225693
 330583  64518 336649  51450 189406 256976  95057 282269 121093 399645
 122956 267883 208896 160819 300941  83153 361135 108638  47734 394584]
