OriginalClass, 1
NewClass, 0
NumberWordsChanged, 11
WordPositions
239	240	241	242	243	244	245	246	247	248	249	
OldWordVectorPositions
[ 69842 351934 357265 106706 268046 141941  61186 181890 160893 251034
  54718 335239 193716 191811 269953  54718 394474 160418 358159 251034
 357265 343963 163634 222471 358159  43010  86766 268046 105014 207126
 160418 380507 231053 154323 357353 274148 283496 357211  58997 151610
 357353 118358 357651 337258 314370 163745 269798 388710 160907 386473
 186645      0 323431  57170  61186 160893 251034 193408 320173  88126
 264937 358159 251034 383513 297928 373564  71494 193919 377945      0
 193919 357265 316998      0 123767 251034 357265  45815 383513 292006
 164328 371798 357265  45905  58997 295763 191811  43010 377945      0
 333189 336113 193919 264612 384373 174666 323431 188481 357265 278468
 357265 368320 218947  45915 123517  43010 336967 198213 358461  60665
 144971  60665 164646 357651 264550 251645 163745 269798 384373 160418
  43010 108564 325298 357211 188838  54273  59557 368291  43010 175207
 268074 185457 127708 209645 182540 135869 360914 142852 357211  87775
 193716 383513 114166  64331 336113 394474 127708 323336  57189 142342
 357265 148339 306708 394474 323336 337258  78456  62065 359970 188839
 118624  59741  54718  43010 397966 357211 225639 302352 108564 185457
 243977  46173  87775 358159 251034 193408 361939  78517 357265 320109
 188481 357265 251034  58997 147468  54718 340204 272930  54718 193919
 302352 264550 357211 320173 394504 160418 337258 111565 187656  62065
 359970  87775 193919 264550 137680 151349 239105 360914 107661 320173
 193919 264612 123767 154323 308957 199907 270970 117140 383771  54718
 263564 268046 358451 320105 239105 134678 357225 302352 357265 128558
 268046 358159  54718 250392  61186 181890 251057 192973 357211 186645
 193716 126852 120116 357265 320109 357411 193919 200035 264550 357211]
NewWordVectorPositions
[ 69842 351934 357265 106706 268046 141941  61186 181890 160893 251034
  54718 335239 193716 191811 269953  54718 394474 160418 358159 251034
 357265 343963 163634 222471 358159  43010  86766 268046 105014 207126
 160418 380507 231053 154323 357353 274148 283496 357211  58997 151610
 357353 118358 357651 337258 314370 163745 269798 388710 160907 386473
 186645      0 323431  57170  61186 160893 251034 193408 320173  88126
 264937 358159 251034 383513 297928 373564  71494 193919 377945      0
 193919 357265 316998      0 123767 251034 357265  45815 383513 292006
 164328 371798 357265  45905  58997 295763 191811  43010 377945      0
 333189 336113 193919 264612 384373 174666 323431 188481 357265 278468
 357265 368320 218947  45915 123517  43010 336967 198213 358461  60665
 144971  60665 164646 357651 264550 251645 163745 269798 384373 160418
  43010 108564 325298 357211 188838  54273  59557 368291  43010 175207
 268074 185457 127708 209645 182540 135869 360914 142852 357211  87775
 193716 383513 114166  64331 336113 394474 127708 323336  57189 142342
 357265 148339 306708 394474 323336 337258  78456  62065 359970 188839
 118624  59741  54718  43010 397966 357211 225639 302352 108564 185457
 243977  46173  87775 358159 251034 193408 361939  78517 357265 320109
 188481 357265 251034  58997 147468  54718 340204 272930  54718 193919
 302352 264550 357211 320173 394504 160418 337258 111565 187656  62065
 359970  87775 193919 264550 137680 151349 239105 360914 107661 320173
 193919 264612 123767 154323 308957 199907 270970 117140 383771  54718
 263564 268046 358451 320105 239105 134678 357225 302352 357265 128558
 268046 358159  54718 250392  61186 181890 251057 192973 357211 121676
 302961 238434 122716  63857 356774 100391 351996 301161  45083 188230]
