OriginalClass, 1
NewClass, 0
NumberWordsChanged, 20
WordPositions
230	231	232	233	234	235	236	237	238	239	240	241	242	243	244	245	246	247	248	249	
OldWordVectorPositions
[ 63975 378766 225644 151349  57170 325007 268046 191457 104577 188481
  43010 148224 329915 292769 162051 358159 269953  43010 278340 193716
 159437 357265 316998 146352  60665 341775  62065  43010 113894  60033
 268046 189262 187656 357211 323420 360914 174642 337258 304966 269953
 360914  56041  87775 259914 103848 191811  43010 362770 386494 358159
      0  57920 360914 111453  43010 207715 268046 101291 248952 237383
  57708 360914  43010 147468 345160 270970 112062 342392 188481 357265
 190592 217055 268046 108049 148261 193716 192973 149707 192919  54718
 106904 360914 374020 105998 386886 200035 146604 268074 357265      0
  54273 273957  64172 268046  45111 237383  71090 357265 191059 171854
 268046  63490 222471      0 389471  54718 353224  87775 360914 239105
 193716 105678  45776  60665  55049 383272 383331 273428 357265 270201
 303440  97025 185457 148427 192973 188481 357265 292986 375635  54718
 357387 357639 200035  49032 163745 360914 114166 193716  51582  88126
      0 358159 192973 269953 268046 358451 292988 188481 386473 394474
 383735  54718 223635  54718 382319  57168  54718 188481 375134 151349
 337258 102687 122455 268046  54273 186344 270970 358463 360914 348743
  51582 357265 305181  54718  71421 189262 320245 337913 357265  89893
 111520 371695  71950 360914 310700 200035  60665 394564 191283  71959
 360914 343379 185457 160418 357265 316998  75774 393206  54718 220882
 302232 386306 185457 168566  58997 377945 209664  54718 358414 105868
  44608 358159 148224 357211 259914 218947 360914  57189 366128 106438
 186369  54718 187656 388755 337258 143066 108098  58997 264550 254258
 186344 268046 155185  89824 239105  43010 283302 309790 357265 344527
 268046 181249 210649 225644 151349  43010  82168 268046  99956 346580]
NewWordVectorPositions
[ 63975 378766 225644 151349  57170 325007 268046 191457 104577 188481
  43010 148224 329915 292769 162051 358159 269953  43010 278340 193716
 159437 357265 316998 146352  60665 341775  62065  43010 113894  60033
 268046 189262 187656 357211 323420 360914 174642 337258 304966 269953
 360914  56041  87775 259914 103848 191811  43010 362770 386494 358159
      0  57920 360914 111453  43010 207715 268046 101291 248952 237383
  57708 360914  43010 147468 345160 270970 112062 342392 188481 357265
 190592 217055 268046 108049 148261 193716 192973 149707 192919  54718
 106904 360914 374020 105998 386886 200035 146604 268074 357265      0
  54273 273957  64172 268046  45111 237383  71090 357265 191059 171854
 268046  63490 222471      0 389471  54718 353224  87775 360914 239105
 193716 105678  45776  60665  55049 383272 383331 273428 357265 270201
 303440  97025 185457 148427 192973 188481 357265 292986 375635  54718
 357387 357639 200035  49032 163745 360914 114166 193716  51582  88126
      0 358159 192973 269953 268046 358451 292988 188481 386473 394474
 383735  54718 223635  54718 382319  57168  54718 188481 375134 151349
 337258 102687 122455 268046  54273 186344 270970 358463 360914 348743
  51582 357265 305181  54718  71421 189262 320245 337913 357265  89893
 111520 371695  71950 360914 310700 200035  60665 394564 191283  71959
 360914 343379 185457 160418 357265 316998  75774 393206  54718 220882
 302232 386306 185457 168566  58997 377945 209664  54718 358414 105868
  44608 358159 148224 357211 259914 218947 360914  57189 366128 106438
 186369  54718 187656 388755 337258 143066 108098  58997 264550 254258
 361189 147159 224241 334583 378629 295543  86694 271506 209149 353188
 152061 356480 301595 285312 107415 344040 158258 206798 313490 238419]
