OriginalClass, 0
NewClass, 1
NumberWordsChanged, 17
WordPositions
233	234	235	236	237	238	239	240	241	242	243	244	245	246	247	248	249	
OldWordVectorPositions
[377945      0  87775 191903 344938  54718 370303 377945 362885  43010
 260760 377945      0 225629  62065  43010 335128 150301  71104 363116
 188481 357265 118188 268046 388378 194101  71814 357639  54718 358159
 192973  44787  45290 193919  52520 357265 118568 146154 268046  45910
  61081 199354  54718 327863 231492  43010  75774 188350 177231 193919
 173236 360914  72477 358159 148224 192973   8172 393334 269062 185457
 305224 323392 193716 188481 357287  54718 185457 302802 305666 312781
  47887 142342 151349 357265  39277 225644 103108 193716 174032 176239
 373316 377945 260763  61013 192973 336113 298712  54718 362885 177231
 357211 193919 173236 360914 357969 268046 177103 346118  92030 388755
 388011  82265 352213  44608 144215 360914 154987 394564 132422 293354
  57187 323392  61081 177231 188481 312781 188481 277067 390138  61762
 358159 135271 257293  71425 385594 269798 360914  51582 207765 268046
 191290  60228 148269  54718 325572  45815 190756 327863 174032  71585
 357265 163237 360914 161844 151349 130637  45830 148269  54718 334386
 251057 377945 124908  87775  62065 219145 384373 174642 358159 226326
 281311 291783 360914 329990 177103 132422 293354  60665 337258 272583
 105866 319690 358159 192973 264550 151349 141948  60665 193919 377945
 334951 274757 358159 192973 264550  54273  45830 148224 263939 192973
 193716 302352  43010 310815 357265 124763 378484 265655      0 163826
  56041 142331  97014 345194 364482 358159 271200 394520 389411 222138
 388710 119136 306501  52073 177103 343963 360914  86363 334978  54718
 388710  43010 225985 268046 122128 188481 357211 384121 185457 357969
 358159 192973 269953 268046 357265 250392 251070  54718 306507      0
 343906  44608 394520 389422 357211 185457  90548 302727 193919 264550]
NewWordVectorPositions
[377945      0  87775 191903 344938  54718 370303 377945 362885  43010
 260760 377945      0 225629  62065  43010 335128 150301  71104 363116
 188481 357265 118188 268046 388378 194101  71814 357639  54718 358159
 192973  44787  45290 193919  52520 357265 118568 146154 268046  45910
  61081 199354  54718 327863 231492  43010  75774 188350 177231 193919
 173236 360914  72477 358159 148224 192973   8172 393334 269062 185457
 305224 323392 193716 188481 357287  54718 185457 302802 305666 312781
  47887 142342 151349 357265  39277 225644 103108 193716 174032 176239
 373316 377945 260763  61013 192973 336113 298712  54718 362885 177231
 357211 193919 173236 360914 357969 268046 177103 346118  92030 388755
 388011  82265 352213  44608 144215 360914 154987 394564 132422 293354
  57187 323392  61081 177231 188481 312781 188481 277067 390138  61762
 358159 135271 257293  71425 385594 269798 360914  51582 207765 268046
 191290  60228 148269  54718 325572  45815 190756 327863 174032  71585
 357265 163237 360914 161844 151349 130637  45830 148269  54718 334386
 251057 377945 124908  87775  62065 219145 384373 174642 358159 226326
 281311 291783 360914 329990 177103 132422 293354  60665 337258 272583
 105866 319690 358159 192973 264550 151349 141948  60665 193919 377945
 334951 274757 358159 192973 264550  54273  45830 148224 263939 192973
 193716 302352  43010 310815 357265 124763 378484 265655      0 163826
  56041 142331  97014 345194 364482 358159 271200 394520 389411 222138
 388710 119136 306501  52073 177103 343963 360914  86363 334978  54718
 388710  43010 225985 268046 122128 188481 357211 384121 185457 357969
 358159 192973 269953  55299 178026 380657 333883 357999 156553 181567
 377162 224154 269393 118615  77241 245401 159827 323195  57950 189687]
