OriginalClass, 1
NewClass, 0
NumberWordsChanged, 13
WordPositions
237	238	239	240	241	242	243	244	245	246	247	248	249	
OldWordVectorPositions
[215204      0 106964 215204 116906 270970 357265  78506 218983 357265
 116552  60665 185457  72477 192973 193919 105990 137444 360601 192973
 325898 269798 192630 188481  13767 386431 357265 254580 110224 308118
      0 160981      0 192189      0 272930 268046 389835 357292  45910
 141814 278866 384566  60665 278866 118152 311665 358548 249714 268046
 177103 146627      0 272930 268046 389835  45910 154060 108927 212561
 258848 280751 221972      0 311334 235661 116471  60665  93745      0
 360914 179434  93405 333186 269798  43010 335128 193331 200035 268074
 357265 103898  62065 148908 141814 192973 305138  87775 192973 281973
 386423 193716 192973  48350 341162 172466 317245 220468 375385 163634
  52318  60665 385217 269889 357639 110224      0 355374 179434 168591
 357211 179434 145583 165837  81562 114166 357265 175319 268074 357353
  97724 388868 374252  43010  95502 209493 357651  43010 146352 268046
 371610 386423 193716 367700 272930 357211 141814 225650 142250 357265
 316998  60665 357265 113946 110456 387353 386886 300216  64331 264550
 361939 225289  48262  52318 388710 174695 360914 390051  44608 385032
 325736 193716 367700 272930 357211 337266 383080 360914 374162 357265
 209493 357408 360914  99956  43010 147468 175319 268074 358159 193747
 292986 383513 390449 124744  88126  51205 309530 192973 362759 106326
 374589 111252 154323 341874 360914 148533 148908 357964 148908 220930
 341874 357265 112054 388710 357265 360601 357265  78506 218983 357265
 116552 220930 142273 357211 360601  71494 386423 185457 126552 185457
 146344 337306  97718 357211 357639  59057  57170 375682 270970  57170
 151719 268046  78508 386323 263873 218983  57189  62065  57190 357639
 250392  95616 193408  57170 116552 270970 116588 336113 127708 142750]
NewWordVectorPositions
[215204      0 106964 215204 116906 270970 357265  78506 218983 357265
 116552  60665 185457  72477 192973 193919 105990 137444 360601 192973
 325898 269798 192630 188481  13767 386431 357265 254580 110224 308118
      0 160981      0 192189      0 272930 268046 389835 357292  45910
 141814 278866 384566  60665 278866 118152 311665 358548 249714 268046
 177103 146627      0 272930 268046 389835  45910 154060 108927 212561
 258848 280751 221972      0 311334 235661 116471  60665  93745      0
 360914 179434  93405 333186 269798  43010 335128 193331 200035 268074
 357265 103898  62065 148908 141814 192973 305138  87775 192973 281973
 386423 193716 192973  48350 341162 172466 317245 220468 375385 163634
  52318  60665 385217 269889 357639 110224      0 355374 179434 168591
 357211 179434 145583 165837  81562 114166 357265 175319 268074 357353
  97724 388868 374252  43010  95502 209493 357651  43010 146352 268046
 371610 386423 193716 367700 272930 357211 141814 225650 142250 357265
 316998  60665 357265 113946 110456 387353 386886 300216  64331 264550
 361939 225289  48262  52318 388710 174695 360914 390051  44608 385032
 325736 193716 367700 272930 357211 337266 383080 360914 374162 357265
 209493 357408 360914  99956  43010 147468 175319 268074 358159 193747
 292986 383513 390449 124744  88126  51205 309530 192973 362759 106326
 374589 111252 154323 341874 360914 148533 148908 357964 148908 220930
 341874 357265 112054 388710 357265 360601 357265  78506 218983 357265
 116552 220930 142273 357211 360601  71494 386423 185457 126552 185457
 146344 337306  97718 357211 357639  59057  57170 375682 270970  57170
 151719 268046  78508 386323 263873 218983  57189  63246 145430 318324
 285980  94126 281802 341666 217292 166784 385829 101767 120733  91766]
