OriginalClass, 1
NewClass, 1
NumberWordsChanged, 35
WordPositions
215	216	217	218	219	220	221	222	223	224	225	226	227	228	229	230	231	232	233	234	235	236	237	238	239	240	241	242	243	244	245	246	247	248	249	
OldWordVectorPositions
[248926 175199 383513 166369 185457 226298 357265      0 386473 111449
 358159 248926 386473 225639 222471  54273 373385 377861 268046 357265
 111469 154323 357265  77486 215889 357265 320245 388710 358159  71290
 309790 357265 216683  54718  91593 280944 300366 154323 164328 360914
      0 336297 105857 251645 268046 357265 343963 351989 285908 188481
 357265 297193  58999  60665 357265 126726 371151 271183 154323 357265
 165202 341955 357211      0 125175 192973 272930 357639 188481  43010
 265863 384373 160418 357265 144696 165202 110734 343963 394474 209645
 185457 142750 358159 221670 277240 245002 388710 180682 148269  52879
 275339 272881 165202  60665 109587  87775 193716 225650 222471 357265
 211035  58997 108894 357265 151758  54718 193919 377945 354755 188481
 177231 193716 351989  64331 154323 357265 142395  54718 348716 268046
 358159 248926 193716 200035 128913 357265 148224 128527 357265 231068
 144715 146158 188481 357265 148224 174032 360914 383735 154323  43010
 125728 386494 357265 394520 161844 188481 357353 144715 291929 118188
 383513 174524 268074  88126 357265 111469 249568  43010 368709 127708
 288003 357265 383771 241862  71494 358159 192973 386306  90548 173061
  43010 181872 253887 248926 358159 374167 360914  71090 357265  56814
  80110 241862 154323 357265  14171 386423 298719  94044 161068  57055
 339421 149027 270970 386314 188481 358451 320868 321734 148269 264937
 193919 138118 193642 357211  58997 357265 150791 357265 183993 358159
 383513 250425 345296 185457 264180 218167  62065 334376  87775 358159
 383632 155345 185457 127708 209645 186645 357265 211028 325007 268046
 183993 192973 357211 285641 270970 357265 148224 383513 295598 366273
 360914  71090      0 388710  43010 351934 269798 357265 269062 163587]
NewWordVectorPositions
[248926 175199 383513 166369 185457 226298 357265      0 386473 111449
 358159 248926 386473 225639 222471  54273 373385 377861 268046 357265
 111469 154323 357265  77486 215889 357265 320245 388710 358159  71290
 309790 357265 216683  54718  91593 280944 300366 154323 164328 360914
      0 336297 105857 251645 268046 357265 343963 351989 285908 188481
 357265 297193  58999  60665 357265 126726 371151 271183 154323 357265
 165202 341955 357211      0 125175 192973 272930 357639 188481  43010
 265863 384373 160418 357265 144696 165202 110734 343963 394474 209645
 185457 142750 358159 221670 277240 245002 388710 180682 148269  52879
 275339 272881 165202  60665 109587  87775 193716 225650 222471 357265
 211035  58997 108894 357265 151758  54718 193919 377945 354755 188481
 177231 193716 351989  64331 154323 357265 142395  54718 348716 268046
 358159 248926 193716 200035 128913 357265 148224 128527 357265 231068
 144715 146158 188481 357265 148224 174032 360914 383735 154323  43010
 125728 386494 357265 394520 161844 188481 357353 144715 291929 118188
 383513 174524 268074  88126 357265 111469 249568  43010 368709 127708
 288003 357265 383771 241862  71494 358159 192973 386306  90548 173061
  43010 181872 253887 248926 358159 374167 360914  71090 357265  56814
  80110 241862 154323 357265  14171 386423 298719  94044 161068  57055
 339421 149027 270970 386314 188481 358451 320868 321734 148269 264937
 193919 138118 193642 357211  58997 357265 150791 357265 183993 358159
 383513 250425 345296 185457 264180 390063 310918 127055 187515  98826
 284950 102958  78362 285581 269850 218266 244798 116106  65717 288513
  79809 275067 385943  71971 373071 392748 158012 326730 222862 252030
 330693 165686 377548 204568 237852 387775 195685 362845  85104 344933]
