OriginalClass, 1
NewClass, 0
NumberWordsChanged, 1
WordPositions
249	
OldWordVectorPositions
[187631 163745 360914 390409  44608 358159 251034  54718  44608 192896
 357265 189587 320242 188481 193716 336113 394474  58997 383363 186645
 394474 174666 323431 357265 251034 393704 358159  58997 200035 254258
 358472 386983 185457 357969 357265 251034 144223 188481 357265 136979
 295236 191034  45815 388561 311359 117860 192973 302352 164328  54718
  52261 108452 289259 337266  52261  43010 118585 394533  43010 354796
 188481 272583 389822 357265 379055 169725 192973 164328  87775 225951
 179434 141999 362866 308561  71895 357265 136979 186645 175199 302352
 259914  96737 357411 386983 390138 175199 220870  43010 389400 359445
 178965 373316 175199 390143 281429 357411 384373  52520 174642 357265
      0 300574 130285  45929 185457 127708 357969 394474 390138 258451
 178965  62065 219145 264550 151349 357265  21780 300574  87775 249714
  44608 357211 217909 269798 220930 306043 357265 343963      0  97014
 192973 326301 190556 243977 141816 174642 220730 355702 323336 177103
 320242 388710  43010 146690 154049 358159 383632 191059  60665 311359
 342018 177555  87775 357639 192973 326293 355895  74651 357387      0
  97014 239798  43010 169725 386886 192973  43010 326293 291255 188481
  51582 357265  65963 325017  87775 175199 231492  54273 188350 269798
 177103 311359 105864 357211 177103  97014 170714  43010  82314  71895
 185457  71909 360914 123760  71494 327863  45915  60665 186645 193716
 192973 177103 148908  82314 386473  52520 371330 177103 283483 108410
 388710 177103 250482 352232  44608 177103 250482 177260  56041 292794
  47798 357265 148908 300574 351989 285908      0  97014 126852 355344
  57187 386306 173063      0 357211 177103 304966 388710 177103 250482
 192973  43010 377945 103049 269953 264612 268046 357211 160457 142903]
NewWordVectorPositions
[187631 163745 360914 390409  44608 358159 251034  54718  44608 192896
 357265 189587 320242 188481 193716 336113 394474  58997 383363 186645
 394474 174666 323431 357265 251034 393704 358159  58997 200035 254258
 358472 386983 185457 357969 357265 251034 144223 188481 357265 136979
 295236 191034  45815 388561 311359 117860 192973 302352 164328  54718
  52261 108452 289259 337266  52261  43010 118585 394533  43010 354796
 188481 272583 389822 357265 379055 169725 192973 164328  87775 225951
 179434 141999 362866 308561  71895 357265 136979 186645 175199 302352
 259914  96737 357411 386983 390138 175199 220870  43010 389400 359445
 178965 373316 175199 390143 281429 357411 384373  52520 174642 357265
      0 300574 130285  45929 185457 127708 357969 394474 390138 258451
 178965  62065 219145 264550 151349 357265  21780 300574  87775 249714
  44608 357211 217909 269798 220930 306043 357265 343963      0  97014
 192973 326301 190556 243977 141816 174642 220730 355702 323336 177103
 320242 388710  43010 146690 154049 358159 383632 191059  60665 311359
 342018 177555  87775 357639 192973 326293 355895  74651 357387      0
  97014 239798  43010 169725 386886 192973  43010 326293 291255 188481
  51582 357265  65963 325017  87775 175199 231492  54273 188350 269798
 177103 311359 105864 357211 177103  97014 170714  43010  82314  71895
 185457  71909 360914 123760  71494 327863  45915  60665 186645 193716
 192973 177103 148908  82314 386473  52520 371330 177103 283483 108410
 388710 177103 250482 352232  44608 177103 250482 177260  56041 292794
  47798 357265 148908 300574 351989 285908      0  97014 126852 355344
  57187 386306 173063      0 357211 177103 304966 388710 177103 250482
 192973  43010 377945 103049 269953 264612 268046 357211 160457 176244]
