OriginalClass, 1
NewClass, 0
NumberWordsChanged, 2
WordPositions
248	249	
OldWordVectorPositions
[357265 364460 193331 131420 329915  71090 306174 378770 188481  57170
 148224 292986 110542 193919  43010 356830 142283 268046 182540 264550
 360914 231458  43010 251034 383752 357265 251034  54718 357411 223644
 360914 357265      0 105857 120641 166035 357265 376417  97373  74651
 386306 175199 209677  44608 357265  97035  54718 386306 175199 106041
 360914 179434  62979  44608 357387  89824 239105      0  87775 185457
 357969 268046 251057  60665  43010 239197 268046 106043  54718 106043
 193408 106326 186645 357265  62979 126852 209645 386306 357265 176378
 357265 124763 192973 352232  44608 357265 124777  64201 295589 192973
 360914 231458  43010 251034 380531 268046 180682 108387  53909 358451
 108387  50428 192973 107699 268046  97014  54718 102162 268046 106706
 357265 124763 179018 302345 357211  62980 268345 127708 371425 287518
 386431 175199 174032 295598  64174  43010 180682 102713 182573 175199
 259914 323430 360914 166075 357265 186344 357211      0 142627 151349
  43010 302476 357809  58997 329799 151349 108449 106337 186369 297656
  54718 102496 193919 148444 360914  64170 357387  87775 357809 258451
 360914  71090 305878 388710 337258 272583 384121 268046 106042 357265
 316998 186344 264550 332147 135472 357265 148224 192973  86377 269798
  54273 191908 291553 308115 388710 289872 368320 295414  58997  61664
 360914 143817  43010 281924  54718  65760 151349  54273 371992 109446
 357211 192973 360914  71090 374167 188481  43010 125325 246286 188481
 357265 103092 117967 268046 390868 337661 132276  71959 360914 288936
 357353 281915 144895 388710 357265  97014  54718 357353 192047  71586
 188950 302292 360914 357387 337266 388710 220815 125169 151349 357265
 180682 108378 268046 363494 343987 110156 111448  43010 389449 148224]
NewWordVectorPositions
[357265 364460 193331 131420 329915  71090 306174 378770 188481  57170
 148224 292986 110542 193919  43010 356830 142283 268046 182540 264550
 360914 231458  43010 251034 383752 357265 251034  54718 357411 223644
 360914 357265      0 105857 120641 166035 357265 376417  97373  74651
 386306 175199 209677  44608 357265  97035  54718 386306 175199 106041
 360914 179434  62979  44608 357387  89824 239105      0  87775 185457
 357969 268046 251057  60665  43010 239197 268046 106043  54718 106043
 193408 106326 186645 357265  62979 126852 209645 386306 357265 176378
 357265 124763 192973 352232  44608 357265 124777  64201 295589 192973
 360914 231458  43010 251034 380531 268046 180682 108387  53909 358451
 108387  50428 192973 107699 268046  97014  54718 102162 268046 106706
 357265 124763 179018 302345 357211  62980 268345 127708 371425 287518
 386431 175199 174032 295598  64174  43010 180682 102713 182573 175199
 259914 323430 360914 166075 357265 186344 357211      0 142627 151349
  43010 302476 357809  58997 329799 151349 108449 106337 186369 297656
  54718 102496 193919 148444 360914  64170 357387  87775 357809 258451
 360914  71090 305878 388710 337258 272583 384121 268046 106042 357265
 316998 186344 264550 332147 135472 357265 148224 192973  86377 269798
  54273 191908 291553 308115 388710 289872 368320 295414  58997  61664
 360914 143817  43010 281924  54718  65760 151349  54273 371992 109446
 357211 192973 360914  71090 374167 188481  43010 125325 246286 188481
 357265 103092 117967 268046 390868 337661 132276  71959 360914 288936
 357353 281915 144895 388710 357265  97014  54718 357353 192047  71586
 188950 302292 360914 357387 337266 388710 220815 125169 151349 357265
 180682 108378 268046 363494 343987 110156 111448  43010 313091  57430]
