OriginalClass, 1
NewClass, 1
NumberWordsChanged, 35
WordPositions
215	216	217	218	219	220	221	222	223	224	225	226	227	228	229	230	231	232	233	234	235	236	237	238	239	240	241	242	243	244	245	246	247	248	249	
OldWordVectorPositions
[200057 151349 386306 173063 360914 179434 251034 188481 356211 268046
 125825  54718 323095 124777 129795  54718 302808 126981 322255 307429
  61214 220930 200035 351934 358159 251034  60665 193919 268188 388755
 143168 142860 358159 251034 192973 163444  64362 344147 373316      0
 301000 357108 304423 386306 237383 325740  60665  43010 286789 187377
 313329  43010 178616 303750 268046 337258 113894 287518 357211 229835
 239105 322135 254258 175207  43010 102208 268046  30387 351934  43010
 147810 365384 151349  43010 179571 102208 360914 357265 243674 268046
 154092 264974 192630 357760 345160 237383  71090  90577 270970  53504
 193919 123789 360914 355344 357211 193716 383513 148242 188481  43010
  90577 151580 301000 357108 192630 192973 301000 267358  60665 385217
 269953 345139 323430 360914 209645 264612  44608 179571  54718 192973
  69842 357265 130637 198269  97014 154323  43010 265557 268046 207034
  61521  39277 251034 142342 386423 175199  96816 300334 154323 322153
 269953  97014 237383  71090 100176 208979 345275 128227 175199 174032
  43010 161849 386886 292769 160457 207441  87775 193919 259914 302352
 139954 186645 357211 192973 366080 269953  97014 192973 347067  54718
 305355 154323 177103      0  54718 357411 357651  43010  78435 161844
 393222  78435 161844 192630 174032  43010 288940 268046  15341 357812
 110627 157996 386886 192973 102496 357265 316998  48003 270970 394533
 357108 357265 306581 268046 357265  93265 192973  89857 332818 249714
 357108 269889 177661 377945 269682  54718 384445  43010 209542  91222
 179434 110622 192973  43010 311999 373316 289040 341677 388710 357265
 390079 192700  45081 360914      0 148224 188481 254258 222218  54718
 250392 222484  74804 284283 192630 146160 233708  90577 151604  54718]
NewWordVectorPositions
[200057 151349 386306 173063 360914 179434 251034 188481 356211 268046
 125825  54718 323095 124777 129795  54718 302808 126981 322255 307429
  61214 220930 200035 351934 358159 251034  60665 193919 268188 388755
 143168 142860 358159 251034 192973 163444  64362 344147 373316      0
 301000 357108 304423 386306 237383 325740  60665  43010 286789 187377
 313329  43010 178616 303750 268046 337258 113894 287518 357211 229835
 239105 322135 254258 175207  43010 102208 268046  30387 351934  43010
 147810 365384 151349  43010 179571 102208 360914 357265 243674 268046
 154092 264974 192630 357760 345160 237383  71090  90577 270970  53504
 193919 123789 360914 355344 357211 193716 383513 148242 188481  43010
  90577 151580 301000 357108 192630 192973 301000 267358  60665 385217
 269953 345139 323430 360914 209645 264612  44608 179571  54718 192973
  69842 357265 130637 198269  97014 154323  43010 265557 268046 207034
  61521  39277 251034 142342 386423 175199  96816 300334 154323 322153
 269953  97014 237383  71090 100176 208979 345275 128227 175199 174032
  43010 161849 386886 292769 160457 207441  87775 193919 259914 302352
 139954 186645 357211 192973 366080 269953  97014 192973 347067  54718
 305355 154323 177103      0  54718 357411 357651  43010  78435 161844
 393222  78435 161844 192630 174032  43010 288940 268046  15341 357812
 110627 157996 386886 192973 102496 357265 316998  48003 270970 394533
 357108 357265 306581 268046 357265  93265 192973  89857 332818 249714
 357108 269889 177661 377945 269682 105058 288815 258493 277973 206530
  92941 245936 211836 355583 181652 174825 356556 182286 191648 316566
  52330 358090 116014 333585 240600 130491 397146  96326 198416 154344
 216859 295458 305697 297159 196169  64664 253995 390624  81833 395266]
