OriginalClass, 0
NewClass, 0
NumberWordsChanged, 35
WordPositions
215	216	217	218	219	220	221	222	223	224	225	226	227	228	229	230	231	232	233	234	235	236	237	238	239	240	241	242	243	244	245	246	247	248	249	
OldWordVectorPositions
[385217 185457 174642 148356  94000 373316 388710 310051 254935 310700
 178401 321159  52261  23310 393334  47798 193716 148908  71488  43010
 243797 251034 324996 188481  14591 217889 357211 185457  52943 185457
 387695 292769 148908 323336 358159 347283 259972 126747 278966 335397
 129149 268046 222138 337303  59937  17810  54718 262350 357265 148224
 126852 146344 117554 269953  77162  54718 393657 193716 383513 390092
 357265 382319 358159 192973  43010 377945      0 105647 357211 146160
 224444 268046 166369 253590  54718 337258 348534 248245 193716 355374
 357265 343963 268046 308478 300294  46794 286407  88126 285849 336936
  54718 357265  70427 357211 327863  54718 177103 146627 345160  62065
 379258 225193 178401 382067  47889 357353 259972 306020 292385 246253
 361185 116827 279722 188481 179434  80586 113550 251057 297928  45291
 121734 235594      0 281311  60665  54273 141999 141802  58930  43010
 368709 354802 381330 139958 343963 222946 192973  71783 373316 177231
 388710 337258  44846 183993 358451 142882 242878 357211 161059 250917
 357265 172918  54718 166827 171785 248625  54718 337258 366128 312128
 367260 308478 192973 268046 110542 357265   2479 144744 268046 357211
 271493 295337  67817 357265 300113  54718 357211  67817 125273 272930
  43010  66813 128704 268046 193919 166402 337509 131142 357265 110542
 268046 357265 148224 188839 149239  62065  43010 106729 357211 192973
  43010 362759  77938 189034 357265 331301 268046 308478 155420 116588
 360914 354794 224556  62065 358159  78612 237383  71090 357265 284282
 155342 248238  54718 357265 190165  57716 268046 198344 198440 119087
 119087  54718 234957 188481 357353      0  54718 217909 334735 128527
  43010 344501 332387 185457 200035 383027 174642 337301 360914 126552]
NewWordVectorPositions
[385217 185457 174642 148356  94000 373316 388710 310051 254935 310700
 178401 321159  52261  23310 393334  47798 193716 148908  71488  43010
 243797 251034 324996 188481  14591 217889 357211 185457  52943 185457
 387695 292769 148908 323336 358159 347283 259972 126747 278966 335397
 129149 268046 222138 337303  59937  17810  54718 262350 357265 148224
 126852 146344 117554 269953  77162  54718 393657 193716 383513 390092
 357265 382319 358159 192973  43010 377945      0 105647 357211 146160
 224444 268046 166369 253590  54718 337258 348534 248245 193716 355374
 357265 343963 268046 308478 300294  46794 286407  88126 285849 336936
  54718 357265  70427 357211 327863  54718 177103 146627 345160  62065
 379258 225193 178401 382067  47889 357353 259972 306020 292385 246253
 361185 116827 279722 188481 179434  80586 113550 251057 297928  45291
 121734 235594      0 281311  60665  54273 141999 141802  58930  43010
 368709 354802 381330 139958 343963 222946 192973  71783 373316 177231
 388710 337258  44846 183993 358451 142882 242878 357211 161059 250917
 357265 172918  54718 166827 171785 248625  54718 337258 366128 312128
 367260 308478 192973 268046 110542 357265   2479 144744 268046 357211
 271493 295337  67817 357265 300113  54718 357211  67817 125273 272930
  43010  66813 128704 268046 193919 166402 337509 131142 357265 110542
 268046 357265 148224 188839 149239  62065  43010 106729 357211 192973
  43010 362759  77938 189034 357265 331301 268046 308478 155420 116588
 360914 354794 224556  62065 358159 193459 254977  75336 158865  84180
 336345 166597  77038 230870 243815 119987  59606 322702 379436 251584
  68863 184461 242887 150429 301187  80889 300991 363903 151605 165157
 398821 239934 111489 332407  99660 196073 221799 239410 299335 276117]
