OriginalClass, 0
NewClass, 0
NumberWordsChanged, 35
WordPositions
215	216	217	218	219	220	221	222	223	224	225	226	227	228	229	230	231	232	233	234	235	236	237	238	239	240	241	242	243	244	245	246	247	248	249	
OldWordVectorPositions
[185457 319557 358159 148224  62065 357265  98712 303763 148224 147328
 360914 284145 373316 269798 357265 292066 307259 305187 357265 102326
 146344  54718 268074 105350 268046 357265 148224 192973 185457 325007
 297928 191059  54718 108452 357265 325007 268046 222715 338555 128784
  58791 273500 128790 357211 107834 357265 373707 138116 268046 250392
 280944 188481 132625  54718  95247 141498  43010  77162 326568 182453
 293229 345399 192973 182540 186309 121730 193716  54718 358159 192973
 182540 233708 280944 223944 269798 357265 273289 268046 217469 101666
 185457  91041 319690 357211 187631 144696 388710  85871 310837 386431
 357265  45830 371779  87775 185457 174642 379810  54718 223956 188481
 132625 141498 151349 333278 249167 386423 185457 379810 313665  60665
  43010 345139 151349  43010 324493 254258 137937 167631 170714 360914
 128833 357353 227289 326058 343906 373316 357265 341249 268046  43010
 326568 345139 127973  86371 200035  60665 357265 177451 126848 386423
 251070 188481 388710  43010 389400  71494 357265 135361      0 389882
  87775 185457 126552 106855 388710 357265 307258 357211 357265 102325
  54718 253907 105350 193919 273599 151349 357639  58997 360914  71090
 348373  71421 179547  86372 277657 340521 394474  90548 148427 188481
  85871 270970 188481  57170 179547 101722  95187 268046 132625 141498
  54718      0 123557 160418 251645 268046  57170 151262 188481 358159
 148224 151349 239105 383752 358159 148224 108452 385217 357265 102325
 357211 185457 390138 146344 131142 254258      0 342180 357639 146352
 364228  54718 222715 193716 231492 394474 323336 386983 337266 390138
 383067 360914 187899  54718 148427  43010  74597 222138 200035  60665
 280944 186645 181581 360914 139402 154323  43010 372190 342018 373707]
NewWordVectorPositions
[185457 319557 358159 148224  62065 357265  98712 303763 148224 147328
 360914 284145 373316 269798 357265 292066 307259 305187 357265 102326
 146344  54718 268074 105350 268046 357265 148224 192973 185457 325007
 297928 191059  54718 108452 357265 325007 268046 222715 338555 128784
  58791 273500 128790 357211 107834 357265 373707 138116 268046 250392
 280944 188481 132625  54718  95247 141498  43010  77162 326568 182453
 293229 345399 192973 182540 186309 121730 193716  54718 358159 192973
 182540 233708 280944 223944 269798 357265 273289 268046 217469 101666
 185457  91041 319690 357211 187631 144696 388710  85871 310837 386431
 357265  45830 371779  87775 185457 174642 379810  54718 223956 188481
 132625 141498 151349 333278 249167 386423 185457 379810 313665  60665
  43010 345139 151349  43010 324493 254258 137937 167631 170714 360914
 128833 357353 227289 326058 343906 373316 357265 341249 268046  43010
 326568 345139 127973  86371 200035  60665 357265 177451 126848 386423
 251070 188481 388710  43010 389400  71494 357265 135361      0 389882
  87775 185457 126552 106855 388710 357265 307258 357211 357265 102325
  54718 253907 105350 193919 273599 151349 357639  58997 360914  71090
 348373  71421 179547  86372 277657 340521 394474  90548 148427 188481
  85871 270970 188481  57170 179547 101722  95187 268046 132625 141498
  54718      0 123557 160418 251645 268046  57170 151262 188481 358159
 148224 151349 239105 383752 358159 148224 108452 385217 357265 102325
 357211 185457 390138 146344 131142 297159 299561 322623 373009 134224
 261146 206219 183248 303210 287534 394266 167086 250236 123326 107433
 212165 308061 211581  84292  61158 379336 277144 391214 131495 153502
 133555 195686 122630 308702 187742 105222  74479 266485 163592 247994]
