OriginalClass, 1
NewClass, 0
NumberWordsChanged, 10
WordPositions
240	241	242	243	244	245	246	247	248	249	
OldWordVectorPositions
[386983 390138  57187 383067 360914 323336 358159 186645 358159 383513
  43010 148224 289670 269798 394608  88126  43010 354796 185457 243977
 174642  57792 357265 354788 188481 126981 336113 251645 388710 179434
      0 378546  90266 185457 243977 174642  52520 107279 179434 144715
  54718 154060 151349 126981  43010 164328 198213  45815 315242 193716
 383513 229835  88126  43010 377945 142810 148224 231488  54718 357760
 385663  57698 293041      0 358159  43010 377945 377945 315103 148224
      0 377945 278702  45929  60665 185457 315709 193716 174032  43010
 119369 229835 124758 360914 378546 225629  44608 193716 193716  52520
 174032 256743  54718  45815 357211 200035 322153      0 110156 358159
  71090 357265 148224 192973 148198 388710 226030 268046 109447  54718
  78456 264180 358159 390138 367634 239105 268074 106329  60665 185457
 174339 370390 148269  54718 127708 222471 323392  51582 357211 164646
 182573 162058 357211 263564 268046 193716 192973 357211 302329 193919
  71231 182573 185457 329915 383355 394474 357211 357639  58997  43010
 147468 320245 357211  58997 343256 292006 125857 151349 142283 357265
 320242 388710 357265 207071 358828  43010 298759 191811  43010      0
 366756  54718 383752 177103 255886  54718 154608 192973 292006  65963
 357639  58997  52520 320245 386431 394474  90548 175425 357265 358463
 268046 294598  60665 357809 144899  44608 207463 389422 388710  43010
 221115 268046 246197 357211 192973 292006  64362 357265 280944 386886
 390488 358159  58997 292006      0 207463 389422 192973 239200 360914
  71090 151349 272881 137889  47798  43010  86766 268046 325010 253231
 357265 148224 163634 360914  43010 124430 311178      0 386473  58997
  43010  86766 268046 164448 384441  77486 181442 388755 143297 180526]
NewWordVectorPositions
[386983 390138  57187 383067 360914 323336 358159 186645 358159 383513
  43010 148224 289670 269798 394608  88126  43010 354796 185457 243977
 174642  57792 357265 354788 188481 126981 336113 251645 388710 179434
      0 378546  90266 185457 243977 174642  52520 107279 179434 144715
  54718 154060 151349 126981  43010 164328 198213  45815 315242 193716
 383513 229835  88126  43010 377945 142810 148224 231488  54718 357760
 385663  57698 293041      0 358159  43010 377945 377945 315103 148224
      0 377945 278702  45929  60665 185457 315709 193716 174032  43010
 119369 229835 124758 360914 378546 225629  44608 193716 193716  52520
 174032 256743  54718  45815 357211 200035 322153      0 110156 358159
  71090 357265 148224 192973 148198 388710 226030 268046 109447  54718
  78456 264180 358159 390138 367634 239105 268074 106329  60665 185457
 174339 370390 148269  54718 127708 222471 323392  51582 357211 164646
 182573 162058 357211 263564 268046 193716 192973 357211 302329 193919
  71231 182573 185457 329915 383355 394474 357211 357639  58997  43010
 147468 320245 357211  58997 343256 292006 125857 151349 142283 357265
 320242 388710 357265 207071 358828  43010 298759 191811  43010      0
 366756  54718 383752 177103 255886  54718 154608 192973 292006  65963
 357639  58997  52520 320245 386431 394474  90548 175425 357265 358463
 268046 294598  60665 357809 144899  44608 207463 389422 388710  43010
 221115 268046 246197 357211 192973 292006  64362 357265 280944 386886
 390488 358159  58997 292006      0 207463 389422 192973 239200 360914
  71090 151349 272881 137889  47798  43010  86766 268046 325010 253231
 357265 148224 163634 360914  43010 124430 311178      0 386473  58997
 352389 214588 336936 312194 201506  94764 321578 310135 309222 227155]
