OriginalClass, 1
NewClass, 1
NumberWordsChanged, 35
WordPositions
215	216	217	218	219	220	221	222	223	224	225	226	227	228	229	230	231	232	233	234	235	236	237	238	239	240	241	242	243	244	245	246	247	248	249	
OldWordVectorPositions
[185457 305666 357265 378546 268046 357265 283998 354428 209655 264612
  44608 193716 272583 357108 386306 383513 390449 269798 357265 378546
  82218 185457 123517 358159 388710 337258 364766  71494 148269 357211
 387967  64316  62065  90927  58997 374386 377945 164328 270970 377945
  65963 371798 358159 269953 144594 188481 357265 218067  93724  44608
 269953 297232 268046 357265 384121 191811 193716 185457 152393 254554
 319744 272930 226077 358159 251034 192973  81044  44608 171586 384121
 358801 185457 383513 319744 360914 254554 386431 174642 185457 323431
 358159  71895  62065 357265 358548 297269 234801 185457 170714 148021
 193716 272930 188481 339692 268046 193919 223711 271513 358159 148224
 192973 139908  43010 305161 268046 309866      0 251645 132405  14418
  54718  74597 357211 104776 117874 188481 357265 277606  52673 357265
 122134 267359 123760  54718      0 389835 383513 249714      0  54718
 220815 268046  43010  97014 345194 357265 368320 148269  58997 357391
 186391 357639 192973 264612 259972 360914  71090 323431 188481 358159
 292986 141941  61423 268046 193716 174032  71814 127491  71895  43010
  97014 339626 272930 268046 108302 388710 188950      0  72020  44226
      0  65963 222112  14912  43010 282069  54718 127778 226278 113527
 188481  54273 270614 258155 118337 320242 117720      0 228656  87879
  14934 370992  85449 326240 320245 117720      0  78655 377076  14758
  54718 336113 269798 176789 185457  52943  72916  88126 357265 143954
 357211 336113 233708 152393 357265 148224 360914  71090 329447 327707
 140213 358159 178623 121482 148224 323430 360914 174642  71814 229835
 151349 357265 336892 295589 268046 231552 378766 146344 370986  54718
 102496 346313 388710 337258 182573 185457 217465  62812 346372  43010]
NewWordVectorPositions
[185457 305666 357265 378546 268046 357265 283998 354428 209655 264612
  44608 193716 272583 357108 386306 383513 390449 269798 357265 378546
  82218 185457 123517 358159 388710 337258 364766  71494 148269 357211
 387967  64316  62065  90927  58997 374386 377945 164328 270970 377945
  65963 371798 358159 269953 144594 188481 357265 218067  93724  44608
 269953 297232 268046 357265 384121 191811 193716 185457 152393 254554
 319744 272930 226077 358159 251034 192973  81044  44608 171586 384121
 358801 185457 383513 319744 360914 254554 386431 174642 185457 323431
 358159  71895  62065 357265 358548 297269 234801 185457 170714 148021
 193716 272930 188481 339692 268046 193919 223711 271513 358159 148224
 192973 139908  43010 305161 268046 309866      0 251645 132405  14418
  54718  74597 357211 104776 117874 188481 357265 277606  52673 357265
 122134 267359 123760  54718      0 389835 383513 249714      0  54718
 220815 268046  43010  97014 345194 357265 368320 148269  58997 357391
 186391 357639 192973 264612 259972 360914  71090 323431 188481 358159
 292986 141941  61423 268046 193716 174032  71814 127491  71895  43010
  97014 339626 272930 268046 108302 388710 188950      0  72020  44226
      0  65963 222112  14912  43010 282069  54718 127778 226278 113527
 188481  54273 270614 258155 118337 320242 117720      0 228656  87879
  14934 370992  85449 326240 320245 117720      0  78655 377076  14758
  54718 336113 269798 176789 185457  52943  72916  88126 357265 143954
 357211 336113 233708 152393 357265  90138 245807 298921 383610 222900
  44902 183757 108652 397930 304107 204546 153989 350522 319506 215825
 238967 331679  44383 303307 159317 112334  53010  48609 361100 365563
 251670 195064 344277  80832 348961 230706 170515 159029 140092 240712]
