OriginalClass, 1
NewClass, 1
NumberWordsChanged, 35
WordPositions
215	216	217	218	219	220	221	222	223	224	225	226	227	228	229	230	231	232	233	234	235	236	237	238	239	240	241	242	243	244	245	246	247	248	249	
OldWordVectorPositions
[155345 182540 233708 268046 357265 280944 386886 319690 358159 192973
 144971 347947 360914 310938 377861 355692 360914  71090 377945 394520
 199386  88126 357353 272583 289786 386306 384373 174642 177231 192973
  43010 334655  45830 274867 164824  54718 386932 148198  15341 182363
 251579 378546 153176 133581      0  90266 389835 108564 253590  77741
  77741  77741  45929 193716  49032  65963 106190 360914 272583 302801
 305162  96184 236080 383513  43010 362759 124942 292006 164328  45815
  51582 312054 362775 291286 188481 357265 386886 387695 123577 260309
 341274  54718  43010 362759  93063 188481 269798 357265 117844 268046
 357265 118188 256046 357211 387695 159435 286606 268046 307184  52315
  88126 144877 268046 357265 271493 386886 387695 163237  54718 323336
 193716 272930 268046 113893 127708 305162 268046 102233 160418 269798
 394564 259297  90548 357809 302352 264550 105625 373316 388710 337301
 271493 386983 305161 117844 268046 357265 118188 357265 357964 357211
 229835 357265 271493 338994 357265 243674 323525 207126 357969 192973
 336113  81044 192973 348225 360914  71090 334951 360914 329973 182540
 386423 394474 160418 141950 394474 141863 383071 394474 343256  49032
 173081  58997 362775 246283 358159 192973  54273  45830 150004 285994
  54718 332119 357265 145491 357265  74597 186645 394474  58997 191811
  45830 150015  54718  60665 358159 357265  17541 377861 192973 385217
 127491 144249 137680  87775 151349  57187 386886 222494  43010 223830
 346165 360914 357353 148269 160418 302254 360914 331293  47887 383735
 357265 101287 273428 357265 260309 147468 393334  60665 384373 160418
 357265 163507 325549 305147  88126 386893 357265 250392 145415 288767
 124763 192973  62065 357265 248238  54718 341677 383442 305147 388710]
NewWordVectorPositions
[155345 182540 233708 268046 357265 280944 386886 319690 358159 192973
 144971 347947 360914 310938 377861 355692 360914  71090 377945 394520
 199386  88126 357353 272583 289786 386306 384373 174642 177231 192973
  43010 334655  45830 274867 164824  54718 386932 148198  15341 182363
 251579 378546 153176 133581      0  90266 389835 108564 253590  77741
  77741  77741  45929 193716  49032  65963 106190 360914 272583 302801
 305162  96184 236080 383513  43010 362759 124942 292006 164328  45815
  51582 312054 362775 291286 188481 357265 386886 387695 123577 260309
 341274  54718  43010 362759  93063 188481 269798 357265 117844 268046
 357265 118188 256046 357211 387695 159435 286606 268046 307184  52315
  88126 144877 268046 357265 271493 386886 387695 163237  54718 323336
 193716 272930 268046 113893 127708 305162 268046 102233 160418 269798
 394564 259297  90548 357809 302352 264550 105625 373316 388710 337301
 271493 386983 305161 117844 268046 357265 118188 357265 357964 357211
 229835 357265 271493 338994 357265 243674 323525 207126 357969 192973
 336113  81044 192973 348225 360914  71090 334951 360914 329973 182540
 386423 394474 160418 141950 394474 141863 383071 394474 343256  49032
 173081  58997 362775 246283 358159 192973  54273  45830 150004 285994
  54718 332119 357265 145491 357265  74597 186645 394474  58997 191811
  45830 150015  54718  60665 358159 357265  17541 377861 192973 385217
 127491 144249 137680  87775 151349  57187 386886 222494  43010 223830
 346165 360914 357353 148269 160418 243271 338076 106334 236304  95269
 366254  88621 247023 333700 301648 235392 194747 290690 251726 134905
 285183 314645 313657 128021 136651 354304 359874  88865 164546 244060
 240286 296997 154092 247545 374714 151949 284402 302492  57296 188715]
