OriginalClass, 0
NewClass, 1
NumberWordsChanged, 14
WordPositions
236	237	238	239	240	241	242	243	244	245	246	247	248	249	
OldWordVectorPositions
[357265  75395 354433 374020 357211 357265 226278 268046 248489 192973
 357265 311222 268046  51582 141999 357265 226278 268046 248489 218983
 360914 166458 386473  90548 218947 360914 292167  54718 141859 360914
 122093 368320  85005  55049  54718 172783 387695 125117 182540 144971
 357265 226278 268046 248489 387695 109891 357387  54718 358451 357809
 226278 357265 250392  55049 172947 283263 326340 180242  54718 179434
 394533  84998 172783 140265 174774 110159  71090 249714 123767  55049
 192973 323427 137552 357265 346320 268046 389882 188481 259972 394358
 302292 139994 234840  54718 192973 235191 360914 179434  71421 387353
 161592 234722 361615 386886 192973 357265 186344 268046  43010 365840
 387353 186645 269953 141863 142632 172783 182573 192973 126086 386886
 148441 179018  62065 357265 241325 268046 179434      0 179434 117634
 142805 321159  76177  54718 137085  53974 268046  98970 348214 279344
  43010 232536 386886 239197 385217  54718 174032 164328 191063 172783
 263564 357265 220815  90964 139402 357265 383771 357211 179434 334978
 299536  44617 179434 175207 262350 236860 182540 173236 175199 349566
 360914 342180  44617 193716 182573  55049 174032 179434 274148 292803
 388710 357265 270201 123763  74651 178965  54718 179434  84998  72182
 357211 175199 178293 357387  74597 175199 174032 105961 153277  47889
 179434 106170  54718 192973 175594 192214 188481 129696 374162 188481
 271173 360914 139402 179434 146118 357265 291876 268046 179434 222138
  54718 357265 222086 175199 258481 360914 204679 179434  57717 373316
 174642 264937  94044 178965 360914 357969  44608 149853 357265 110432
 388710 161592 188481 271173 360914 341874 273428  47887 268046 110542
 222471 172783 175199 258481 248489 360914 126552 358159  54718  72481]
NewWordVectorPositions
[357265  75395 354433 374020 357211 357265 226278 268046 248489 192973
 357265 311222 268046  51582 141999 357265 226278 268046 248489 218983
 360914 166458 386473  90548 218947 360914 292167  54718 141859 360914
 122093 368320  85005  55049  54718 172783 387695 125117 182540 144971
 357265 226278 268046 248489 387695 109891 357387  54718 358451 357809
 226278 357265 250392  55049 172947 283263 326340 180242  54718 179434
 394533  84998 172783 140265 174774 110159  71090 249714 123767  55049
 192973 323427 137552 357265 346320 268046 389882 188481 259972 394358
 302292 139994 234840  54718 192973 235191 360914 179434  71421 387353
 161592 234722 361615 386886 192973 357265 186344 268046  43010 365840
 387353 186645 269953 141863 142632 172783 182573 192973 126086 386886
 148441 179018  62065 357265 241325 268046 179434      0 179434 117634
 142805 321159  76177  54718 137085  53974 268046  98970 348214 279344
  43010 232536 386886 239197 385217  54718 174032 164328 191063 172783
 263564 357265 220815  90964 139402 357265 383771 357211 179434 334978
 299536  44617 179434 175207 262350 236860 182540 173236 175199 349566
 360914 342180  44617 193716 182573  55049 174032 179434 274148 292803
 388710 357265 270201 123763  74651 178965  54718 179434  84998  72182
 357211 175199 178293 357387  74597 175199 174032 105961 153277  47889
 179434 106170  54718 192973 175594 192214 188481 129696 374162 188481
 271173 360914 139402 179434 146118 357265 291876 268046 179434 222138
  54718 357265 222086 175199 258481 360914 204679 179434  57717 373316
 174642 264937  94044 178965 360914 357969  44608 149853 357265 110432
 388710 161592 188481 271173 360914 341874 358209 216228 179080 305627
 252767 361525  55296 108977 112412 187654 153284 341493 306172 316323]
