OriginalClass, 1
NewClass, 1
NumberWordsChanged, 35
WordPositions
215	216	217	218	219	220	221	222	223	224	225	226	227	228	229	230	231	232	233	234	235	236	237	238	239	240	241	242	243	244	245	246	247	248	249	
OldWordVectorPositions
[185457 225629  59937 188481 357265 378546 343871 343256 188481 329441
 182540 343051 322660 388710 179434 363394 303140 268046  65963  45830
 251057  90548 343256 174642  21828 251057 179580 357265 328195 188481
 220815 357108  43010      0 151407  72182 357265  26531 262350 220815
 293355 357265      0 137974 191811 357265 321675 147577 159619 151349
 272881 141863 387165      0 268046  65963 251034 137889 149629  71895
 254258 169000      0 358159 192973 264550 357265  93018 269953  77162
 388710 262350 137889  54718  43010 251034  60665  65963  60665 357809
 105625 322660 302655  43010 360282  77162 388710 357265      0 137549
 326652 232536 217787 359888 384373 319557      0  62641 151407 174032
 360914  71090 179434  44786 390079 251034      0  59183 151349 272930
 151349  43010      0 141816  77486 117844      0 192973 357265  81655
 268046 357265 325260 352863 177231  57187 386886 319764 358159 192973
 343051      0 307029 360914 151719 329915  71090 151413 360914 390409
  43010   5382 275147 139880 269798 357265 389792 353709 322660 192973
 393704  56041      0  43010 348270  65997 393704  47887 256053 218598
 383080 307173 151349 357265 207463 268046 179434 354460 357211 218983
 178965 360914  43010 258545 286789 360914 125814  43010 302352  65963
 129696 360914 357265 373055      0 360914 241108 357265 118266  58997
 264550 154323  59937 177231 357265 386896 292986 154323 124747 360914
 357265  45815 192973      0 358159 251034 329853 188481 357265      0
 164998  71090 357265 250392 288752 222324 251034 332239 182593      0
  45830 192973 356325  54718 377945  66097 127491 357265 292978 174642
  52520 373267 118743 360914 126552 386306 357265 144877 174339 357265
      0 188481 345275 128227  47798 345275 128227  54718 181874 130063]
NewWordVectorPositions
[185457 225629  59937 188481 357265 378546 343871 343256 188481 329441
 182540 343051 322660 388710 179434 363394 303140 268046  65963  45830
 251057  90548 343256 174642  21828 251057 179580 357265 328195 188481
 220815 357108  43010      0 151407  72182 357265  26531 262350 220815
 293355 357265      0 137974 191811 357265 321675 147577 159619 151349
 272881 141863 387165      0 268046  65963 251034 137889 149629  71895
 254258 169000      0 358159 192973 264550 357265  93018 269953  77162
 388710 262350 137889  54718  43010 251034  60665  65963  60665 357809
 105625 322660 302655  43010 360282  77162 388710 357265      0 137549
 326652 232536 217787 359888 384373 319557      0  62641 151407 174032
 360914  71090 179434  44786 390079 251034      0  59183 151349 272930
 151349  43010      0 141816  77486 117844      0 192973 357265  81655
 268046 357265 325260 352863 177231  57187 386886 319764 358159 192973
 343051      0 307029 360914 151719 329915  71090 151413 360914 390409
  43010   5382 275147 139880 269798 357265 389792 353709 322660 192973
 393704  56041      0  43010 348270  65997 393704  47887 256053 218598
 383080 307173 151349 357265 207463 268046 179434 354460 357211 218983
 178965 360914  43010 258545 286789 360914 125814  43010 302352  65963
 129696 360914 357265 373055      0 360914 241108 357265 118266  58997
 264550 154323  59937 177231 357265 386896 292986 154323 124747 360914
 357265  45815 192973      0 358159 251034 329853 188481 357265      0
 164998  71090 357265 250392 288752  81050 269101  45923 377979  58557
 308629 190197 106819 143640 172914 324395 348976 318958 123128 358624
 348153 398750 112604 342528  56109 345446 294132 395278 100518 395643
 140132 249045 388888 178845  68740  45841 277171 337061 208119 380656]
