OriginalClass, 1
NewClass, 1
NumberWordsChanged, 35
WordPositions
215	216	217	218	219	220	221	222	223	224	225	226	227	228	229	230	231	232	233	234	235	236	237	238	239	240	241	242	243	244	245	246	247	248	249	
OldWordVectorPositions
[357809  81568 231552 358159 251034  57187 185457 123557 357969 336113
 186645 394474  58997 225644 151349  43010      0 251034 163237 305655
 347258 268046  28221 358159 192973 262350 347258 268046  28221 386423
 394564  75774 341860  58997 262741 318708 318708 160457 249714 322171
 359888 357211 192973 394564 148908 383375 331365  54718 268046 110542
 151349 346372  54273  60486 251034 357639 192973 286606 268046 113985
 333838 150513  59937 200035 360914 231458 193716 225629  60486 318708
 123517 179434 374385 372099  91913  97014 295276  88126 248245 357211
 385663 348225 360914  71090 191039 357265 191051 192973 357211 268046
 337266 388710  76729 125456 244571 192973 250392 144738 151349 177103
 225650 386306 327863 170714 360914 319690  44608 357265 101722 268046
 285715  47798 358159 251034 285715 329915 180484  43010 167756  47889
 177103 327863 246247  54273  45919 285715 257221 152291 158482 318708
  43010 313329 151349 179434 248489 188481 357265  91913  45815 345399
 390159 383513 358159 179434 148908 310672  47798 178401 321159 165583
 336113 384373 174642 358159 385026 364946 152291 174032  43010 112788
 269798 244571  87775 192973 388710 179434      0 175199  91041 351934
 244571 360914  71602 389497 351934 179434  81440 360914  71602 336113
 175199 172739 388710 318708 244571 383746 357387 160418 193716 269798
 357411  47798 269953 268046      0      0 248245 152291 244571 160418
 193716 269798  43010 320242 357211 384373  58997 364471 360914 188481
 141941 334874 247179 122128 148356 200035 360914 312054 193716  51582
 272930 152291 318708 160418 193716 269798 388710 152291 188481 357265
 244571 310672 264937 185457 209645 182540  15341 169754 160418 193716
 269798  60665 186645 357211 383513 141863  57189 185457 258454 360914]
NewWordVectorPositions
[357809  81568 231552 358159 251034  57187 185457 123557 357969 336113
 186645 394474  58997 225644 151349  43010      0 251034 163237 305655
 347258 268046  28221 358159 192973 262350 347258 268046  28221 386423
 394564  75774 341860  58997 262741 318708 318708 160457 249714 322171
 359888 357211 192973 394564 148908 383375 331365  54718 268046 110542
 151349 346372  54273  60486 251034 357639 192973 286606 268046 113985
 333838 150513  59937 200035 360914 231458 193716 225629  60486 318708
 123517 179434 374385 372099  91913  97014 295276  88126 248245 357211
 385663 348225 360914  71090 191039 357265 191051 192973 357211 268046
 337266 388710  76729 125456 244571 192973 250392 144738 151349 177103
 225650 386306 327863 170714 360914 319690  44608 357265 101722 268046
 285715  47798 358159 251034 285715 329915 180484  43010 167756  47889
 177103 327863 246247  54273  45919 285715 257221 152291 158482 318708
  43010 313329 151349 179434 248489 188481 357265  91913  45815 345399
 390159 383513 358159 179434 148908 310672  47798 178401 321159 165583
 336113 384373 174642 358159 385026 364946 152291 174032  43010 112788
 269798 244571  87775 192973 388710 179434      0 175199  91041 351934
 244571 360914  71602 389497 351934 179434  81440 360914  71602 336113
 175199 172739 388710 318708 244571 383746 357387 160418 193716 269798
 357411  47798 269953 268046      0      0 248245 152291 244571 160418
 193716 269798  43010 320242 357211 384373  58997 364471 360914 188481
 141941 334874 247179 122128 148356 116738  95217  70774  46640 291426
 256808 103698 107723 197074 274919 213184 217752 108508 270710 192446
 235973 295356 143233  48715  86511 278017 397986 276297 372654 200696
 157563 301130 398838 166002  51502 311255 138379 123577 396454 316986]
