OriginalClass, 1
NewClass, 0
NumberWordsChanged, 27
WordPositions
223	224	225	226	227	228	229	230	231	232	233	234	235	236	237	238	239	240	241	242	243	244	245	246	247	248	249	
OldWordVectorPositions
[264937 177231 192973  43010 148224 357211 186645 229835 188481  63420
 390138 174642 132569  71814  43010 105647 315242  54718  55916 177231
 193716 192973 149421  54718  97887  54718      0 154323 216217 216683
 182540 123517 357265      0 160418 193716 336113 390469 385217 231117
  88126  72182 325572  44608  43010 198213 336113 178765 341899 357211
 262456 188481 357353 308561 244950 110156 351934 325574 372348 268046
 110542 357809 385663  43010 259233 225277 158566 102713  87775 337262
      0 192973 357211 102713 284685 373484 102713 262350 375623 188481
 357265 343963 357211  52261 323430 222471  43010 291679 360914 169529
 375694 318083 160259  54718 388710  43010 360601 222471 357265 150475
 182540 192973 193716  51582 346372  43010 218947 384892 385217 358159
  63489 253767 174642      0 229753 357211 175199 123557 160418 360914
  87480  54718  80574 148908 357211 175199 170714 360914 231458 179434
 274148 108477  54718 371524  57350 154323 357265 372772 226345  43010
  80951 357397 219577 273428 154323  43010 144034 344550 228401 384373
 174642 270201 249322  71780  54718 367966 325523 221115 343981 219577
 357265 370621 258303 152590  45794 268046 358159 273749 367536 128966
 192973 366128 356325  60665 357265 148224 382931 268074 222471 357265
      0 191811 360914 121777  54718 160457 345108 357639 188481 274362
 188481 357265 217850  41342 337258  17044 337302 229835  43010 332007
  87775  45929 178764 148224  89857      0 271500 148242  60665 357265
 377393 143996 193716 361939 346594 154323  54273  63489 249714  64362
 357108 271826 336113 357809      0 171586 268046 193716 164934  43010
 313803 367966 133585 360914  99956 193716 373316  54718 128527 128527
 360914  37115 245571  54718      0 361858  43010 220845 357639 188481]
NewWordVectorPositions
[264937 177231 192973  43010 148224 357211 186645 229835 188481  63420
 390138 174642 132569  71814  43010 105647 315242  54718  55916 177231
 193716 192973 149421  54718  97887  54718      0 154323 216217 216683
 182540 123517 357265      0 160418 193716 336113 390469 385217 231117
  88126  72182 325572  44608  43010 198213 336113 178765 341899 357211
 262456 188481 357353 308561 244950 110156 351934 325574 372348 268046
 110542 357809 385663  43010 259233 225277 158566 102713  87775 337262
      0 192973 357211 102713 284685 373484 102713 262350 375623 188481
 357265 343963 357211  52261 323430 222471  43010 291679 360914 169529
 375694 318083 160259  54718 388710  43010 360601 222471 357265 150475
 182540 192973 193716  51582 346372  43010 218947 384892 385217 358159
  63489 253767 174642      0 229753 357211 175199 123557 160418 360914
  87480  54718  80574 148908 357211 175199 170714 360914 231458 179434
 274148 108477  54718 371524  57350 154323 357265 372772 226345  43010
  80951 357397 219577 273428 154323  43010 144034 344550 228401 384373
 174642 270201 249322  71780  54718 367966 325523 221115 343981 219577
 357265 370621 258303 152590  45794 268046 358159 273749 367536 128966
 192973 366128 356325  60665 357265 148224 382931 268074 222471 357265
      0 191811 360914 121777  54718 160457 345108 357639 188481 274362
 188481 357265 217850  41342 337258  17044 337302 229835  43010 332007
  87775  45929 178764 148224  89857      0 271500 148242  60665 357265
 377393 143996 193716 361939 346594 154323  54273  63489 249714  64362
 357108 271826 336113 141087  83779 260556 375104 383329 208444  95915
 282072 101701 350783 161868 349744 304216 174535 133912 167818 297281
 321029 282418 291616 195355 148891 339085 139098 295067 107950 247306]
