OriginalClass, 0
NewClass, 0
NumberWordsChanged, 35
WordPositions
215	216	217	218	219	220	221	222	223	224	225	226	227	228	229	230	231	232	233	234	235	236	237	238	239	240	241	242	243	244	245	246	247	248	249	
OldWordVectorPositions
[ 47798 302232 357265 272583 355999 307261  54718 105868 185457 146662
 185457 170714 360914 105625 360914  70135 151349 358159 251034      0
 148269 355692 360914 174642 223830 360914 126552 388710 269953  56041
  54718 142760 358159 269953 360914  71090 222471 269953 268046 179434
 394474 222477 192973 292769 268074 357265 234801 386306 358159 148224
 192973 192973  43010 358466  54718 370632 225629  62065 305079 144351
 357265 270201 272583 148224 222471 193882 356211 268046 193919 305079
      0 174642 360914  71090      0 357265 300679 185457  52943  61878
 357211  57187 110156 319690 357265 343963 192973 251745 270970 348002
 193716 192973  43010 332119 251034  44608  93808 144351 245651  54718
      0 394474 390138 259914 168566 193716 359774 357265 136979 193716
 192973  52520 357265 270201 251034 185457  90548 357969 268046 386959
 306450 367700 223704 269798  43010 295236  60665  43010 173073 144566
  93808 254554 185457 209645 386306 357265 251034 192973  44608  54718
 185457 148427  43010 337917 268046 151130 188481 193919 370302 190360
  44608 357265 304963  74651 163444  54718 232536  87775 186645 394474
  58997 264550 144696 388710 357265 207715 268046 357563 269798 386473
 357265 148224 192973  69725 357411 193716 387695 163237 308561 273428
 394474 175207  60665  43010      0 270811 360914  43010      0 175581
 193716 192973 264550 167590 386494 357265 300679 192973 175599 388710
 284267 331413  54718 101291 187655 104776 175581 128604 193919 274148
 101291 297111 357639  58997 262350 344716 329871 262350 133522 133907
 262350  62699 360914 149139 357265 108067 360914 357265 151719 193716
 192973 389895 329620  87775 345838 263939 126848 193716 174642 123184
 270970  45815 360914 295763 193716 188481  43010 102208 268046 178401]
NewWordVectorPositions
[ 47798 302232 357265 272583 355999 307261  54718 105868 185457 146662
 185457 170714 360914 105625 360914  70135 151349 358159 251034      0
 148269 355692 360914 174642 223830 360914 126552 388710 269953  56041
  54718 142760 358159 269953 360914  71090 222471 269953 268046 179434
 394474 222477 192973 292769 268074 357265 234801 386306 358159 148224
 192973 192973  43010 358466  54718 370632 225629  62065 305079 144351
 357265 270201 272583 148224 222471 193882 356211 268046 193919 305079
      0 174642 360914  71090      0 357265 300679 185457  52943  61878
 357211  57187 110156 319690 357265 343963 192973 251745 270970 348002
 193716 192973  43010 332119 251034  44608  93808 144351 245651  54718
      0 394474 390138 259914 168566 193716 359774 357265 136979 193716
 192973  52520 357265 270201 251034 185457  90548 357969 268046 386959
 306450 367700 223704 269798  43010 295236  60665  43010 173073 144566
  93808 254554 185457 209645 386306 357265 251034 192973  44608  54718
 185457 148427  43010 337917 268046 151130 188481 193919 370302 190360
  44608 357265 304963  74651 163444  54718 232536  87775 186645 394474
  58997 264550 144696 388710 357265 207715 268046 357563 269798 386473
 357265 148224 192973  69725 357411 193716 387695 163237 308561 273428
 394474 175207  60665  43010      0 270811 360914  43010      0 175581
 193716 192973 264550 167590 386494 357265 300679 192973 175599 388710
 284267 331413  54718 101291 187655 104776 175581 128604 193919 274148
 101291 297111 357639  58997 262350 312699  76205 216764 156700 166129
 377151 377163 246881 264874  99011 324763 250152 167988 327319 104358
 292151 109276 186705 399305  47131 263077  52025  57709  74725 217106
 252293 381917 337888  82434  72244 201378 123472  67078 212857 372524]
