OriginalClass, 0
NewClass, 0
NumberWordsChanged, 35
WordPositions
215	216	217	218	219	220	221	222	223	224	225	226	227	228	229	230	231	232	233	234	235	236	237	238	239	240	241	242	243	244	245	246	247	248	249	
OldWordVectorPositions
[     0 103327 387353  80454  54718 357353 354794  99004 205334  54718
 256175 385663 251645 222477  54718 306505 188481 357353 360282 363116
 268046 180479      0 188481 357265 132422 182380 268046  10064 264835
  14261  51582 152427 385663  85461 253224 301000 371695 357265 111836
 229835  54273 188350 269798  63505 366129  91439 386886 313596 360914
 357265 320242  54718 151055 357265 110542 268046 357265  93018 360914
 193919 106807 357265 306708 383513 357265  80586 188481 104776  78456
 108323 329447  54718 142348      0 193716  71488  54273 191474  74390
 324336  54718 193716 305158  43010 362896 151349 111836 390433 360914
 358159 117874 357265  14389 148224 377861 268046      0 389835 192973
  52261  60665 305181  60665 357265  80586 193923 148242 188481  77486
  54718 386642 188481 233708 268046 357265      0 224617 193716 174032
  43010 334692 126747 297112 186306  54718      0 357265 273500  93265
 192973 142346 358159 192973 357265 148224 269798 386473 309866  77779
 306148  60665  54273  45893 306694  54718 121796 336113  60665 207446
 281803 335397  77770 364238 394474  74651  43010 293109 125737  54718
 357265 329441 268046 371694 350042 193716 192973  43010 236241 281311
 154323 341874 360914 148533  60665 308118 178231 322011 387899 192973
 262350 220815 148444 222471      0  80586 357265 148224 270562 388710
 335397  54718 178231  60665 357809 364330 360914 202361  54718  84243
 357387 360914 357265 103327      0 360914 346475 149618 278468 357265
 111836 360914 122128 357265 192129 357211 148356 306715 188481 357353
  60053  54718 108457 357265  95211 268046 357265 148224 174032  52879
  71814 357265 248238  62065 386473 384373  62065 217787 323336 386306
 267458 188481 357265 103327 180883  45929 148242 188481 357265 103327]
NewWordVectorPositions
[     0 103327 387353  80454  54718 357353 354794  99004 205334  54718
 256175 385663 251645 222477  54718 306505 188481 357353 360282 363116
 268046 180479      0 188481 357265 132422 182380 268046  10064 264835
  14261  51582 152427 385663  85461 253224 301000 371695 357265 111836
 229835  54273 188350 269798  63505 366129  91439 386886 313596 360914
 357265 320242  54718 151055 357265 110542 268046 357265  93018 360914
 193919 106807 357265 306708 383513 357265  80586 188481 104776  78456
 108323 329447  54718 142348      0 193716  71488  54273 191474  74390
 324336  54718 193716 305158  43010 362896 151349 111836 390433 360914
 358159 117874 357265  14389 148224 377861 268046      0 389835 192973
  52261  60665 305181  60665 357265  80586 193923 148242 188481  77486
  54718 386642 188481 233708 268046 357265      0 224617 193716 174032
  43010 334692 126747 297112 186306  54718      0 357265 273500  93265
 192973 142346 358159 192973 357265 148224 269798 386473 309866  77779
 306148  60665  54273  45893 306694  54718 121796 336113  60665 207446
 281803 335397  77770 364238 394474  74651  43010 293109 125737  54718
 357265 329441 268046 371694 350042 193716 192973  43010 236241 281311
 154323 341874 360914 148533  60665 308118 178231 322011 387899 192973
 262350 220815 148444 222471      0  80586 357265 148224 270562 388710
 335397  54718 178231  60665 357809 364330 360914 202361  54718  84243
 357387 360914 357265 103327      0 360914 346475 149618 278468 357265
 111836 360914 122128 357265 192129 119606 120688 346955 163008 317045
 194605 263601 227574 299021 390931  72843  81628 186124 137651 193172
 309506 250044 296132 353167 327726 306391 383199 255747  90868 326585
 300836 101379 299875  85680  92261 166198  91504 110059 224417 103255]
