OriginalClass, 0
NewClass, 1
NumberWordsChanged, 6
WordPositions
244	245	246	247	248	249	
OldWordVectorPositions
[ 60665 388710  51582 268046  55217 148269 357265 348711 342772 268046
 357265 343909 188238 120339  43010 103049  54718 191784 277998 269798
 357265 277915 268046 357265 378765  43010 143954 357211 174032  95616
 108281 360914 357265 222715 288926 268046 179434 389835 123185  58997
 338796 388710 262350 248761 270970 142374      0 357265  97035 190316
 107153 128340 270970 146353 357265 148259 291386 360914 204679 357265
 378766  64331 154323 357353 274148 136534 306550  54718 190756 151421
 357387 360914 142902  54718 345194 357265  97035 186406 151349 357408
  60665  43010 306708 357265  45815 192973 371432  54718 188237  60665
 270811 360914 273957  54718 142873 357265  45830 320245  58997 325898
  74651 225289 191716 268046 108035 386431 357265 378765 192973  61273
 360914  71585  43010 277991 360914 277994  60665  54273  45893  88126
 292788 179434 270970 177103 274148 294520  60665 188481  43010 264802
 386431 357265 128966 306694 137938 269798 357265  63534 390446 360914
 294037  43010 355543 386431 357265 302222 187671  54859 278468 142808
 150387  55217 128966 306694 388746 179434 187656 179434 374207 268046
 357265 225289 329871 357265 225289 351989 357265 220033 274847 357265
 338796 123185 357211 174642  71585 179434 363464 192191 357265 378765
 360914 142808 357265 148224 154323 179434 270970 177103 281915 281957
  55217 374207 331639 360914  91590 248245 268046 178401 191051 307241
 360914 357265 263828 217055 268046 160411 158656 338189  54718 253590
 386423 175199  72481 357211 389822  90548 270201 351934 374020 336113
 144971 357265 253590  88126  55217 225289 359888 104924 135318      0
 294049 249714 357108 200035  43010 125132  65760  87775  71586 193923
  43010 128978 135301 268046 357265 343963  43010 217449 277915 268046]
NewWordVectorPositions
[ 60665 388710  51582 268046  55217 148269 357265 348711 342772 268046
 357265 343909 188238 120339  43010 103049  54718 191784 277998 269798
 357265 277915 268046 357265 378765  43010 143954 357211 174032  95616
 108281 360914 357265 222715 288926 268046 179434 389835 123185  58997
 338796 388710 262350 248761 270970 142374      0 357265  97035 190316
 107153 128340 270970 146353 357265 148259 291386 360914 204679 357265
 378766  64331 154323 357353 274148 136534 306550  54718 190756 151421
 357387 360914 142902  54718 345194 357265  97035 186406 151349 357408
  60665  43010 306708 357265  45815 192973 371432  54718 188237  60665
 270811 360914 273957  54718 142873 357265  45830 320245  58997 325898
  74651 225289 191716 268046 108035 386431 357265 378765 192973  61273
 360914  71585  43010 277991 360914 277994  60665  54273  45893  88126
 292788 179434 270970 177103 274148 294520  60665 188481  43010 264802
 386431 357265 128966 306694 137938 269798 357265  63534 390446 360914
 294037  43010 355543 386431 357265 302222 187671  54859 278468 142808
 150387  55217 128966 306694 388746 179434 187656 179434 374207 268046
 357265 225289 329871 357265 225289 351989 357265 220033 274847 357265
 338796 123185 357211 174642  71585 179434 363464 192191 357265 378765
 360914 142808 357265 148224 154323 179434 270970 177103 281915 281957
  55217 374207 331639 360914  91590 248245 268046 178401 191051 307241
 360914 357265 263828 217055 268046 160411 158656 338189  54718 253590
 386423 175199  72481 357211 389822  90548 270201 351934 374020 336113
 144971 357265 253590  88126  55217 225289 359888 104924 135318      0
 294049 249714 357108 200035  43010 125132  65760  87775  71586 193923
  43010 128978 135301 268046 112047 331356 264969 302332 295551 192519]
