OriginalClass, 0
NewClass, 0
NumberWordsChanged, 35
WordPositions
215	216	217	218	219	220	221	222	223	224	225	226	227	228	229	230	231	232	233	234	235	236	237	238	239	240	241	242	243	244	245	246	247	248	249	
OldWordVectorPositions
[154323 357265 142331  45815 268046  54273 143219 188357  93265 360914
 357265 191012 390449  54718 377945 298013 322255 154323 357265 218486
 101299 360914 357265  71421 253590 321937  88126  92805  87512 309813
 312314 268194  43010 300720 188481 251034 163745 142813 269953 357211
 192973 261147 188297 360914 148427 145731 388710 188481  57170  58999
 357639 174642  71814 326145 106195 229835 388710  83178 386473  90233
 272930 357265 316998 393301 388710  51582 130319 111503 360914 240286
 161142  83178 344925 239105  60665 361939 251645 268046  43010      0
  54718 291087 138304 360914 309337 309813 312314  60665 357265 207715
 268046 251034 185457 390138  92019 360914 323336 249714 357108 269889
 386494  83178 389912 173236 360914  71090  43010 325572 138304 309813
 312314 200035 165471 394474  54718  44811 394474 191811 193919 359626
 133578 343987 264550  43010 332394 320242 192973 383689 309813 312314
 108008 357265 281272  66984 268046 128978 355895  45830  54718 141816
 267397 183993 357265  97035  58997 385217      0 281283 108449 377746
  54718 233325 357211  54664 357387 188481 357353  63492 281429 325990
 155499 357809  58997 264550  92147 268046 164328  54718 141999  60665
 384373  51582 361939 268345 267266 188481 141816 247417 148224 151349
 142283 386494 384373 181581 357265 177444 309813 312314 292029 384373
 302343 179434 291277  58997 292998 268046 179434 274148 292167  54718
 325007 268046 181371 359839 311829 286468 269953 268046 357265 250392
 174342  65963 169754 188481 357265 179571 268046 101278 393704 357639
  58997 248245 386423 384373  90548 371425 182540 357265 141855 268046
 179434 222138 174642 327398 178965 191811  71587 386306 175199 192973
 309813 312314 136629  43010 221115 268046  97014 122455 357211 231492]
NewWordVectorPositions
[154323 357265 142331  45815 268046  54273 143219 188357  93265 360914
 357265 191012 390449  54718 377945 298013 322255 154323 357265 218486
 101299 360914 357265  71421 253590 321937  88126  92805  87512 309813
 312314 268194  43010 300720 188481 251034 163745 142813 269953 357211
 192973 261147 188297 360914 148427 145731 388710 188481  57170  58999
 357639 174642  71814 326145 106195 229835 388710  83178 386473  90233
 272930 357265 316998 393301 388710  51582 130319 111503 360914 240286
 161142  83178 344925 239105  60665 361939 251645 268046  43010      0
  54718 291087 138304 360914 309337 309813 312314  60665 357265 207715
 268046 251034 185457 390138  92019 360914 323336 249714 357108 269889
 386494  83178 389912 173236 360914  71090  43010 325572 138304 309813
 312314 200035 165471 394474  54718  44811 394474 191811 193919 359626
 133578 343987 264550  43010 332394 320242 192973 383689 309813 312314
 108008 357265 281272  66984 268046 128978 355895  45830  54718 141816
 267397 183993 357265  97035  58997 385217      0 281283 108449 377746
  54718 233325 357211  54664 357387 188481 357353  63492 281429 325990
 155499 357809  58997 264550  92147 268046 164328  54718 141999  60665
 384373  51582 361939 268345 267266 188481 141816 247417 148224 151349
 142283 386494 384373 181581 357265 177444 309813 312314 292029 384373
 302343 179434 291277  58997 292998 268046 179434 274148 292167  54718
 325007 268046 181371 359839 311829 286468 269953 268046 357265 250392
 174342  65963 169754 188481 357265 161776 169829 298963  83168  69001
 103245 234644 113498 263105 107453 358750 327986 323752 121591  90202
 108040 355862 181974 114071 332957 315509 202900 219432 132384 248191
 208252 230890  61788 363640  90436 229952 227690 160209 291201 307281]
