OriginalClass, 0
NewClass, 0
NumberWordsChanged, 35
WordPositions
215	216	217	218	219	220	221	222	223	224	225	226	227	228	229	230	231	232	233	234	235	236	237	238	239	240	241	242	243	244	245	246	247	248	249	
OldWordVectorPositions
[396188 357265 273127 383513 357265 148908 148224 229835  88126 193919
 177462 329005 203792 274148 292986 106170 358159 192973 281353 386983
 358159 192973  43010 334692 220836 138041 188481 357265 325549 358461
 193716 192973  88126 262350 239197 384382 273500 193716 355374 268046
 272881 177433 105730  45776 368320 363141 309337  81455  54718  43010
 254580 311107 176562 357265 288743  54718 154323 358159 325898 373316
 339603  43010 352136 136918 363538 379442  54718 262350 223830 191283
  51582 325741 373316 388710 217691 268046 357265 372942  87775 190704
 349750 357211 192973 269953 268046 357265 325549 363467 193716 192973
  43010 144304 291286 286789  54718 193716 250871 188481 373051 145412
  87775 193716 397665  52318 388710 345399  54718 192973 191290 345206
 357265 176559 311107 151349 142283 192973  43010 262453 190534 307353
  97014 373564 357265 139954 271173 388755  72182 275334  60665  43010
 366128 222467 270970 177444 148016 396188 179018 231492 269953 270970
 368320 246353  54718  94047 173593  88126 179434  45845 386500 357265
 313211 350361 154808 357265 142885 268046 357265 288743 193919  43010
 173833 389937 388710 269953 270970 368320 249714 379708 357108 142758
 248245 188481 357265 147978 358461 357964  59057  60665 312128  60665
 357809 110156  71090 329005 203792 367700 188481  43010 368709  83194
 281311  60665 396188 246698 388559 118226 333804  54718 389972 388710
  43010 346241 315103 325007 268046 381509 386494 336967 389835 105678
  52520 154323      0 244245  54718  54273 133901  67169 200331 261838
 217909 360914  57715  60665      0 347947 335663      0 188481 357265
 173013 365266  60665 357265 368320 231068  81455 188481 357265 148224
 357639 192973  52520  43010 164328 136534 367634 154323 394898 172025]
NewWordVectorPositions
[396188 357265 273127 383513 357265 148908 148224 229835  88126 193919
 177462 329005 203792 274148 292986 106170 358159 192973 281353 386983
 358159 192973  43010 334692 220836 138041 188481 357265 325549 358461
 193716 192973  88126 262350 239197 384382 273500 193716 355374 268046
 272881 177433 105730  45776 368320 363141 309337  81455  54718  43010
 254580 311107 176562 357265 288743  54718 154323 358159 325898 373316
 339603  43010 352136 136918 363538 379442  54718 262350 223830 191283
  51582 325741 373316 388710 217691 268046 357265 372942  87775 190704
 349750 357211 192973 269953 268046 357265 325549 363467 193716 192973
  43010 144304 291286 286789  54718 193716 250871 188481 373051 145412
  87775 193716 397665  52318 388710 345399  54718 192973 191290 345206
 357265 176559 311107 151349 142283 192973  43010 262453 190534 307353
  97014 373564 357265 139954 271173 388755  72182 275334  60665  43010
 366128 222467 270970 177444 148016 396188 179018 231492 269953 270970
 368320 246353  54718  94047 173593  88126 179434  45845 386500 357265
 313211 350361 154808 357265 142885 268046 357265 288743 193919  43010
 173833 389937 388710 269953 270970 368320 249714 379708 357108 142758
 248245 188481 357265 147978 358461 357964  59057  60665 312128  60665
 357809 110156  71090 329005 203792 367700 188481  43010 368709  83194
 281311  60665 396188 246698 388559 118226 333804  54718 389972 388710
  43010 346241 315103 325007 268046 381509 386494 336967 389835 105678
  52520 154323      0 244245  54718 105327  74959 120052  80540 145459
 116912 122238 111279 243059 223522  94794 183828 145840 237162 347700
 195796  98129  65128 335440 368953 176708 301733 211254 171008 358314
 370638 252512 126921 241697  70359 119517 350557 308004  44745 213470]
