OriginalClass, 0
NewClass, 1
NumberWordsChanged, 27
WordPositions
223	224	225	226	227	228	229	230	231	232	233	234	235	236	237	238	239	240	241	242	243	244	245	246	247	248	249	
OldWordVectorPositions
[357265 372190 342018 268046 208434 254258  61521 182387 268046 157111
 192973 357265 124750 118568 154323 286489 117720 232444  54718 193716
 192973  54273 133900  54718  62065 359970 348534 294569 358740 193716
 341860 222921 112553  60665  74456 294530 234333 151430 386886 118748
 360914 107195 357265 157028 386886 174032 129453 269953 268046 177103
 278753 360914 108031 346796 188481 126981 336113 327863 219190 357265
 315390  54718 105690 268046 177103 337306 271200 222138  72057  54718
 364357 128647 360914 379798 357265 226574 285908 182387 268046 157111
 357265 157028 244146 286407 142332  88126 198312 233549 367700 272930
 360914  71090 337306 327600  54718 328660 175199 268194      0  97014
  43010 118258 186645 327863 192973 387795 360914 333080 388710 178965
  62065  43010 157049  43010  75774 248489 157049 188481 357265  65833
 176378  90656 357265 278753 118546 357265  91900 157049 137809  54718
 337661 357265 294530  54718 357265 157028  58997 323431 360914  71090
 188481  43010 144696 222946 268046 389835 156429 357265 366207 268046
 272587  54718  43010 145390 304966  71959 386306 231492 182387 268046
 157111 191290  54718  54273 139904 378760 151349  57170 148224 144744
 192973 357265 107783 168571 268046 386886 192973 188481 108302 192973
 193716 357265 294530 270970 357265 107405 270970 192973 193716 357265
 385389 232536 268046 166369  78783 117720 232444 188481 182387 268046
 157111 357265 124748 192973 130591  54718 250392 268046 357265 359970
 149655  54718 372084 182573 188481 141941 117720 232444 148224 193716
 192973 357265 343963 386473 192973  95247 360914 357265 386896 292839
 264550 357265 124748 188481 182387 268046 157111 358159 328916 358801
 188481 277915 357160 360914 357265 347755 281316 154323 357265 368320]
NewWordVectorPositions
[357265 372190 342018 268046 208434 254258  61521 182387 268046 157111
 192973 357265 124750 118568 154323 286489 117720 232444  54718 193716
 192973  54273 133900  54718  62065 359970 348534 294569 358740 193716
 341860 222921 112553  60665  74456 294530 234333 151430 386886 118748
 360914 107195 357265 157028 386886 174032 129453 269953 268046 177103
 278753 360914 108031 346796 188481 126981 336113 327863 219190 357265
 315390  54718 105690 268046 177103 337306 271200 222138  72057  54718
 364357 128647 360914 379798 357265 226574 285908 182387 268046 157111
 357265 157028 244146 286407 142332  88126 198312 233549 367700 272930
 360914  71090 337306 327600  54718 328660 175199 268194      0  97014
  43010 118258 186645 327863 192973 387795 360914 333080 388710 178965
  62065  43010 157049  43010  75774 248489 157049 188481 357265  65833
 176378  90656 357265 278753 118546 357265  91900 157049 137809  54718
 337661 357265 294530  54718 357265 157028  58997 323431 360914  71090
 188481  43010 144696 222946 268046 389835 156429 357265 366207 268046
 272587  54718  43010 145390 304966  71959 386306 231492 182387 268046
 157111 191290  54718  54273 139904 378760 151349  57170 148224 144744
 192973 357265 107783 168571 268046 386886 192973 188481 108302 192973
 193716 357265 294530 270970 357265 107405 270970 192973 193716 357265
 385389 232536 268046 166369  78783 117720 232444 188481 182387 268046
 157111 357265 124748 192973 130591  54718 250392 268046 357265 359970
 149655  54718 372084 182573 188481 141941 117720 232444 148224 193716
 192973 357265 343963 299090 341119 228007 333649 164281 339945 344600
 121424 296038  72744 194649 360277 280969 234787 315068 115261 140104
 279667 331203  67941 355044  99687 300959 164872 244766 393026 372225]
