OriginalClass, 0
NewClass, 0
NumberWordsChanged, 35
WordPositions
215	216	217	218	219	220	221	222	223	224	225	226	227	228	229	230	231	232	233	234	235	236	237	238	239	240	241	242	243	244	245	246	247	248	249	
OldWordVectorPositions
[ 99228 333206      0  54718 366578 173559  43010  99212 160893 343963
  61214 154323  72182 269953 268046 357265 166402 390822 283983 148269
 141863 229835 192973  43010  71421  54718 310875 226278 343963  60665
 385217  60665  54273 188358 100009 235360  60474 148224 357211 329915
  72760 188481 141941 148224 226344 104990 357265 337827 246267 181249
 210649 348078 220793  98491 286468  43010 364343 354106 105005 386886
 339265 357265 261149  62065  43010 174538 355546 386494 342190  62065
 357265 355546 175199 239798  43010 105331  93265 268046  97035 357211
 188836 357265 349754 393864 390641 228983  54718 182832 182295 357265
 364527 122514  54718 357265  71421 160893 223676 332204 323431 286407
  88126 357265 226326 198344 389471 360914 153443 177103 154323 357265
 103322 268046 357265 141999 364527 122514 175199 253767 304655 177103
  79376  54718 364330 360914 357265 371496 360914 119250  54273 141816
 249714 290201 120607 137680 164328 357964  91041  71090 315709  44608
 358159 148224 357265 274847 192973 281272 388710  43010 166369 105576
 268046 310815  45830 144917  54718 183993  54718 357265 147461 274757
 148340 329915 219178 394474 388710 223830  96602 360914  83428 357265
  98032  74651 357265 389450 363543 198344 389471  54718 220793  98491
 386959 219705  92030 137041 251645 361939 337661 302352  52074 357265
 378765 360914 146344 151349  81562 268046 357387 189034 357265  45815
 269798 357265 386896 192973 336113 380051  54718 155017 268046 222138
 185457 390138 319690 358159 192973 269953 268046 357265 250392 155185
 378770 142813 194101 141863 170714 251645 268046 357265 111503 163634
 360914 390641 228983 188481 179434 289254 268046 357265 254580 349752
 393864 179434      0 281908 268046  43010 125307 349752 176378  73364]
NewWordVectorPositions
[ 99228 333206      0  54718 366578 173559  43010  99212 160893 343963
  61214 154323  72182 269953 268046 357265 166402 390822 283983 148269
 141863 229835 192973  43010  71421  54718 310875 226278 343963  60665
 385217  60665  54273 188358 100009 235360  60474 148224 357211 329915
  72760 188481 141941 148224 226344 104990 357265 337827 246267 181249
 210649 348078 220793  98491 286468  43010 364343 354106 105005 386886
 339265 357265 261149  62065  43010 174538 355546 386494 342190  62065
 357265 355546 175199 239798  43010 105331  93265 268046  97035 357211
 188836 357265 349754 393864 390641 228983  54718 182832 182295 357265
 364527 122514  54718 357265  71421 160893 223676 332204 323431 286407
  88126 357265 226326 198344 389471 360914 153443 177103 154323 357265
 103322 268046 357265 141999 364527 122514 175199 253767 304655 177103
  79376  54718 364330 360914 357265 371496 360914 119250  54273 141816
 249714 290201 120607 137680 164328 357964  91041  71090 315709  44608
 358159 148224 357265 274847 192973 281272 388710  43010 166369 105576
 268046 310815  45830 144917  54718 183993  54718 357265 147461 274757
 148340 329915 219178 394474 388710 223830  96602 360914  83428 357265
  98032  74651 357265 389450 363543 198344 389471  54718 220793  98491
 386959 219705  92030 137041 251645 361939 337661 302352  52074 357265
 378765 360914 146344 151349  81562 268046 357387 189034 357265  45815
 269798 357265 386896 192973 336113 380051  54718 155017 268046 222138
 185457 390138 319690 358159 192973 132039 303650  63605  60365  97243
  57386 172825 348124 367136 210409 270917 246388  80571 278778 110188
 161489  66031 334707 352765 339258 315430 279554 312721 202820 265602
 213496 118210 193139 368038 353331 371015 133975 199586 209511 373493]
