OriginalClass, 0
NewClass, 0
NumberWordsChanged, 35
WordPositions
215	216	217	218	219	220	221	222	223	224	225	226	227	228	229	230	231	232	233	234	235	236	237	238	239	240	241	242	243	244	245	246	247	248	249	
OldWordVectorPositions
[ 43010 178764  54718 190608 281957 268046 357265 117570 389937 192973
 289256 188481 358159 268074  71297 105647  88126 148908 359888      0
 282257 228656 104574 357265 343963 371781  60665 357265 152427 231875
 293785 239785 384731  62065 357265 224573 124366 360914 107046  44608
 357353 117570 389154 384373 239785  82572  43010      0 382772 286398
 388710  43010      0  54718 327600 361835 396448  43010 114659 325033
 390422 198626  43010 326301 281737 260760 169725 388710  54273  47523
 151349 172466 111430  54718 236307  54718 138936 357265 235191 169725
 386886  98243 179434 384731 136928 388710 179434 332394 154060 188481
 181581 151349 337258 137584 360914 179434  81044  54718  67745 235191
 142634 357265 364938  54718 365010 268046 357265 241045 332394 223999
 188481 259972 394336  58997  54225 142970 245828 357211 268046 326240
 188481 357265 101722  54718 175112 259972 105647 357265 244950 268046
 235191 232536  54718  84236  54273  61990 222292 360914 319991 357265
 343963 351989  43010 368283  60665 357265 358548 332520 239785      0
 286407  88126  53040      0  51582 144545 151349 177103 327863 323323
 357387 132276 388710 177103 370878  44430 360914 107162 360914 357265
 281923 357809 142575 386423 357809 105625 360914 302343 357809 174642
  51582 241974  54718 144566 188481 226278 388710 357265 316998 389400
 357809 100074 177103 273428 357353 154061 386541 192973  43010 302329
 289254 268046 357265 117570 389937 269953 357211 357265 112062 144214
 360914 302989 188481 285994 217055 357809 246267 357265 287479 357265
 293785 177231  58997  92147 268046 302292 280944 357265 142260  58997
 185274 246698 319015  54718 183966  54718  58997 264550 360914  71090
 351972  60665 325574  60665 357265 112062 125479 346714 323336 358159]
NewWordVectorPositions
[ 43010 178764  54718 190608 281957 268046 357265 117570 389937 192973
 289256 188481 358159 268074  71297 105647  88126 148908 359888      0
 282257 228656 104574 357265 343963 371781  60665 357265 152427 231875
 293785 239785 384731  62065 357265 224573 124366 360914 107046  44608
 357353 117570 389154 384373 239785  82572  43010      0 382772 286398
 388710  43010      0  54718 327600 361835 396448  43010 114659 325033
 390422 198626  43010 326301 281737 260760 169725 388710  54273  47523
 151349 172466 111430  54718 236307  54718 138936 357265 235191 169725
 386886  98243 179434 384731 136928 388710 179434 332394 154060 188481
 181581 151349 337258 137584 360914 179434  81044  54718  67745 235191
 142634 357265 364938  54718 365010 268046 357265 241045 332394 223999
 188481 259972 394336  58997  54225 142970 245828 357211 268046 326240
 188481 357265 101722  54718 175112 259972 105647 357265 244950 268046
 235191 232536  54718  84236  54273  61990 222292 360914 319991 357265
 343963 351989  43010 368283  60665 357265 358548 332520 239785      0
 286407  88126  53040      0  51582 144545 151349 177103 327863 323323
 357387 132276 388710 177103 370878  44430 360914 107162 360914 357265
 281923 357809 142575 386423 357809 105625 360914 302343 357809 174642
  51582 241974  54718 144566 188481 226278 388710 357265 316998 389400
 357809 100074 177103 273428 357353 154061 386541 192973  43010 302329
 289254 268046 357265 117570 389937 269953 357211 357265 112062 144214
 360914 302989 188481 285994 217055 364859 248111 248474 288827  69862
  63349 254283 147855 273583 355931 112878  52607 262138 132101 175091
  87720 185666 111000  71535 313006 373380 184533 233775  94191 397645
 211857 312486 175182  47121 326225 133715 234390 213975 288922 145573]
