OriginalClass, 0
NewClass, 0
NumberWordsChanged, 35
WordPositions
215	216	217	218	219	220	221	222	223	224	225	226	227	228	229	230	231	232	233	234	235	236	237	238	239	240	241	242	243	244	245	246	247	248	249	
OldWordVectorPositions
[166822      0  53504 148224 118568 192973  54273  54421 268046 182540
 272881 223999  90548  71090 349483 268074 110542  88126 145557  54718
 272881  45845  60665 188481  43010 362534  94053 374020 360914 225942
  43010 277915 268046 272900  52318 357265 384121 166822 286468 220540
  43010 288743 279724 161844 188481 226278 388710 308069      0  97014
 127406 299017  43010 216818 308069 192973 188481 226278 388710 177103
 361939  87775 192973 361939 132569 189768  88126 179434 127313 250482
 220540 137189 373316 180953  54718 364357 360914 277561 386431 327863
  71586  43010 144738 270592 332356  54718 122463 357265 306148 151349
  72182  43010 225689 389400 188481 302334 277915 268046 177103  62776
 192973  77252 273428      0  43798 327863 307037 360914 177103 180883
 360914 379798 177103 144715  54718 141859 107201 299017 348535 262350
 269953 209677 357211 328475 357265 144738 215204      0  54718 157609
  45915 373316 177103 310672  60665 357265 125940 327863 366128 383513
  54718 301792 292507 388710 346372 108564 174505 188481 177103 217909
 289255 308069 109657 305258 269953  43010 225985 268046 375362 188481
 225650 188481 358159 277915  54718 175199 383513 167433 360914  71090
  43010 375362 103008  88126 242722 358461 175199 259914 358463 175199
 110156  71090 188481 302334  54718 175199 383513 308561 175199 192973
  72475 188481  54273 373069 277915  60665  43010 384382 387721 232399
  82265  54718  52074 179018 360914  48003 302330  87775 105713  62065
 357265 136979 268046 357265 251034 175199 144223 360914 387967 220540
 386423 327863 307037 180883  54718 217909 386423 175199 151063 177103
 179434 110500 192973 371337 358159 251034 192973  71422 329853 388710
  84181 343913 325303  54718 357265 325965 121183 338681  62065 357265]
NewWordVectorPositions
[166822      0  53504 148224 118568 192973  54273  54421 268046 182540
 272881 223999  90548  71090 349483 268074 110542  88126 145557  54718
 272881  45845  60665 188481  43010 362534  94053 374020 360914 225942
  43010 277915 268046 272900  52318 357265 384121 166822 286468 220540
  43010 288743 279724 161844 188481 226278 388710 308069      0  97014
 127406 299017  43010 216818 308069 192973 188481 226278 388710 177103
 361939  87775 192973 361939 132569 189768  88126 179434 127313 250482
 220540 137189 373316 180953  54718 364357 360914 277561 386431 327863
  71586  43010 144738 270592 332356  54718 122463 357265 306148 151349
  72182  43010 225689 389400 188481 302334 277915 268046 177103  62776
 192973  77252 273428      0  43798 327863 307037 360914 177103 180883
 360914 379798 177103 144715  54718 141859 107201 299017 348535 262350
 269953 209677 357211 328475 357265 144738 215204      0  54718 157609
  45915 373316 177103 310672  60665 357265 125940 327863 366128 383513
  54718 301792 292507 388710 346372 108564 174505 188481 177103 217909
 289255 308069 109657 305258 269953  43010 225985 268046 375362 188481
 225650 188481 358159 277915  54718 175199 383513 167433 360914  71090
  43010 375362 103008  88126 242722 358461 175199 259914 358463 175199
 110156  71090 188481 302334  54718 175199 383513 308561 175199 192973
  72475 188481  54273 373069 277915  60665  43010 384382 387721 232399
  82265  54718  52074 179018 360914  48003 302330  87775 105713  62065
 357265 136979 268046 357265 251034 106695  65555 241665 165332  99497
  60859 289092 265022 191837 242115 231567 234667 373397 199289 122671
 159047 384549 280644 376396 329371 154801 203848 226543 203023 360069
 320992 356857 371844 364648  70403 157678 316537 225442 388873 203187]
