OriginalClass, 0
NewClass, 1
NumberWordsChanged, 6
WordPositions
244	245	246	247	248	249	
OldWordVectorPositions
[148908 358159 383513  43010  83176 148224 194101 323431 192896  54718
  90548 371425 357265 106195 182573 185457  90964  71950 360914 371425
 357265 280944      0 364249 358159 148224 185457  90548 323336 182540
 357265 136979 237383 174642 105625 268074 143217  87775 186309  71090
 228250 186645 185457 123557 319690 185457 388589 357211 141941 169725
 386958 141863 151413  43010 389400 191811 326240 121795 142250 386306
 195845 164934 108418 193716 123557 337188  57189 270970 231458  57189
  74597  54718 357265 143954 357211 357265 148224 126852 291960 360914
 192973 386306 229835 239105  57890 193716 357265 105851 292469 360914
 358159 269953  89857 357265 148224 278702  54718 101979 262350  46922
 390138 343128 388710 185457  95616 123517  54718 191064 187631  19410
 393334 269062 357265 384121 357265 148224 128913 229835 193716 302329
 360914 239105 280944 174642  71585 336113 374167 360914 143297  90792
  54718 145460 274757 286799 269798 322171 357211 186645 394474  61257
 357387 360914 106693 361939 225289 269798 269953  83910 188481 357265
 152395 268046  43010 148224 264550 270201 126552 357809 225942 191283
 357809 120600 386314 174032  71814  86377  54718  89824 193716 312691
 386423 188481  45924 193919 357353 215502 268046 278749  54718 106439
 357211 258481 148444 367292  54718 264550 357265 292984 268046  43010
 111460 244950 346372  60665 352177      0 311359 117860 125541 357265
 265574 268046      0 149799 185457 357969 327863 289256 237388 290807
  54718 289455  61569 388710 166369 132558  54718 357265 363984  74651
 357265 368320 192973  54273  45794 185457 300708 141863 323336 127491
 385217 268345 359970 251645 222471 357265 148269  48987  62065 354802
 241110 188481 357265 292469 105851 357265 133907 268046 300574  58997]
NewWordVectorPositions
[148908 358159 383513  43010  83176 148224 194101 323431 192896  54718
  90548 371425 357265 106195 182573 185457  90964  71950 360914 371425
 357265 280944      0 364249 358159 148224 185457  90548 323336 182540
 357265 136979 237383 174642 105625 268074 143217  87775 186309  71090
 228250 186645 185457 123557 319690 185457 388589 357211 141941 169725
 386958 141863 151413  43010 389400 191811 326240 121795 142250 386306
 195845 164934 108418 193716 123557 337188  57189 270970 231458  57189
  74597  54718 357265 143954 357211 357265 148224 126852 291960 360914
 192973 386306 229835 239105  57890 193716 357265 105851 292469 360914
 358159 269953  89857 357265 148224 278702  54718 101979 262350  46922
 390138 343128 388710 185457  95616 123517  54718 191064 187631  19410
 393334 269062 357265 384121 357265 148224 128913 229835 193716 302329
 360914 239105 280944 174642  71585 336113 374167 360914 143297  90792
  54718 145460 274757 286799 269798 322171 357211 186645 394474  61257
 357387 360914 106693 361939 225289 269798 269953  83910 188481 357265
 152395 268046  43010 148224 264550 270201 126552 357809 225942 191283
 357809 120600 386314 174032  71814  86377  54718  89824 193716 312691
 386423 188481  45924 193919 357353 215502 268046 278749  54718 106439
 357211 258481 148444 367292  54718 264550 357265 292984 268046  43010
 111460 244950 346372  60665 352177      0 311359 117860 125541 357265
 265574 268046      0 149799 185457 357969 327863 289256 237388 290807
  54718 289455  61569 388710 166369 132558  54718 357265 363984  74651
 357265 368320 192973  54273  45794 185457 300708 141863 323336 127491
 385217 268345 359970 251645 222471 357265 148269  48987  62065 354802
 241110 188481 357265 292469 353900 189248 195220  65413 219536 286657]
