OriginalClass, 0
NewClass, 1
NumberWordsChanged, 17
WordPositions
233	234	235	236	237	238	239	240	241	242	243	244	245	246	247	248	249	
OldWordVectorPositions
[154323  43010 247417 325023 193919 337304 173236 360914 383735 269089
 148269 193919  55915 360914 174642 360914 383735 357265 342931 382719
 221786 174642 360914 351934 268074 177103 162344  54718  71585 292006
  54718 345296 360914 387967  43010 232536 139731 346372  43010 327057
  54718 188916 232536 177661 267359  43010 286410 185457 390143 366207
 178965 360914 342180 366080 360914 177103 386886 126852 383067 360914
 325993 128527 386886 270201 225650  62065 130637  62805 389422  54718
  52879  89943 357387  65526 186203 141816  47798 327863 362775  96737
 177103  57716  54718 177103 222138 151349 178965 175199 270201 163634
 360914 177103  47798 177661 348226 304880  88126  56041 389400  54718
 219119 357211 107474 339275  51582 177103 248489 305626  43010  79061
 151349 178965 185457 383071 177103 360914 341439 373316 360914 178965
 264550 278703  97352  47798 178965 179434 346472 108421 388746  43010
 147468 245571 383513 362775 372706  54718 123517 264550 389835 151349
 239105  57350 154323 357211 346041 185457 123517 222471 357265 251034
 182540  90548 394474 264550 222471 315799 116588 388710 132276 272583
 394474  90548 355344 357809 385663 154323 317286 153003 114975 357265
 304436 116552 383513 166369 383752 161613 310461 295595 144545 188481
  54718 272930 268046 357265 109476 342881 383513 166369 357265 217787
 116552 320242 143869 357265 253590 388710 357265  71421 109975  54718
 357265  60228 118863 325898 383513  71421  54718 185457 302352 137551
 384373 319557 357265 322568 358461 357809 123517 374162 193716  43010
 147468 361939 233708 359970  60665 186645 357809 302344 193716 383513
 357353  74390 337464  57194 357265 286789 383513  43010  77162 384382
 222471 250392 253611 188010  54718 357265 337509 385663 268745  87775]
NewWordVectorPositions
[154323  43010 247417 325023 193919 337304 173236 360914 383735 269089
 148269 193919  55915 360914 174642 360914 383735 357265 342931 382719
 221786 174642 360914 351934 268074 177103 162344  54718  71585 292006
  54718 345296 360914 387967  43010 232536 139731 346372  43010 327057
  54718 188916 232536 177661 267359  43010 286410 185457 390143 366207
 178965 360914 342180 366080 360914 177103 386886 126852 383067 360914
 325993 128527 386886 270201 225650  62065 130637  62805 389422  54718
  52879  89943 357387  65526 186203 141816  47798 327863 362775  96737
 177103  57716  54718 177103 222138 151349 178965 175199 270201 163634
 360914 177103  47798 177661 348226 304880  88126  56041 389400  54718
 219119 357211 107474 339275  51582 177103 248489 305626  43010  79061
 151349 178965 185457 383071 177103 360914 341439 373316 360914 178965
 264550 278703  97352  47798 178965 179434 346472 108421 388746  43010
 147468 245571 383513 362775 372706  54718 123517 264550 389835 151349
 239105  57350 154323 357211 346041 185457 123517 222471 357265 251034
 182540  90548 394474 264550 222471 315799 116588 388710 132276 272583
 394474  90548 355344 357809 385663 154323 317286 153003 114975 357265
 304436 116552 383513 166369 383752 161613 310461 295595 144545 188481
  54718 272930 268046 357265 109476 342881 383513 166369 357265 217787
 116552 320242 143869 357265 253590 388710 357265  71421 109975  54718
 357265  60228 118863 325898 383513  71421  54718 185457 302352 137551
 384373 319557 357265 322568 358461 357809 123517 374162 193716  43010
 147468 361939 233708 359970  60665 186645 357809 302344 193716 383513
 357353  74390 337464 230747 321052  70313 307996 349232 112856 287880
  77715 341591 357832  86997  76255 182731 389330 372989 315354 138110]
