OriginalClass, 0
NewClass, 0
NumberWordsChanged, 35
WordPositions
215	216	217	218	219	220	221	222	223	224	225	226	227	228	229	230	231	232	233	234	235	236	237	238	239	240	241	242	243	244	245	246	247	248	249	
OldWordVectorPositions
[386423 280944 264963 175425 268046  43010  14077 128966 357809 374386
  57715 360914 111448  43010 125728 268046 192816 101982 357211 193919
  56041 354516 388710 166369 341860 188481 357265 218947 268046 363543
 240304 310681 358159 270692 182573 126848 264550 306287 259123 251057
 188481 278014 358159 269953 124744  88126 110224 227019 379718      0
  60665 179434 118568 269889  95143  54718 269889  98242  60665 258200
  43010 302329 236253 192973 343256 226298  88126 337258 280944  54718
 344864 112057  88126 272587 357265 108226 270694  44608 357265 148224
 357211 174642  57718 188481 357760  35176 393334 323420 360914 174642
  71814  94044  88126 357265 108067 268046 357265 251034 193923 142348
 108323 151349 247417 359970  60665 385217  60665 357265 278468  62065
 357265 316998 359888 386494  72182  69725 269798 357265 264802  88126
 195355 228656  89420 357265 289728  52879 308945 368207 193716 192973
 269953 268046 357265 250392 159709 322171  46128 386431 124763 305158
 179434 274148 345399 378760 179434 274148  60228 185457 174642 323431
 357265 148224 368207  54718 357265 323024 378770 219383 239105 360914
 377945 122129  54431 277915 268046 386473 186309 222471 360914 137819
  72786 148908      0 251034 323430 360914 362866  51582 294577  54718
  45845 357211 280944 237383 126552 188481 222138 188481 278014 358451
  44804  88126 121872 357760 280944 231458 346372 363543 118793 188481
 339692 268046 356325 107617 357809  58997  81901 360914 143869 161659
 236157 161887  43010 364338 388710  71228 222471 329924 367700 373316
  62065 357265 112497 268046  43010 250665 258155 147113  54718 137882
 357265 354018  52673 233708 280944 163237 357639 360914 174642  43010
 239156 161659 267462 360914 160418 337301 249714 251645 249714 357265]
NewWordVectorPositions
[386423 280944 264963 175425 268046  43010  14077 128966 357809 374386
  57715 360914 111448  43010 125728 268046 192816 101982 357211 193919
  56041 354516 388710 166369 341860 188481 357265 218947 268046 363543
 240304 310681 358159 270692 182573 126848 264550 306287 259123 251057
 188481 278014 358159 269953 124744  88126 110224 227019 379718      0
  60665 179434 118568 269889  95143  54718 269889  98242  60665 258200
  43010 302329 236253 192973 343256 226298  88126 337258 280944  54718
 344864 112057  88126 272587 357265 108226 270694  44608 357265 148224
 357211 174642  57718 188481 357760  35176 393334 323420 360914 174642
  71814  94044  88126 357265 108067 268046 357265 251034 193923 142348
 108323 151349 247417 359970  60665 385217  60665 357265 278468  62065
 357265 316998 359888 386494  72182  69725 269798 357265 264802  88126
 195355 228656  89420 357265 289728  52879 308945 368207 193716 192973
 269953 268046 357265 250392 159709 322171  46128 386431 124763 305158
 179434 274148 345399 378760 179434 274148  60228 185457 174642 323431
 357265 148224 368207  54718 357265 323024 378770 219383 239105 360914
 377945 122129  54431 277915 268046 386473 186309 222471 360914 137819
  72786 148908      0 251034 323430 360914 362866  51582 294577  54718
  45845 357211 280944 237383 126552 188481 222138 188481 278014 358451
  44804  88126 121872 357760 280944 231458 346372 363543 118793 188481
 339692 268046 356325 107617 357809  58997  81901 360914 143869 161659
 236157 161887  43010 364338 388710  76961 134723  59598 317028 315511
 127246 295633 203864 292046 372776 170357  80258  73918 167125  72245
 160000  93849 362973 393008 232038  49571 158051 134546 260607 386665
  53820 394940 334441 115359 298929 205162  72254 296960 202277  69960]
