OriginalClass, 0
NewClass, 1
NumberWordsChanged, 26
WordPositions
224	225	226	227	228	229	230	231	232	233	234	235	236	237	238	239	240	241	242	243	244	245	246	247	248	249	
OldWordVectorPositions
[173407 299866 173407 212524 383513 357265  75824 179580 251034 268046
  14467 148242  52261 137938 188481 203691 357265  91339 268046 259147
 357265 251034 121186 264550 270201 388710 357265 357397 268046  43010
  84723 144715  87775  52520  43010 304966  74651  43010  84998  54718
  43010 333050  60665 385217  60665 129721  54718 357265 179239 251021
 386473 229835 233708 280944 357969 357211 193716 192214 357265      0
 357265 251021 151349 212524 107572 357265 251034  71959 388710 320245
 268046 129721  54718  72182 189841 357211 357265 389400 116588 188481
 154357 192973 357265 256750 333050 163745  65680 360914 357265 278468
 357265  84998  54718 333050  58997 173073 286442  59937 357265 182387
 270201 360914 175425 357353 277483  59192 358159 337661 218983 360914
  43010 339801 188481 357265 144715 357265  84998 163634 388710 357265
 250482  54718 357265 333050 388710 357265 145583  60665 393334 278340
 357265  84998 163634 188481 322768 268046 179434 333050  54718 192973
 189841 357211 327863 262350 225401 223999 388710 357265 145583  54718
 357211 327863 174032 251017 360914 259147 177231 290677 357265  84998
 264550 270201 148441 226278  87775 175199  52520 148441 179434 333050
 195571  87775 175199 148441 272930 357211 327863 192973 264550 270201
 188481 357265 390469 106170 268046 154060  87775 192973  52520 269798
 129721  60665 327863 383080 360914  78339  51582 240772 268046 177103
 278468 388710 176551 268046 327339 179434 226278 357265  84998 365140
 360914 160418 179434 333050  64331 154323  51582 358159  87775 174032
 360914 273567 233708 267299 188839 280944 386886 343803 360914  51582
 337936 268046 221134 360914 343811 178965 358159 192973  43010 252382
  93265 251034  54718 192973 219383  88126 357265 124763  54718 292972]
NewWordVectorPositions
[173407 299866 173407 212524 383513 357265  75824 179580 251034 268046
  14467 148242  52261 137938 188481 203691 357265  91339 268046 259147
 357265 251034 121186 264550 270201 388710 357265 357397 268046  43010
  84723 144715  87775  52520  43010 304966  74651  43010  84998  54718
  43010 333050  60665 385217  60665 129721  54718 357265 179239 251021
 386473 229835 233708 280944 357969 357211 193716 192214 357265      0
 357265 251021 151349 212524 107572 357265 251034  71959 388710 320245
 268046 129721  54718  72182 189841 357211 357265 389400 116588 188481
 154357 192973 357265 256750 333050 163745  65680 360914 357265 278468
 357265  84998  54718 333050  58997 173073 286442  59937 357265 182387
 270201 360914 175425 357353 277483  59192 358159 337661 218983 360914
  43010 339801 188481 357265 144715 357265  84998 163634 388710 357265
 250482  54718 357265 333050 388710 357265 145583  60665 393334 278340
 357265  84998 163634 188481 322768 268046 179434 333050  54718 192973
 189841 357211 327863 262350 225401 223999 388710 357265 145583  54718
 357211 327863 174032 251017 360914 259147 177231 290677 357265  84998
 264550 270201 148441 226278  87775 175199  52520 148441 179434 333050
 195571  87775 175199 148441 272930 357211 327863 192973 264550 270201
 188481 357265 390469 106170 268046 154060  87775 192973  52520 269798
 129721  60665 327863 383080 360914  78339  51582 240772 268046 177103
 278468 388710 176551 268046 327339 179434 226278 357265  84998 365140
 360914 160418 179434 333050  64331 154323  51582 358159  87775 174032
 360914 273567 233708 267299 298678  81792 143299  47816 140291 365204
 395132 261596 370191 266577 270485 214723  72119 242541 214502 205517
 382672 321461 362724 229839 269265 193790 222580 106095 368747 294069]
