OriginalClass, 0
NewClass, 1
NumberWordsChanged, 24
WordPositions
226	227	228	229	230	231	232	233	234	235	236	237	238	239	240	241	242	243	244	245	246	247	248	249	
OldWordVectorPositions
[ 60665 185457 371425 193716  47798 357265  99212 361952 273428 181249
 210649 357265 189587  93522  21828 181249 210649 251057 207715 268046
 124902  62065 219145 373139 264937  54718 386306  54273  53201 251034
 358159 269953 192973 185457 209468 193716 383513  43010 311988 111836
 128966 163745 188481  87775  72182 357265 148908  93522  21828 194101
 295456 357225  71814 229835 302802 185457 383632 348373 386306 360914
 142750  43010  90194 179639 163634 360914 181249 210649 360914 209576
 268074 357265 387353 268046  43010 199376 386886 192973  52520  43010
 218608 367700 272930 357265 199376 229835 357265  60019 151349 357265
 179639  71494 327863 383513 126092 357265 199376  54718 358540 360914
 351934  51582 179434 248489 358159 192973  51582 209675 388746 357265
 148908 355616 245571 336113 264612 192973  72182 162058  64331  47798
 357265 179580 357265 108858 224607 357265 179639 292006 145460  87775
 188481 366273 360914  60053 178965 326145 287768 268217  54718 101833
  58997 207441 175199 135947 357265 287768  54718 264937 357265 298478
 192973 269798 360914  93656 357265 169725  71895 175199 139409  65680
 360914  90193 358159 192973  43010 251034 357211 259914 343846  54718
 173357 162064 357265 378765  43010  96602 360914  93656 357353  83421
 393657 193716 192973 377945 379445  54718 191039 233708 108858  58997
 207441  60665 357265 179639 294033 377945 377945 173236 360914 363394
  54718 351934 128527 386423 357809 126552 224607 178965  52318 357265
 384121 357265 179639 188481 366273 360914 178265 188481  43010 130701
 148441  43010 389422  72182 300575  54718 246381  88126 337258 232536
 175199 176573 177103  54718 319435 177103 154323 357265 169725  54718
 327863 281976 357265 179639 360914 351934 177103  52318 388710 178965]
NewWordVectorPositions
[ 60665 185457 371425 193716  47798 357265  99212 361952 273428 181249
 210649 357265 189587  93522  21828 181249 210649 251057 207715 268046
 124902  62065 219145 373139 264937  54718 386306  54273  53201 251034
 358159 269953 192973 185457 209468 193716 383513  43010 311988 111836
 128966 163745 188481  87775  72182 357265 148908  93522  21828 194101
 295456 357225  71814 229835 302802 185457 383632 348373 386306 360914
 142750  43010  90194 179639 163634 360914 181249 210649 360914 209576
 268074 357265 387353 268046  43010 199376 386886 192973  52520  43010
 218608 367700 272930 357265 199376 229835 357265  60019 151349 357265
 179639  71494 327863 383513 126092 357265 199376  54718 358540 360914
 351934  51582 179434 248489 358159 192973  51582 209675 388746 357265
 148908 355616 245571 336113 264612 192973  72182 162058  64331  47798
 357265 179580 357265 108858 224607 357265 179639 292006 145460  87775
 188481 366273 360914  60053 178965 326145 287768 268217  54718 101833
  58997 207441 175199 135947 357265 287768  54718 264937 357265 298478
 192973 269798 360914  93656 357265 169725  71895 175199 139409  65680
 360914  90193 358159 192973  43010 251034 357211 259914 343846  54718
 173357 162064 357265 378765  43010  96602 360914  93656 357353  83421
 393657 193716 192973 377945 379445  54718 191039 233708 108858  58997
 207441  60665 357265 179639 294033 377945 377945 173236 360914 363394
  54718 351934 128527 386423 357809 126552 224607 178965  52318 357265
 384121 357265 179639 188481 366273 360914 178265 188481  43010 130701
 148441  43010 389422  72182 300575  54718 236285 331775 127012 138053
 214296 228197 181828 149958 114362 143174 161089 241334  52926 134045
 276648 241289 232505 119691 190049 272184  96476 336401 110372 344572]
