OriginalClass, 0
NewClass, 1
NumberWordsChanged, 12
WordPositions
238	239	240	241	242	243	244	245	246	247	248	249	
OldWordVectorPositions
[177103 118226 309337  14980 341856 173822 172230  55847 289987 223527
 395888 361676 179151 348641 124538 310793 230155 309866  88542      0
 114975 214884  54803 387759  77755 322740  83989 309903 116235 387510
 149198 116152 154604 341406 204972 118502 179974 117720 220439 225909
 222843 100483 207933  54241 277854 240470 348917 238011 299852 387525
  49932 387377 196660      0 117109      0 195355 174938 322181 116519
 379351  45893 173822 172230 268046 215204 218524 144680 102194 268046
 357265 360559  54718 272583 148269 323430 281283  93265 188481 358159
 222218 368668 148224 124744  88126 195355 174938  54718 305007 188481
  14980 175199  54718 179434 387353 223527 308981 390138 217909 389835
 269798  43010 148224  44608 326240  46206 177103 118226 309337 192973
  62065 148908 162260 332007 360914 357265  74597 209675 180682  82249
 179580 145540  62803 188481 309337 173073 235191 110481 197733  54718
 212512 216923 251014 191811  43010 259972 180883 188481 357265 368710
  71421 346278 357809 174642 357265 323427 281272 235187 357809  58997
 119171 188481 226278 121972  43010 312171 222216  87775 357411  43010
 254580  46693 325965 177103 143346 269798 197733 177103 186407 192973
 259914 307134 121972  54273  62696  88126 197733  54718 141816 192134
 360914 125117 386886 327863 192973 327863 107807 173167 197733 358801
 283483  89943  54718 220962 179434 235187 258200 150380  60665 179434
 387353  71959 360914 357969 177661 174695  54273  47476  54718 366273
 360914 110707 193716 373316 386494 173822 172230  55847 289987  54718
 357265 306581 268046 357265  93265 223527 395888 361676 179151 348641
 124538 310793 230155 309866  88542      0 114975 214884  54803 387759
  77755 132276 323420 360914  71090 344147 272930 268046  43010 336140]
NewWordVectorPositions
[177103 118226 309337  14980 341856 173822 172230  55847 289987 223527
 395888 361676 179151 348641 124538 310793 230155 309866  88542      0
 114975 214884  54803 387759  77755 322740  83989 309903 116235 387510
 149198 116152 154604 341406 204972 118502 179974 117720 220439 225909
 222843 100483 207933  54241 277854 240470 348917 238011 299852 387525
  49932 387377 196660      0 117109      0 195355 174938 322181 116519
 379351  45893 173822 172230 268046 215204 218524 144680 102194 268046
 357265 360559  54718 272583 148269 323430 281283  93265 188481 358159
 222218 368668 148224 124744  88126 195355 174938  54718 305007 188481
  14980 175199  54718 179434 387353 223527 308981 390138 217909 389835
 269798  43010 148224  44608 326240  46206 177103 118226 309337 192973
  62065 148908 162260 332007 360914 357265  74597 209675 180682  82249
 179580 145540  62803 188481 309337 173073 235191 110481 197733  54718
 212512 216923 251014 191811  43010 259972 180883 188481 357265 368710
  71421 346278 357809 174642 357265 323427 281272 235187 357809  58997
 119171 188481 226278 121972  43010 312171 222216  87775 357411  43010
 254580  46693 325965 177103 143346 269798 197733 177103 186407 192973
 259914 307134 121972  54273  62696  88126 197733  54718 141816 192134
 360914 125117 386886 327863 192973 327863 107807 173167 197733 358801
 283483  89943  54718 220962 179434 235187 258200 150380  60665 179434
 387353  71959 360914 357969 177661 174695  54273  47476  54718 366273
 360914 110707 193716 373316 386494 173822 172230  55847 289987  54718
 357265 306581 268046 357265  93265 223527 395888 361676 179151 348641
 124538 310793 230155 309866  88542      0 114975 214884 359986  72270
 213770 161999 327474 123498 372463 183575 139141 364429 327109  83934]
