OriginalClass, 0
NewClass, 0
NumberWordsChanged, 35
WordPositions
215	216	217	218	219	220	221	222	223	224	225	226	227	228	229	230	231	232	233	234	235	236	237	238	239	240	241	242	243	244	245	246	247	248	249	
OldWordVectorPositions
[176988 151233 348532 239105 185457 123557 142750 193716 360914 137883
  54718  54218  60665 385217 270970  60665 344864  60665 193716 123517
 145893 167073 108155 360914 348531 188481 357211 193716 294049 336967
 108150 360914  43010 343963 357211 323430 264550 360914 258451 193716
 269889 357265 378765 383746 357265 148908  17044 245571 268046 357265
 251034 182573 193716  71586  78239  64317 357211 358159 192973 269953
 268046 357265  74390 325297 360914  84181 189189 148224  62065 219145
  60665 164328  60665 161613 335703  65680 186645 264550  74597 185457
  52943  43010 223830 124906 357211 196660      0 277915 192973 336113
 335128  87775 187631 173081 175199 192973  43010 277915 268046 358159
 329710 313329 175199 192973 108464  54718 120054  60665  48041 154975
  52520  43010 120051 192973 221556  48921 386886 297928  58046 289260
 258392 167073 357265 337385 268046 145893  54718 176988 358159 251034
 192973  43010 286543 151349 336113 233708 302484 185457  52943 286532
 151349 142283 360914 125117 357211 176988 193408 302352 357265 225947
 175199 323430  88126 357265 136979 268046 151233  54718 360914 155499
 125117 357211 175199 192973 188481 143954  43010      0 357211 302352
 192973  43010 226326 344808 268046 357265 280459 185457  52943 181611
 357809 126552  43010      0 357265 136979 268046 357265 365266 193716
 323430 360914  71090 246283 357809 329915 137941 193716 258392 151233
 167073  54718 193716 329915  71090 221556 225644 151349 179434 145583
 360914 375431 357265  64354  96721 188481 179434 250482  54718 357265
 325007 268046      0 175199 179018 146354 385380 190592 178965  61766
 268046 110542 357211 145893 108155 388743 233708 268046 357265 250392
 188273 144002 154323 177103 337385 106727 179434 145583 193716 146354]
NewWordVectorPositions
[176988 151233 348532 239105 185457 123557 142750 193716 360914 137883
  54718  54218  60665 385217 270970  60665 344864  60665 193716 123517
 145893 167073 108155 360914 348531 188481 357211 193716 294049 336967
 108150 360914  43010 343963 357211 323430 264550 360914 258451 193716
 269889 357265 378765 383746 357265 148908  17044 245571 268046 357265
 251034 182573 193716  71586  78239  64317 357211 358159 192973 269953
 268046 357265  74390 325297 360914  84181 189189 148224  62065 219145
  60665 164328  60665 161613 335703  65680 186645 264550  74597 185457
  52943  43010 223830 124906 357211 196660      0 277915 192973 336113
 335128  87775 187631 173081 175199 192973  43010 277915 268046 358159
 329710 313329 175199 192973 108464  54718 120054  60665  48041 154975
  52520  43010 120051 192973 221556  48921 386886 297928  58046 289260
 258392 167073 357265 337385 268046 145893  54718 176988 358159 251034
 192973  43010 286543 151349 336113 233708 302484 185457  52943 286532
 151349 142283 360914 125117 357211 176988 193408 302352 357265 225947
 175199 323430  88126 357265 136979 268046 151233  54718 360914 155499
 125117 357211 175199 192973 188481 143954  43010      0 357211 302352
 192973  43010 226326 344808 268046 357265 280459 185457  52943 181611
 357809 126552  43010      0 357265 136979 268046 357265 365266 193716
 323430 360914  71090 246283 357809 329915 137941 193716 258392 151233
 167073  54718 193716 329915  71090 221556 225644 151349 179434 145583
 360914 375431 357265  64354  96721 115063 248173 372646 368589 136408
 223552  75416 333328  67315 365478  57383 246176 266653 263648 349449
 227988  92211 383492 196949  70066 362756 389284 132065 249948 284618
 256600 343678 172973 374808  90859 342845  53847 259929 358529  82553]
