OriginalClass, 0
NewClass, 1
NumberWordsChanged, 26
WordPositions
224	225	226	227	228	229	230	231	232	233	234	235	236	237	238	239	240	241	242	243	244	245	246	247	248	249	
OldWordVectorPositions
[185457 253767  46704 357211 358159 192973 357265 368668 268046 148224
 357211 185457 390138 264180 139452  87775 185457 305666 193716  69842
  71494 268046 357265 341860 185457  95616 383513 264550 337913 188481
 143954  60665 394474 323336 185457 300970 193716 149239 341860 358159
 148224 192973 357265 281272 105576 268046 327600 124747  54718 347947
  45815  55049  54718 172783 172947  58997  85005 386886 118742 360914
 105951 357265 371084 111836 268046 309840 357353 277483 197298 343871
 357265 111836 163634 356327 390469 359055  71956  54273 142271 268046
 357265 358548 240788 188481 357265 172947 144715 358801  43010 325549
 268046 149623 384373 160418 360914 209645  97175 172947  54718 105625
 360914  54273 371428 268046 357265 344185 304966  74651 145583  54718
 337621 394533  84998 172783 192973  69842  43010 322211 175199 174032
  52879 170714 365920 180501  43010 198213  54718 292006 251645 163634
 188481 357265 124748 268046 357265 388017 172783 192973 190556 110767
  54718 377945 251645 371151 357265 189767 268046 179434  75774  84998
 140265 174774 174032 357265  97014 268046 172783 255722 360914  43010
 350783  54718 162064 386306 192973 292769 179434  74390 281311 359055
 144971 175199 330038 374020  43010 232536 386886 192973  69842 164372
  87775 336113 189768  88126 273278 151421 357211 175199 192973 370635
 360914 151050 358801 388710  57170 188273 353650  55049 269798 357265
 348405  57721 360914  71090  43010 346322  87664  87775 384373 337661
 125117 357211 175199 192973  46204 360914 129721  54718 174032  71814
 136197 154323 179434 106170 360914 279284 151349 179434 170561 193716
 192973  55049 386886 106818 357265 320538 360914 309813 179434 277483
 343871  54718 175199 160457      0 172783 360914 105951 357265  45794]
NewWordVectorPositions
[185457 253767  46704 357211 358159 192973 357265 368668 268046 148224
 357211 185457 390138 264180 139452  87775 185457 305666 193716  69842
  71494 268046 357265 341860 185457  95616 383513 264550 337913 188481
 143954  60665 394474 323336 185457 300970 193716 149239 341860 358159
 148224 192973 357265 281272 105576 268046 327600 124747  54718 347947
  45815  55049  54718 172783 172947  58997  85005 386886 118742 360914
 105951 357265 371084 111836 268046 309840 357353 277483 197298 343871
 357265 111836 163634 356327 390469 359055  71956  54273 142271 268046
 357265 358548 240788 188481 357265 172947 144715 358801  43010 325549
 268046 149623 384373 160418 360914 209645  97175 172947  54718 105625
 360914  54273 371428 268046 357265 344185 304966  74651 145583  54718
 337621 394533  84998 172783 192973  69842  43010 322211 175199 174032
  52879 170714 365920 180501  43010 198213  54718 292006 251645 163634
 188481 357265 124748 268046 357265 388017 172783 192973 190556 110767
  54718 377945 251645 371151 357265 189767 268046 179434  75774  84998
 140265 174774 174032 357265  97014 268046 172783 255722 360914  43010
 350783  54718 162064 386306 192973 292769 179434  74390 281311 359055
 144971 175199 330038 374020  43010 232536 386886 192973  69842 164372
  87775 336113 189768  88126 273278 151421 357211 175199 192973 370635
 360914 151050 358801 388710  57170 188273 353650  55049 269798 357265
 348405  57721 360914  71090  43010 346322  87664  87775 384373 337661
 125117 357211 175199 192973  46204 360914 129721  54718 174032  71814
 136197 154323 179434 106170 231055 138637 181182 324903 287921 297546
 362987 294728 371571 106965 337344  90772 339474 122981 358076 136753
 263152 251637  90752  60458 110865 396082 119002 126110 296382  82533]
