OriginalClass, 0
NewClass, 0
NumberWordsChanged, 35
WordPositions
215	216	217	218	219	220	221	222	223	224	225	226	227	228	229	230	231	232	233	234	235	236	237	238	239	240	241	242	243	244	245	246	247	248	249	
OldWordVectorPositions
[358159 363547 390449  88126 144738 325390      0 390422 131222 211702
 192973 292769 269953 268046 357265  74390 251057 141863 229835 188481
 357265 105647  93724  54718 393704 193919  57716 268046  43010 357292
 286375 363927 191811  43010 146154 148224 351989 264612 268046 193919
 375623  43010 236253 269953 329915 264550 246253 360914 323336 291373
 388710 346234  54718 264550 130063 188481  54273  48014  87530 136741
 312160 360914  91339  72447  43010 225660 383134 118748 357265 278394
  72028 368320 170070 253618 332327 268046 357353 246019 222138  87775
  52520 151558  43010 363538 360914 105625 357353 332387  81562 126027
  54718 107444 341177 188481 358159 143182 309729 251034 302292 222138
 211423  85005  58997  53156  45905  87775 361189 388710      0 244422
  60665 145183 386958 286829 357265 309729 162051  43010      0 281311
 357265 339111 268046  97035 162064  43010  84181 187646 268046  43010
 336350 143941  43010 383134  54273 190606 191811 257214 104992 281904
 141948 192973  64317 357211 383134 192973 200035  44608 360914  71950
  87775 357809 366253 360914 223944 357353 274148 223999 357265  74390
 357809  90548 181611 357211 186884 243977  64009 357265 363538 374252
  43010 332119 251034 217055 124763 334822 331523 275341  43010 284277
 268046 336350 362440  88126 292066 383134 389937 383134 185457  87775
  52520 178621 281915 289251 388710 346320 294068 268046  43010 332356
 189568 268046 357265 260106 325575 268046 357265 166369 383134 378072
 386886 192973 269798 384121 360914 379798 179434 302802 107577 337385
  54718 162831 291291 154323  43010 232536 386886 323430 360914  71090
  43010 160117 340411  84181 188481 193919 256743 388710 240743 338197
 139733 357265      0 337509  54718  46599  62462 385217 283649  54718]
NewWordVectorPositions
[358159 363547 390449  88126 144738 325390      0 390422 131222 211702
 192973 292769 269953 268046 357265  74390 251057 141863 229835 188481
 357265 105647  93724  54718 393704 193919  57716 268046  43010 357292
 286375 363927 191811  43010 146154 148224 351989 264612 268046 193919
 375623  43010 236253 269953 329915 264550 246253 360914 323336 291373
 388710 346234  54718 264550 130063 188481  54273  48014  87530 136741
 312160 360914  91339  72447  43010 225660 383134 118748 357265 278394
  72028 368320 170070 253618 332327 268046 357353 246019 222138  87775
  52520 151558  43010 363538 360914 105625 357353 332387  81562 126027
  54718 107444 341177 188481 358159 143182 309729 251034 302292 222138
 211423  85005  58997  53156  45905  87775 361189 388710      0 244422
  60665 145183 386958 286829 357265 309729 162051  43010      0 281311
 357265 339111 268046  97035 162064  43010  84181 187646 268046  43010
 336350 143941  43010 383134  54273 190606 191811 257214 104992 281904
 141948 192973  64317 357211 383134 192973 200035  44608 360914  71950
  87775 357809 366253 360914 223944 357353 274148 223999 357265  74390
 357809  90548 181611 357211 186884 243977  64009 357265 363538 374252
  43010 332119 251034 217055 124763 334822 331523 275341  43010 284277
 268046 336350 362440  88126 292066 383134 389937 383134 185457  87775
  52520 178621 281915 289251 388710 346320 294068 268046  43010 332356
 189568 268046 357265 260106 325575 268046 357265 166369 383134 378072
 386886 192973 269798 384121 360914 399008 384659  48229  69680 246410
 306572 274033 202054 367921 194007 168943 251211 230397 220117 375973
 227974 277539  99410 348477 323944 196125 142987  44721 305055 226925
 332835 187973 218306  89424 276730 192110  94459 109559 139520 238887]
