OriginalClass, 0
NewClass, 0
NumberWordsChanged, 35
WordPositions
215	216	217	218	219	220	221	222	223	224	225	226	227	228	229	230	231	232	233	234	235	236	237	238	239	240	241	242	243	244	245	246	247	248	249	
OldWordVectorPositions
[384382 322268  62065 359970 393604  97887 338994 133907  62065 359970
 393604 120045 168780 286543 250392 268046 357265 359888 393604 249714
  44608  92221 210239  54718 117275 238450 393604 185457  52879 137551
 321703 147717  60665  43010 207071  87775 152393 336113 251645 268046
 357265      0 345206  60665 200035 336113 251645 111252 193716 361952
  43925  54718 109937 360914 162051 239105  43010 259972 281957 269798
 357265 102221 372226 248929  54718 193716 361952  92221 210239 360914
 387967 239105 273428 360914 357265 117140 330915 268046 137889 357265
 130517 170714 311218 104495 132681 170714 124850 173822 157836 170714
 237197  54718 310130 324334 170714 230499  54718 117275 238450 170714
  92221 210239 246677 188481 388710  51582 358451 384382 322268  97887
 338994 133907 357211  69213 167631 268046 348220  97035  54718  45905
  54718 168575 341860 357639 383513 117275 238450  60665  92221 210239
 175199 170714  43010 390512 325007 268046 183993 188481 339692 268046
 357265 116668 383513  54273 186354 188481 179434 295633 268046 357265
 366229  54718  43010 302328 386423 193716  90233 360914  45102 357265
 267115 188875  54718 141856 110734  88126 165202 268225  46226 372357
  42406 268046 374020 210239 383513 387795 360914 343128 179434 258325
 272930  54718 126552 386306 258454 360914  71090 127491 141816 186645
 193716 239200 179434 120508 357265 136979 268046 179434 199003  92030
 270970 195070 359888 151349  51582 179434 145741 188839 262350 353709
 188481 103108  92221 210239 383513  43010 232536 268046  97224  54718
 388672 386886 129648  43010  71421 102221 393459 253792 386473 383513
  54273 269062 374167  91624  62065 357265 359888 269798 179434 384121
 360914 319417 357265 117874 151349 183884  60665 164328  60665  57170]
NewWordVectorPositions
[384382 322268  62065 359970 393604  97887 338994 133907  62065 359970
 393604 120045 168780 286543 250392 268046 357265 359888 393604 249714
  44608  92221 210239  54718 117275 238450 393604 185457  52879 137551
 321703 147717  60665  43010 207071  87775 152393 336113 251645 268046
 357265      0 345206  60665 200035 336113 251645 111252 193716 361952
  43925  54718 109937 360914 162051 239105  43010 259972 281957 269798
 357265 102221 372226 248929  54718 193716 361952  92221 210239 360914
 387967 239105 273428 360914 357265 117140 330915 268046 137889 357265
 130517 170714 311218 104495 132681 170714 124850 173822 157836 170714
 237197  54718 310130 324334 170714 230499  54718 117275 238450 170714
  92221 210239 246677 188481 388710  51582 358451 384382 322268  97887
 338994 133907 357211  69213 167631 268046 348220  97035  54718  45905
  54718 168575 341860 357639 383513 117275 238450  60665  92221 210239
 175199 170714  43010 390512 325007 268046 183993 188481 339692 268046
 357265 116668 383513  54273 186354 188481 179434 295633 268046 357265
 366229  54718  43010 302328 386423 193716  90233 360914  45102 357265
 267115 188875  54718 141856 110734  88126 165202 268225  46226 372357
  42406 268046 374020 210239 383513 387795 360914 343128 179434 258325
 272930  54718 126552 386306 258454 360914  71090 127491 141816 186645
 193716 239200 179434 120508 357265 136979 268046 179434 199003  92030
 270970 195070 359888 151349  51582 179434 145741 188839 262350 353709
 188481 103108  92221 210239 383513 192298 145217  77064 364814 371835
  71259 281688 376366  55544 210925 357499 395140 125141  92643 295766
 239034  79160 324974 155307 345549 209508 143899 256121 167292 259176
 376082 229179 382245 331022 212205 137940 382007  88905 146400 365357]
