OriginalClass, 0
NewClass, 1
NumberWordsChanged, 27
WordPositions
223	224	225	226	227	228	229	230	231	232	233	234	235	236	237	238	239	240	241	242	243	244	245	246	247	248	249	
OldWordVectorPositions
[ 65680 188481  15022 126552 185457 305224 357211 393301 102865  68236
 103019 306262 357265 371797 118337 268046 292372 123235 357265 234991
 389435 357265 389937 325549  54718  43010 389400 158482  76933 360914
 325278 358159 383513  52520 357265  75774 393301 188481 357265 305005
 268046 360550 269953 268046 357265  75824 148269 268046  51582 359888
  43010 352136  44608 357265 329045 268046 129179  44608  43010  82265
  54718  43010 161844 386886 144545 188481 226278  87775  58997 362440
  57350  88126 357353 336297 102208  54718  62065 357265 176015 268046
 357353 136534 105956 357265 329045 239798 388710 124942 185457 127708
 357969  57178 110156 174642 142758 360550 360914  71090  60665 183606
  60665 193716 383513 357265 251034 383513  75820 357108 222138  54718
 170714 244651 268046 144877  39880 268046 357387  72182 354794 161859
 185457 383513   8172 393334 269062  62065 357265 359888  54718 268046
 110542 319557 357265 251034 252664 359970 193716 383513 357265 148224
 357211 229835 239105  72477 357211 357265 226278 357211 194667  54718
 311393 327488 383513 336113 302292  54718  71421  62065 357265 359888
 185457 146662 357211 360550 110156 126552 262350 390469 268046 110542
 185457 166856 373316  54718 123557 383735 357265 148224 332239 185457
 383513  10064  43010 110481 393334  48262 185457 319557 357265 148224
 269798 131420 151349  33411  54718 148021 357211 193716 383513  43010
 164328 292127  54718 360914 323336 386306 185457 358463  44608 357265
 251034 264937 383513 193716 390092 357265 184980 383513 193716 302352
 357265  74390 251034 268046  51582 359888 383513 357211      0 302292
 264476 268745 185457 209645 357225 331755 360914 319690  87775 185457
 123517 307402 357265 148224  72182 106329 181208 177231 360550 192973]
NewWordVectorPositions
[ 65680 188481  15022 126552 185457 305224 357211 393301 102865  68236
 103019 306262 357265 371797 118337 268046 292372 123235 357265 234991
 389435 357265 389937 325549  54718  43010 389400 158482  76933 360914
 325278 358159 383513  52520 357265  75774 393301 188481 357265 305005
 268046 360550 269953 268046 357265  75824 148269 268046  51582 359888
  43010 352136  44608 357265 329045 268046 129179  44608  43010  82265
  54718  43010 161844 386886 144545 188481 226278  87775  58997 362440
  57350  88126 357353 336297 102208  54718  62065 357265 176015 268046
 357353 136534 105956 357265 329045 239798 388710 124942 185457 127708
 357969  57178 110156 174642 142758 360550 360914  71090  60665 183606
  60665 193716 383513 357265 251034 383513  75820 357108 222138  54718
 170714 244651 268046 144877  39880 268046 357387  72182 354794 161859
 185457 383513   8172 393334 269062  62065 357265 359888  54718 268046
 110542 319557 357265 251034 252664 359970 193716 383513 357265 148224
 357211 229835 239105  72477 357211 357265 226278 357211 194667  54718
 311393 327488 383513 336113 302292  54718  71421  62065 357265 359888
 185457 146662 357211 360550 110156 126552 262350 390469 268046 110542
 185457 166856 373316  54718 123557 383735 357265 148224 332239 185457
 383513  10064  43010 110481 393334  48262 185457 319557 357265 148224
 269798 131420 151349  33411  54718 148021 357211 193716 383513  43010
 164328 292127  54718 360914 323336 386306 185457 358463  44608 357265
 251034 264937 383513 193716 390092 357265 184980 383513 193716 302352
 357265  74390 251034 166329 100436 280255 189437  86859 266498 157613
 162947 234974 243363 159298 398729 202767 100733 324361 383856 398602
 224541 141257 171189 353051 173298 347754 189618 142170 324325 149040]
