OriginalClass, 0
NewClass, 0
NumberWordsChanged, 35
WordPositions
215	216	217	218	219	220	221	222	223	224	225	226	227	228	229	230	231	232	233	234	235	236	237	238	239	240	241	242	243	244	245	246	247	248	249	
OldWordVectorPositions
[185457 170714 259914 175426 268046 220578  91746 373139 179434 241333
 323525 188481 217787 393334 361369  54718 179434 383513 132569 357265
 341511 357265 148269 358548 343906 193716 383632 254258 145839 268046
 357265 329824  87775 193716 383513 357265 250392 372147  54718 357265
 250392 186236 357265 226344 269798 357265  83970 383513 357265 148908
 268046 179434 155017 220336 146160 194101 323431  43010 379662 310875
 148224 357211 374207 187646  54718 253590 360914 106039  54273 143252
 394520 226278 357211 273672 191811 357265 287379 358461 177661 102241
  60665  43010      0 380495 179434 148269 274119  60665 251645 360914
 331647 101278  60665 357265  34427 142820 256747 179434 251057  58997
 103082 360914 196487 378841 188481      0 196487 104195  54718 169725
 229823 357108 163461  54718 366105 188481  82265 239798 161844      0
  14715 118568 175199 374207  77486  54718 386642  54718 357265 175599
 305042 269798 379857 306002 360914 125540 136534 342018 175199 105591
 357265 142255 389987 268046 229823  87775  69725 188481  43010 302334
 357211 259914 323430 297928 341044 222471 104195  87775  88126 379657
 268046 193919 142981 193716  71586 249714  45112 136534  54718 137342
 222471      0 251057 357265 343963 268046  82265 239798 161844 192973
 332119  54718 332007 360914      0 368320 151061 148269 386473 106461
 358159 394520 226344 365266  43010  82265 256053  51088 286407  88126
 120859 218406 386886 286468  43010  97014 256053  51088 188481      0
 260309 368320 251057 174032 200035  71814 130702  88126 179434 161849
 386886 174032 144566 188481 226278 388710 179434  74390 154049 188481
 357265 148908 320242 175199 258200 207480 179434 154049 269798  43010
  79043  87775 343846 329710 268046 253218 175199 382642  59937 305254]
NewWordVectorPositions
[185457 170714 259914 175426 268046 220578  91746 373139 179434 241333
 323525 188481 217787 393334 361369  54718 179434 383513 132569 357265
 341511 357265 148269 358548 343906 193716 383632 254258 145839 268046
 357265 329824  87775 193716 383513 357265 250392 372147  54718 357265
 250392 186236 357265 226344 269798 357265  83970 383513 357265 148908
 268046 179434 155017 220336 146160 194101 323431  43010 379662 310875
 148224 357211 374207 187646  54718 253590 360914 106039  54273 143252
 394520 226278 357211 273672 191811 357265 287379 358461 177661 102241
  60665  43010      0 380495 179434 148269 274119  60665 251645 360914
 331647 101278  60665 357265  34427 142820 256747 179434 251057  58997
 103082 360914 196487 378841 188481      0 196487 104195  54718 169725
 229823 357108 163461  54718 366105 188481  82265 239798 161844      0
  14715 118568 175199 374207  77486  54718 386642  54718 357265 175599
 305042 269798 379857 306002 360914 125540 136534 342018 175199 105591
 357265 142255 389987 268046 229823  87775  69725 188481  43010 302334
 357211 259914 323430 297928 341044 222471 104195  87775  88126 379657
 268046 193919 142981 193716  71586 249714  45112 136534  54718 137342
 222471      0 251057 357265 343963 268046  82265 239798 161844 192973
 332119  54718 332007 360914      0 368320 151061 148269 386473 106461
 358159 394520 226344 365266  43010  82265 256053  51088 286407  88126
 120859 218406 386886 286468  43010  97014 256053  51088 188481      0
 260309 368320 251057 174032 200035 228753 337377  64842  96451 155008
  49640 360768 191364 266991 360192 369401  86832 373845 120957 283794
 167089 138999 274221 375983 378560 210277 258490 211312 312244 216966
  66507 219077  78436 238174 180209 219034 196745 385934 219782 333364]
