OriginalClass, 0
NewClass, 0
NumberWordsChanged, 35
WordPositions
215	216	217	218	219	220	221	222	223	224	225	226	227	228	229	230	231	232	233	234	235	236	237	238	239	240	241	242	243	244	245	246	247	248	249	
OldWordVectorPositions
[193716 390138 306173 357265  71425  54718 135816 268046 326941 360914
 126552 200044 360914 358159 273315 101291 146135 259933 187377 162051
 193716  43010 163237  60665 144971  60665  46128 268046 172224 163237
 358159 269953 192973  52477  62065  43010  74597 341893 287479 357108
  51582 272583 377864 332239 193716 136917 357265 137937 286375 343256
 358159 192973 262350 168282 151349  43010      0 251034 270970 141816
  43010 164328 269953 374386 187631 264550 251645 151349 251057 357211
  58997 273749  54718 357265 364706 357211 323430 360914  71090 292032
 188481 180682 361079 256057 357211 251057 329915  71090  62065 219145
 368320 182380 225289 291373 358548 192973 269953 357211 181587 389497
 217787 225289 147468 343906  58997 344850 137680 360914 388757 346372
 143043 142897  54718 110156 126552 388710 337258 114253 231552  43010
      0 251034  54718 204683 193716 191290 192973 262350 335128 371456
  87775 205241  82850 295132 193716 268074 388710 150642 105381 175199
 174032 232572 360914 231458  43010 377945 225289 251034 323420 262350
 249714 357108  57170  63975 251034 185457 383513 106329 137489 154323
 341874 360914 148533 357265  93265 192973 142331 388710 205241  82850
 179018  60665 357265 362427 292351 162071  43010 344850  54718 240743
 281311 175199 232582 360914 108442 179434 146353  46685 358801 179434
 380507  54718 269953 126848 264550 174642 360914  71090  54273 142833
 269798 326942 377846 360914  93656 357265 254509 268046 136539 357211
  58997 382111 190592 178965 203639 388353 383513  43010 289384 348531
 185457 253767 319690 185457 123557 209645 386306 360914 142750 302352
 194101  52879 222477 177103 385217 137680  60665  54273  45893  87775
 383632 348373 327863 110156 295094 268074 286442 326941 385217 327863]
NewWordVectorPositions
[193716 390138 306173 357265  71425  54718 135816 268046 326941 360914
 126552 200044 360914 358159 273315 101291 146135 259933 187377 162051
 193716  43010 163237  60665 144971  60665  46128 268046 172224 163237
 358159 269953 192973  52477  62065  43010  74597 341893 287479 357108
  51582 272583 377864 332239 193716 136917 357265 137937 286375 343256
 358159 192973 262350 168282 151349  43010      0 251034 270970 141816
  43010 164328 269953 374386 187631 264550 251645 151349 251057 357211
  58997 273749  54718 357265 364706 357211 323430 360914  71090 292032
 188481 180682 361079 256057 357211 251057 329915  71090  62065 219145
 368320 182380 225289 291373 358548 192973 269953 357211 181587 389497
 217787 225289 147468 343906  58997 344850 137680 360914 388757 346372
 143043 142897  54718 110156 126552 388710 337258 114253 231552  43010
      0 251034  54718 204683 193716 191290 192973 262350 335128 371456
  87775 205241  82850 295132 193716 268074 388710 150642 105381 175199
 174032 232572 360914 231458  43010 377945 225289 251034 323420 262350
 249714 357108  57170  63975 251034 185457 383513 106329 137489 154323
 341874 360914 148533 357265  93265 192973 142331 388710 205241  82850
 179018  60665 357265 362427 292351 162071  43010 344850  54718 240743
 281311 175199 232582 360914 108442 179434 146353  46685 358801 179434
 380507  54718 269953 126848 264550 174642 360914  71090  54273 142833
 269798 326942 377846 360914  93656 357265 254509 268046 136539 357211
  58997 382111 190592 178965 203639 102426 218267  98149 166181 190464
 177954 365262 144506 273664 350630 322650 233018 372912 362656 220672
 155952 196602 316399 336050  89339 142963 150518 244566  47137 379939
 344922 335186 369860  93168 367996 107287  54397 150777  98872 233330]
