OriginalClass, 0
NewClass, 0
NumberWordsChanged, 35
WordPositions
215	216	217	218	219	220	221	222	223	224	225	226	227	228	229	230	231	232	233	234	235	236	237	238	239	240	241	242	243	244	245	246	247	248	249	
OldWordVectorPositions
[358159 192973  43010 102221  45830 150004 154323 357265  39277 146163
  59831 321541 188481 269953 268046 179434 250392 240743 310681 325898
 188481  43010 155667 287768 341955 386431 357265 165202 108320 141950
 188839 357265 355301 259595 269953 268046 357353 250392 288917 367966
 330038 192973 357265 313432 232536 386431 108455 146646  58997 184158
 128527  54718 207441 151349 357265 137889 268046 244651 193919 325898
 373316 222471  43010 157049 329973 386431 357265  62979 381102 151349
 357353 145839 341314 363593 207448 386886 184156 128527  54718 207423
 357265 330038 372394 108091  62979 240688  52520 387967 292647 151349
 109485 291289 386886 387695  71090 207441  88126 386919  54718 357265
 182145 192973 286407  88126 263564 272583 357108 144715 147435 308118
 117860 386958 157049 329973 142808 231492 178965 385217 346834 151349
 358159 310672 386423  72921 308122  59831 192973 144621  45298 268046
 236058 253218 175199 192973 151413 360914 286375 358159 315227 157049
 358159 251034 192973  99713 155017 268046 102221  59831      0 346372
  60665 179434 144738 187377  71090  65680 308561  71895 175199 137882
 357265  59030  54718 175199 353939  43010 341312  59617 388710  43010
 149537 388710 182540  44608  43010 222292 185457 110156 163237 269798
  54718 269798  87775 185457 127708 383067 360914 339859 357265 251034
 193919 155345 345206 386457 193716 383513 191034 270970 264550 358159
 251034 325747  60665  43010 166369 277784 268046 361080 302334 367966
 111379  52477 357639  58997 265603 293179 357211 329973 280944 137202
 275303  54718 183963 151349 357265 137889 268046 378766  54718 141816
 110554  93054  58997 355297 151349 357353 137889 375623 313432 232536
 120641 386306 390138 173061 186645 302334 367966 179580 310051  81655]
NewWordVectorPositions
[358159 192973  43010 102221  45830 150004 154323 357265  39277 146163
  59831 321541 188481 269953 268046 179434 250392 240743 310681 325898
 188481  43010 155667 287768 341955 386431 357265 165202 108320 141950
 188839 357265 355301 259595 269953 268046 357353 250392 288917 367966
 330038 192973 357265 313432 232536 386431 108455 146646  58997 184158
 128527  54718 207441 151349 357265 137889 268046 244651 193919 325898
 373316 222471  43010 157049 329973 386431 357265  62979 381102 151349
 357353 145839 341314 363593 207448 386886 184156 128527  54718 207423
 357265 330038 372394 108091  62979 240688  52520 387967 292647 151349
 109485 291289 386886 387695  71090 207441  88126 386919  54718 357265
 182145 192973 286407  88126 263564 272583 357108 144715 147435 308118
 117860 386958 157049 329973 142808 231492 178965 385217 346834 151349
 358159 310672 386423  72921 308122  59831 192973 144621  45298 268046
 236058 253218 175199 192973 151413 360914 286375 358159 315227 157049
 358159 251034 192973  99713 155017 268046 102221  59831      0 346372
  60665 179434 144738 187377  71090  65680 308561  71895 175199 137882
 357265  59030  54718 175199 353939  43010 341312  59617 388710  43010
 149537 388710 182540  44608  43010 222292 185457 110156 163237 269798
  54718 269798  87775 185457 127708 383067 360914 339859 357265 251034
 193919 155345 345206 386457 193716 383513 191034 270970 264550 358159
 251034 325747  60665  43010 166369 277784 268046 361080 302334 367966
 111379  52477 357639  58997 265603 259530  49708 289159 176528 143610
 294454 303064 269013  65855 217742  88103 218044 268270  93470 277084
 269273  83794 361555  89624 119586 257809 133697 381394 122282 342411
 140772 128362 387450 214804 222850  87446 206680 209990 357876 385216]
