OriginalClass, 0
NewClass, 0
NumberWordsChanged, 35
WordPositions
215	216	217	218	219	220	221	222	223	224	225	226	227	228	229	230	231	232	233	234	235	236	237	238	239	240	241	242	243	244	245	246	247	248	249	
OldWordVectorPositions
[358159 106356 385892 383513  43010 244362 188481 357265  92030 268046
 195355 343079  47798 179434 307029 154323 383134 325757 383072 360914
  96721 179434 187646  88126 126981  43010 385892 386473 192973 217465
 304136  60665 357265 302476 151349 357265 189784 268046 385912 188481
 357265  31543 332239 193919 377945 188357 361939  65963 193716 383632
 283649 188481 354624 343079 388344 148908 292631 151349 357265 169107
 357211 389435 357265 385793  87775 357411 174032 360914 339257 357265
 306581 268046 357265 148224 366273 360914 303180 193716 386423 193919
 343645 328155 388414 192973  43010 326680 156518 388710  54273 372847
 306148  54718 342838 238843 192973 357265 224573  65963  82265 169209
 188481 126786 101722 387695 158983 192973 391083 132469  54718 116519
 131211 192973 328157  65963  82314  54718 390143 394474 209645 357211
 193716  72182  43010      0 148224 361933 114017  54718 310051 183516
  81562 297928 372321  62065 357265 359888 174642  77162 310681  54273
 191290 325298 146160 357265 148908 189140  62641 386437  97175 128947
 307138 179018 360914  71090  43010 110764 386886 308293 268074 219194
 328155  52315 188481 357265 181924 382123 175199 217909 303441 179018
  87775 193919 200035 269953 268046 357265 368294  54718 367700 357211
 174032 357265 169107 278423 154323 269953 372847 172466 360914      0
 148356 137073 373316 388710 357265 308605 274156 342838 238843  54718
 195355 343079 174642 297928  43010 148339 329625 357211 192973  52261
  60665 240591  87775 264550 297928  60665 130323 188481 357265 347625
  78022 169254 148340 238843 231492 357265 281272 379055  54718 116519
 131211 192973 138614 364430 188481 357265 207715 268046 379058 310672
 175199 286407 358808 357265  27967  60665  43010 226574 169266 359626]
NewWordVectorPositions
[358159 106356 385892 383513  43010 244362 188481 357265  92030 268046
 195355 343079  47798 179434 307029 154323 383134 325757 383072 360914
  96721 179434 187646  88126 126981  43010 385892 386473 192973 217465
 304136  60665 357265 302476 151349 357265 189784 268046 385912 188481
 357265  31543 332239 193919 377945 188357 361939  65963 193716 383632
 283649 188481 354624 343079 388344 148908 292631 151349 357265 169107
 357211 389435 357265 385793  87775 357411 174032 360914 339257 357265
 306581 268046 357265 148224 366273 360914 303180 193716 386423 193919
 343645 328155 388414 192973  43010 326680 156518 388710  54273 372847
 306148  54718 342838 238843 192973 357265 224573  65963  82265 169209
 188481 126786 101722 387695 158983 192973 391083 132469  54718 116519
 131211 192973 328157  65963  82314  54718 390143 394474 209645 357211
 193716  72182  43010      0 148224 361933 114017  54718 310051 183516
  81562 297928 372321  62065 357265 359888 174642  77162 310681  54273
 191290 325298 146160 357265 148908 189140  62641 386437  97175 128947
 307138 179018 360914  71090  43010 110764 386886 308293 268074 219194
 328155  52315 188481 357265 181924 382123 175199 217909 303441 179018
  87775 193919 200035 269953 268046 357265 368294  54718 367700 357211
 174032 357265 169107 278423 154323 269953 372847 172466 360914      0
 148356 137073 373316 388710 357265 308605 274156 342838 238843  54718
 195355 343079 174642 297928  43010 148339 329625 357211 192973  52261
  60665 240591  87775 264550 297928 174502 331575 251624 321229 371547
 373541 324868 110551 263923 159231 183389 189975  93584 376531 356790
  51764 118230  93447 120298 329692 127522  94383 377808 293573 237012
 374876 157368 254016 395234 309113 241399 155979 112203 263262 210343]
