OriginalClass, 1
NewClass, 0
NumberWordsChanged, 15
WordPositions
235	236	237	238	239	240	241	242	243	244	245	246	247	248	249	
OldWordVectorPositions
[321888 127727 192973 371573 269953 268046 357265 250392 332119 346322
  54718  72783  92859  97035 188481 357265 389937 336113 386306 173067
 386423      0  71814 141952  54718 127491 141950 388710 357265 151810
 394474 349660 193716 373316 308561 390469 394474 343811 292986  54718
 220870 193716 306581 151349  43010 118585 270970 336113  54718 357411
 313329 193716  47887 204683 357265 109103 268046 193919 346320 190919
 357211 192973 360914 319690 343128 388710 357265 151810 151349 357265
 250392 277915  87775  46173 394564 278014 149788 360914 193716 358159
 360914 239105 192973 386983 386320 259972 321888 127727 389862 357809
 383067  65680 360914 357265 102221 321888 127727 151810 386473 170714
 270201 346323 306728  43010 118585 132405 188481  43010 295381 256053
 321888 127727  87775 151349 357265 250392 277915 170714 264550  71814
 353130 332239 357265 271493 321888 127727 386431  58997 394474 357265
 148908 331365 360914 239105 268046  43010 384382 268190 192973 357265
 188840 268046 143168  97035 357639 243977  71090  43010 147468 151110
 240762 154323 278468 193853  87775 159426 186645 394474 357969 321888
 127727 394474  59057 357979 268046      0 322129 127727 270970 321888
 130623 141816 390058 357265 142422 268046 357265 272583 109103 240688
 268046 254586 188692 159426 189161  43010 167631 268046 292986 280944
 386886 127708 371425 154323  43010 207126 287479 268046 378760 182540
 357265 329973 389912 357265  69840 291553 174032  52879  71814  43010
 167631 268046 280944 386886  58997 123219 270811 160466 361189  54718
 358801 357353 274148 189262 342928 297111 232569 360914 348500 357265
 353666 162058  62065 172466 358159 260309 277101 192973 200035 254258
 357605 336113 333862 193716 186645 394474 383067 185457 181581 357211]
NewWordVectorPositions
[321888 127727 192973 371573 269953 268046 357265 250392 332119 346322
  54718  72783  92859  97035 188481 357265 389937 336113 386306 173067
 386423      0  71814 141952  54718 127491 141950 388710 357265 151810
 394474 349660 193716 373316 308561 390469 394474 343811 292986  54718
 220870 193716 306581 151349  43010 118585 270970 336113  54718 357411
 313329 193716  47887 204683 357265 109103 268046 193919 346320 190919
 357211 192973 360914 319690 343128 388710 357265 151810 151349 357265
 250392 277915  87775  46173 394564 278014 149788 360914 193716 358159
 360914 239105 192973 386983 386320 259972 321888 127727 389862 357809
 383067  65680 360914 357265 102221 321888 127727 151810 386473 170714
 270201 346323 306728  43010 118585 132405 188481  43010 295381 256053
 321888 127727  87775 151349 357265 250392 277915 170714 264550  71814
 353130 332239 357265 271493 321888 127727 386431  58997 394474 357265
 148908 331365 360914 239105 268046  43010 384382 268190 192973 357265
 188840 268046 143168  97035 357639 243977  71090  43010 147468 151110
 240762 154323 278468 193853  87775 159426 186645 394474 357969 321888
 127727 394474  59057 357979 268046      0 322129 127727 270970 321888
 130623 141816 390058 357265 142422 268046 357265 272583 109103 240688
 268046 254586 188692 159426 189161  43010 167631 268046 292986 280944
 386886 127708 371425 154323  43010 207126 287479 268046 378760 182540
 357265 329973 389912 357265  69840 291553 174032  52879  71814  43010
 167631 268046 280944 386886  58997 123219 270811 160466 361189  54718
 358801 357353 274148 189262 342928 297111 232569 360914 348500 357265
 353666 162058  62065 172466 358159 131539 322718 128993 198653 206180
 276562 184146 346080 145178 279279  60415 371426 355263 346275 198575]
