OriginalClass, 1
NewClass, 0
NumberWordsChanged, 13
WordPositions
237	238	239	240	241	242	243	244	245	246	247	248	249	
OldWordVectorPositions
[ 43010      0 251034  44608 337550 181861 305486 396608 357265 387353
 268046 122607 352306 321100 240852 162556 149198 386886 192973 119171
 371885 240857  84998 324850 100306 132958 323449 358159  54718 179321
 177103 360914 389835 188481 357265 147810 188481 386473 328475  52477
  54273      0 175199  52520 341901  54273  47476 388710 177103  54718
 357411 386423 327863 339265 359888 388710  43010 294922 308061  60429
 175199 130708 177103  54718  74568 177103 360914 357265 144715 386473
 330507 177103 272930 357651  43010 346041 188481 386473      0 118188
  84998 352235 360914 177103  54718  57698 351989 357265 151719 268046
  43010 230310  71934 389400  87775 386983 192973 264550 102471 251645
 192973 264550 102471 371798 188839 386306 192973 163745 269798 388710
 337550 386983 327863 355374 357265 302574 357651  43010 148728 190592
 177103  54718 237426 193919 264550 154323 163444  54718 386306 358159
 239197  54718 386306 357265 230310  71934 389400 355374 177103 239197
 360914  54273 143048 357265 343963 362880 269798 357265 286700 268046
 389422 188481 357265      0 106074  54718 393704 337550 192973 264550
 142250 221702 263939 192973 357265 264644 268046  72182 303437  88126
 357265 226278 268046  43010 232536 268046  56041 298478 377945      0
 357265 360601 105678 154323 357265  75401 119372 268046 357265 390092
 268046  43010 164328      0 393704 193919 357265  70060 324850 386886
 298020 193716 360914 337550 396608 344958 388710 357265 277915 328475
 348225 360914  71090  43010 197280 154323 357265 243864  54718 337304
 177103  45081 192973 149655  54718  62065 272583 359970 193919 351972
 269798 357265  97025 338189 268046  84917 328475  62065 177103  74390
 386423 328475  72182 362908  54718 352024  97097  87775 370303 357265]
NewWordVectorPositions
[ 43010      0 251034  44608 337550 181861 305486 396608 357265 387353
 268046 122607 352306 321100 240852 162556 149198 386886 192973 119171
 371885 240857  84998 324850 100306 132958 323449 358159  54718 179321
 177103 360914 389835 188481 357265 147810 188481 386473 328475  52477
  54273      0 175199  52520 341901  54273  47476 388710 177103  54718
 357411 386423 327863 339265 359888 388710  43010 294922 308061  60429
 175199 130708 177103  54718  74568 177103 360914 357265 144715 386473
 330507 177103 272930 357651  43010 346041 188481 386473      0 118188
  84998 352235 360914 177103  54718  57698 351989 357265 151719 268046
  43010 230310  71934 389400  87775 386983 192973 264550 102471 251645
 192973 264550 102471 371798 188839 386306 192973 163745 269798 388710
 337550 386983 327863 355374 357265 302574 357651  43010 148728 190592
 177103  54718 237426 193919 264550 154323 163444  54718 386306 358159
 239197  54718 386306 357265 230310  71934 389400 355374 177103 239197
 360914  54273 143048 357265 343963 362880 269798 357265 286700 268046
 389422 188481 357265      0 106074  54718 393704 337550 192973 264550
 142250 221702 263939 192973 357265 264644 268046  72182 303437  88126
 357265 226278 268046  43010 232536 268046  56041 298478 377945      0
 357265 360601 105678 154323 357265  75401 119372 268046 357265 390092
 268046  43010 164328      0 393704 193919 357265  70060 324850 386886
 298020 193716 360914 337550 396608 344958 388710 357265 277915 328475
 348225 360914  71090  43010 197280 154323 357265 243864  54718 337304
 177103  45081 192973 149655  54718  62065 272583 359970 193919 351972
 269798 357265  97025 338189 268046  84917 328475 360043 254538 196748
 337880 208996 147127 210956 250766 251833 111438  44317 232350 275741]
