OriginalClass, 1
NewClass, 0
NumberWordsChanged, 8
WordPositions
242	243	244	245	246	247	248	249	
OldWordVectorPositions
[121168 137938 269798 394564 274148 281915 341955 268046 244950 386423
 383752 358159 100274 141999  90548 134678 367634 272930 360914  71585
  54273  53302  54718 190382 294569 358740 270970 269953 268046 357265
 250392 278702  54718 189912 216426      0 334387 141863 229835 239105
 281930 187631 355592 360914 270867 151349 357265 218067  71494 185457
 123557  81567 360914 126552  57170 306262  62065  51582  54718 332147
  56674  43010  97887  54718 371142 132422  39277 334386 388710  43010
 265819 188481  43010 317944 102310 109971  87797 280944 390469 357265
 251034  45929 172598  44608  43010  78409 256053 173822      0 386958
 267276 388710 100274 389912 188481  43010 312691 363200 143996  54718
 107672 193716 360914  71090 179434 306554 360914 122190 269798 100274
 141802 386886 121797 291775  54718 386886 121797 295327 173828 193642
  51582 341885 386423 175199 388779 317944 179434 115662 188481  43010
 109971 267359  92080 179434      0 255886 219822  62065  43010 355719
 394520  48003  47798 357211 175199 200035 122450 191811  43010 336297
 272998 251645 360914 357265 192921 268046 179434 394533  84998 386958
  81901 360914 335684 269953 180539 185457 155104 371425 386983  95614
 144877  57890 358159 334692 132928 181890 251034  87775 123517 193716
 302352 174642 360914  71090 336113  81044 357639  58997 326145 273749
  54718 323427 137085 278085 268046 357265 148224 188481 386473  44787
 264612 173067 185457  90548 151666 357265 329820 268046 164646  54718
 273220  78494  87775 358159 251034 126852 141816  73103 154323  54273
 372921  62462 270970 371695 120414 286789 368294 388710 357265 264557
 142345 268046 357265 148340 185457 253767  46704  52520 185457 390138
 174642 351972 357265 106706 249714 325574 186645 357265 111380 293783]
NewWordVectorPositions
[121168 137938 269798 394564 274148 281915 341955 268046 244950 386423
 383752 358159 100274 141999  90548 134678 367634 272930 360914  71585
  54273  53302  54718 190382 294569 358740 270970 269953 268046 357265
 250392 278702  54718 189912 216426      0 334387 141863 229835 239105
 281930 187631 355592 360914 270867 151349 357265 218067  71494 185457
 123557  81567 360914 126552  57170 306262  62065  51582  54718 332147
  56674  43010  97887  54718 371142 132422  39277 334386 388710  43010
 265819 188481  43010 317944 102310 109971  87797 280944 390469 357265
 251034  45929 172598  44608  43010  78409 256053 173822      0 386958
 267276 388710 100274 389912 188481  43010 312691 363200 143996  54718
 107672 193716 360914  71090 179434 306554 360914 122190 269798 100274
 141802 386886 121797 291775  54718 386886 121797 295327 173828 193642
  51582 341885 386423 175199 388779 317944 179434 115662 188481  43010
 109971 267359  92080 179434      0 255886 219822  62065  43010 355719
 394520  48003  47798 357211 175199 200035 122450 191811  43010 336297
 272998 251645 360914 357265 192921 268046 179434 394533  84998 386958
  81901 360914 335684 269953 180539 185457 155104 371425 386983  95614
 144877  57890 358159 334692 132928 181890 251034  87775 123517 193716
 302352 174642 360914  71090 336113  81044 357639  58997 326145 273749
  54718 323427 137085 278085 268046 357265 148224 188481 386473  44787
 264612 173067 185457  90548 151666 357265 329820 268046 164646  54718
 273220  78494  87775 358159 251034 126852 141816  73103 154323  54273
 372921  62462 270970 371695 120414 286789 368294 388710 357265 264557
 142345 268046 357265 148340 185457 253767  46704  52520 185457 390138
 174642 351972 152549  83146 321476 348017 285015 286811 140165  49608]
