OriginalClass, 1
NewClass, 0
NumberWordsChanged, 1
WordPositions
249	
OldWordVectorPositions
[390159 358159 192973 377945 373210 188481 269953 304135 374386 357265
 148908 251034 188481  43010 225289 344724 268046 325297 192973 357265
  74390 268046 357265  86766 280944  58997 348532 386423  43010 325295
 192973  45929  74597 388710 353594 185457 358463 358159 251034 383513
 357265 390079 268046 357265  86766 270970  62065 219145 357265 148908
 333278 386473 106461 254258 353594 104990 131420 274857 185457 387695
 162208 383735 357265 325297 252664 359970  87775 185457  52943 358801
 333175 358801 358159 367580 357160 360914 326145  97035 385217 220930
 341874 388710 357265 164328 260141 148908 357265 164328 286606 268046
  45830 388710  43010 225985 268046 387532  55549 269798 125540 141816
 186645 357809  58997 200035 343464 151262 394474 323336 223268  62648
 112158 179262 276670 394474 256046 193716  54718 394474 323336 326145
 268046 357265 123767 364997 268046  51582 207765 188839 296015  89857
 131481 188481 357265 251034 332239 358159 251034 383513 229835  52261
  37676 393334  48262 185457  91041 209576  57170 268046 357265 302327
  71494 357809 123557 174642 193716 188481 357265 251057 357211 225289
  48262 357809 126552 357265  74390 357809  90548 336113 394474 295763
 373316 388710  45905 352232 188481 154357 268046 144390  65765 182573
 385107 123517  43010 225985 268046  45830 320245  54718 383513 188481
 166369 327392 175199  54718      0 231458  43010      0 172650 110481
 186645 357639 141863 383513 269953 188481 358451 163864 393334 268046
 101278 357265 148224 174032 179550 375623 388710 336113 233708 325297
 188481 357211 193716 330038 182540 353594  45705 195527  54718 179434
  71957 268046 219115 357265 137444 217055 357265  65963 154323 357265
 248238 195527 277622 192973 351972  88126 353594  52261 141941 320242]
NewWordVectorPositions
[390159 358159 192973 377945 373210 188481 269953 304135 374386 357265
 148908 251034 188481  43010 225289 344724 268046 325297 192973 357265
  74390 268046 357265  86766 280944  58997 348532 386423  43010 325295
 192973  45929  74597 388710 353594 185457 358463 358159 251034 383513
 357265 390079 268046 357265  86766 270970  62065 219145 357265 148908
 333278 386473 106461 254258 353594 104990 131420 274857 185457 387695
 162208 383735 357265 325297 252664 359970  87775 185457  52943 358801
 333175 358801 358159 367580 357160 360914 326145  97035 385217 220930
 341874 388710 357265 164328 260141 148908 357265 164328 286606 268046
  45830 388710  43010 225985 268046 387532  55549 269798 125540 141816
 186645 357809  58997 200035 343464 151262 394474 323336 223268  62648
 112158 179262 276670 394474 256046 193716  54718 394474 323336 326145
 268046 357265 123767 364997 268046  51582 207765 188839 296015  89857
 131481 188481 357265 251034 332239 358159 251034 383513 229835  52261
  37676 393334  48262 185457  91041 209576  57170 268046 357265 302327
  71494 357809 123557 174642 193716 188481 357265 251057 357211 225289
  48262 357809 126552 357265  74390 357809  90548 336113 394474 295763
 373316 388710  45905 352232 188481 154357 268046 144390  65765 182573
 385107 123517  43010 225985 268046  45830 320245  54718 383513 188481
 166369 327392 175199  54718      0 231458  43010      0 172650 110481
 186645 357639 141863 383513 269953 188481 358451 163864 393334 268046
 101278 357265 148224 174032 179550 375623 388710 336113 233708 325297
 188481 357211 193716 330038 182540 353594  45705 195527  54718 179434
  71957 268046 219115 357265 137444 217055 357265  65963 154323 357265
 248238 195527 277622 192973 351972  88126 353594  52261 141941 337673]
