OriginalClass, 1
NewClass, 1
NumberWordsChanged, 35
WordPositions
215	216	217	218	219	220	221	222	223	224	225	226	227	228	229	230	231	232	233	234	235	236	237	238	239	240	241	242	243	244	245	246	247	248	249	
OldWordVectorPositions
[385217 185457 200035 158482  64331  41920 245571  54718  29522 323107
 357211 187377 259914 160418  65680 269798 358159 284318 268046 364246
 185457 175426 337266 270193 121730 358159 251057 379059  60665 345893
  90938  54718 185457 358463 193716 383513 293358  71494 185457 358463
 193716 390138  71090 222471 357265 121708 390469 357265 121708 383513
  43010 294569 358740 388710 131663  97035  54718 344850 343981 357760
 379059  58997 362775 372706  54718 262350 277915 268046 357353 281311
 192973 137549 360914 383735 358159 251034 193408 336113 108323 194101
 323431 358159 221115 268046 164646 188481 233708 148269 358159 251034
 285994 346423 350227  43010  78435 386886 357982 328475 302292 182186
  87775 327863 193408 177103  46693  54718 177103  46694 154049 262350
 185457 127708 305224 357353 256063 163237 191811 357265 389632 357353
  91624  83377 128527 357809  58997 383363 360914 219178  88126  43010
 232536 256053 234801 357265  78435 160457 372714 185274  54718 357265
 260309 249942 357809  91041 148427 357265  46694 154049  46693 188046
 179434 151255 386938 127708 390051 175199 192973 251645 249714 373560
 386423 179434  91624 389497 341874 357108 386423 175199 160457 188043
  88126 255728  47798  43010 256321 268046 103947 357265  78433 219190
 360914 148427 176551 141855 137807 357211 185457  90964 305224 131142
 358159  54718 358808 357265 251034 384373  58997 330027 167534 362627
 320245 388710 262350 346165 188839 269953 357211 229835 239105 156317
  78435 163634 360914 319417  46693 154323 182387 268046  90938 141816
 358461  51582 357809  58997 323431 132714 192973 191765 386473 390138
 224928  71090 357265 217787  99771 151349 302292  90938 360914 132701
 332239 357809 107993  45919 151204  78435 148441  46693 184322  54718]
NewWordVectorPositions
[385217 185457 200035 158482  64331  41920 245571  54718  29522 323107
 357211 187377 259914 160418  65680 269798 358159 284318 268046 364246
 185457 175426 337266 270193 121730 358159 251057 379059  60665 345893
  90938  54718 185457 358463 193716 383513 293358  71494 185457 358463
 193716 390138  71090 222471 357265 121708 390469 357265 121708 383513
  43010 294569 358740 388710 131663  97035  54718 344850 343981 357760
 379059  58997 362775 372706  54718 262350 277915 268046 357353 281311
 192973 137549 360914 383735 358159 251034 193408 336113 108323 194101
 323431 358159 221115 268046 164646 188481 233708 148269 358159 251034
 285994 346423 350227  43010  78435 386886 357982 328475 302292 182186
  87775 327863 193408 177103  46693  54718 177103  46694 154049 262350
 185457 127708 305224 357353 256063 163237 191811 357265 389632 357353
  91624  83377 128527 357809  58997 383363 360914 219178  88126  43010
 232536 256053 234801 357265  78435 160457 372714 185274  54718 357265
 260309 249942 357809  91041 148427 357265  46694 154049  46693 188046
 179434 151255 386938 127708 390051 175199 192973 251645 249714 373560
 386423 179434  91624 389497 341874 357108 386423 175199 160457 188043
  88126 255728  47798  43010 256321 268046 103947 357265  78433 219190
 360914 148427 176551 141855 137807 357211 185457  90964 305224 131142
 358159  54718 358808 357265 251034 384373  58997 330027 167534 362627
 320245 388710 262350 346165 188839 269953 357211 229835 239105 156317
  78435 163634 360914 319417  46693 120491 110339 219869  90694 159843
 357555 398421 357622 138354 376644 298649 391650 312620 193638 290940
  56988 126119 289490 138432 169727 169401 296457 136665 392964 265413
 353489 228457 187944  61171 200130  94343 179764 144481 208217 209176]
