OriginalClass, 1
NewClass, 0
NumberWordsChanged, 13
WordPositions
237	238	239	240	241	242	243	244	245	246	247	248	249	
OldWordVectorPositions
[358159 251034 192973 269953 268046 357265 250392 372097  65963  45830
 148269 141863 295763 360914 148224 127188 154092      0 388710  43010
 195753  45081 192973 155345 137680  87775  46173 302352 109361      0
  45830 360914 357265 246670  54273 132928  54718      0 379055  43010
      0 226278 191283 346041  54718 269953 268046 357265 390079 137075
 268046  51582 359888  54718      0 164934 394572 297928 357265 223830
      0 113857 151349 280944 386886 137548 357353 222138  54718 373316
 359774 383752 329996 170714 259914 108032 207463 357408 388710  43010
  78618 185457 127708 209645 186645 193919 200035 239105  87775 357265
 386896 181154 346223 192973 263564 361939 346236 357639  58997 107783
 303875 360914 231875 159531  54718 264550  88126 146699 134678  82940
 219441  54718 127189 352213  44608 132276 272587 233298 278085  54718
 188481 143954  71895 163745 269798  43010 346796 340219  82940 319764
 360914 127193 188481  93018 384373 127708 231458 193716 185457 383067
 360914 355344 394474 394474 174642 357265  75824 114975 194101 141863
 323431 264937 192973 358159 386306  43010 264164 232536 390138 319690
 360914  56041 232536 188481  54273  45830 148224 262350 220815  54718
 390138 394474 383067 358451 360914  71090 394564 131629 389822 217909
 357651 358159 159242 127188 304138 357265 379055 185457 390138 222471
 360914 114166 268074  95614 278085 268046 179434  54603  82940 232536
      0 164934  43010 149336  60665 357265 169725  62065      0 287503
 272930 371798 127188 126852 306532 388710 194101 164934  43010 149336
 194101 164934  43010 149336 394567 357265 269953 386886 118743 357211
 179434 217787 389822 329915  71090  44608 254258 292583 185457 383513
 200035 164282  99956 268046 179434 132479  54718 179434 264476 232536]
NewWordVectorPositions
[358159 251034 192973 269953 268046 357265 250392 372097  65963  45830
 148269 141863 295763 360914 148224 127188 154092      0 388710  43010
 195753  45081 192973 155345 137680  87775  46173 302352 109361      0
  45830 360914 357265 246670  54273 132928  54718      0 379055  43010
      0 226278 191283 346041  54718 269953 268046 357265 390079 137075
 268046  51582 359888  54718      0 164934 394572 297928 357265 223830
      0 113857 151349 280944 386886 137548 357353 222138  54718 373316
 359774 383752 329996 170714 259914 108032 207463 357408 388710  43010
  78618 185457 127708 209645 186645 193919 200035 239105  87775 357265
 386896 181154 346223 192973 263564 361939 346236 357639  58997 107783
 303875 360914 231875 159531  54718 264550  88126 146699 134678  82940
 219441  54718 127189 352213  44608 132276 272587 233298 278085  54718
 188481 143954  71895 163745 269798  43010 346796 340219  82940 319764
 360914 127193 188481  93018 384373 127708 231458 193716 185457 383067
 360914 355344 394474 394474 174642 357265  75824 114975 194101 141863
 323431 264937 192973 358159 386306  43010 264164 232536 390138 319690
 360914  56041 232536 188481  54273  45830 148224 262350 220815  54718
 390138 394474 383067 358451 360914  71090 394564 131629 389822 217909
 357651 358159 159242 127188 304138 357265 379055 185457 390138 222471
 360914 114166 268074  95614 278085 268046 179434  54603  82940 232536
      0 164934  43010 149336  60665 357265 169725  62065      0 287503
 272930 371798 127188 126852 306532 388710 194101 164934  43010 149336
 194101 164934  43010 149336 394567 357265 269953 386886 118743 357211
 179434 217787 389822 329915  71090  44608 254258 394198 206300 310357
 392172  66795 375228 380597 165533 344395 208783 139120  74899  55514]
