OriginalClass, 1
NewClass, 0
NumberWordsChanged, 5
WordPositions
245	246	247	248	249	
OldWordVectorPositions
[357265 292794 388710 357265 207446 135530 192973 357211 200035  88126
 323398 358159 148224 272930  54718 192139 359888 360914 383735 193716
 394474  58997 295857 249714 133946 191811 357265 142808 357108 233708
 268046 193919 292394 123517 278020 124763 316835 279810 357265  52477
 380614 279810 383513 175267 191811 311988 384461 388710 358159 148224
  45217 360914  62065 219145 269953  76519 358159 383513 386431 175199
  71488  45691 388710 104034  46173 360914 357211 179434  76310 129412
  54718 193919 262350 389439 357964 146604  57350 193919  43010 327119
  71494 357265 106706  72057 357265 148224 192973  43010 164328 269953
  54718 357265 148908 355616 245571 293354 251645 244146      0 195355
  88814  54718 159864 172920 309866 131352  58997 292572 108211 386886
 126552  43010 225985 268046 124850 389835 151349 357265 100897 357809
 251014 297632 223944 385217  54718 323420 222471 357265  74390 268046
 154060 357411 337301 173067 360914 327704 357353  85002  54273 270547
 320242 330038 357387  78609 373316  43010  86371 386983 142250 384373
  59057 361391 276999 151349 357265 110542 188481 356211 268046 358159
 148269 253311 250545  87775 357265 188234 192973 357760 169754 184322
 280944  54718 127708 302352  92019  56769 251645 222471 357265 387532
  86766 268046      0      0  54273 270547 360601 355374 374020 357809
 389835 151349      0 357411  46252 388710 267358 361835 188481  97832
 357265 358463 357265 100897 243977 136613 346372  54273 271369 151349
  57170 295589 192973 268046 110542 291656 357225  43010 292006 102687
 384121 268046 220969 357265  62979 209645  51582  74572  58997 268074
  46173 360914 357211  43010 363499 344850 279810  65887  93265 188839
  87480 394520 161247 394520  54718 279810 304363  78994 181615 188481]
NewWordVectorPositions
[357265 292794 388710 357265 207446 135530 192973 357211 200035  88126
 323398 358159 148224 272930  54718 192139 359888 360914 383735 193716
 394474  58997 295857 249714 133946 191811 357265 142808 357108 233708
 268046 193919 292394 123517 278020 124763 316835 279810 357265  52477
 380614 279810 383513 175267 191811 311988 384461 388710 358159 148224
  45217 360914  62065 219145 269953  76519 358159 383513 386431 175199
  71488  45691 388710 104034  46173 360914 357211 179434  76310 129412
  54718 193919 262350 389439 357964 146604  57350 193919  43010 327119
  71494 357265 106706  72057 357265 148224 192973  43010 164328 269953
  54718 357265 148908 355616 245571 293354 251645 244146      0 195355
  88814  54718 159864 172920 309866 131352  58997 292572 108211 386886
 126552  43010 225985 268046 124850 389835 151349 357265 100897 357809
 251014 297632 223944 385217  54718 323420 222471 357265  74390 268046
 154060 357411 337301 173067 360914 327704 357353  85002  54273 270547
 320242 330038 357387  78609 373316  43010  86371 386983 142250 384373
  59057 361391 276999 151349 357265 110542 188481 356211 268046 358159
 148269 253311 250545  87775 357265 188234 192973 357760 169754 184322
 280944  54718 127708 302352  92019  56769 251645 222471 357265 387532
  86766 268046      0      0  54273 270547 360601 355374 374020 357809
 389835 151349      0 357411  46252 388710 267358 361835 188481  97832
 357265 358463 357265 100897 243977 136613 346372  54273 271369 151349
  57170 295589 192973 268046 110542 291656 357225  43010 292006 102687
 384121 268046 220969 357265  62979 209645  51582  74572  58997 268074
  46173 360914 357211  43010 363499 344850 279810  65887  93265 188839
  87480 394520 161247 394520  54718 135220 247549 135856  86709 102461]
