OriginalClass, 1
NewClass, 0
NumberWordsChanged, 9
WordPositions
241	242	243	244	245	246	247	248	249	
OldWordVectorPositions
[337301 360914 332327  44608 383513 292970  62065 165794 257168 345180
 386431 195355  89335 383513 389882 386494 371151  43010 108200 125591
 388710 357265  85005 383367 175199 123517 368320 148269 151349 358159
  65064 345174 258790 268046 386473 300438 178401 188481 357265  89335
 111520 269953 268046 357265 166369 225973 360914 101278 192973 357265
 143954 357211 197758  89335 123517 336113 147468 148269 357211 374515
 179434 356333 116588  44429 357265 368320 357211 105625 360914 244950
 187871  58997 392813 127743 116623  54718 151297 277052 368320 220836
 148269  58997 357265 385793 287479 343963  54718 259914 342237  57189
 335128  89335 179018 315709 175199 259914 374167 360914 383735  57189
  87775 179434 253611 188481 306889 336113 386983 123517 175199 231458
 336113 147468 268046 357387 385217 358159 269953 383513  51582 390469
 357265 286789 268046 337301 360914 332327  44608 106728  43010 181453
 386886 154434 151349  43010  67817 386958 125119  54718 162058  43010
 251034 108200 357639  58997 357265 374385 106360 268046  43010 107483
 345174  81440  54718  43010 107483 291844  48041 286407 306511  54718
 385217  88126 159367 224694  54718 387759 153300 179434 108200  89943
 151349  43010 262350 235187 102310 336113  89335  54718  67817 161844
 332356 215685 141814 117813 235215 188481 323118 357411 384373 160418
 357265 106359 268046  43010 294779 129453 345174 310815 388710 322171
 218977 215685 248293  69351 185457 357969 394474  90548 148016 386431
 358159 192973 163745 357265 250392 124908 357958  44608 337301 360914
 332327  44608 192973 357265 215502 268046 116552 265568 151349  89335
 175199 116579  84041  62065 357265  71956  54718 357265 136979 268046
 357265 148224  54718 264612 188481 357265 243674 141814 117813 170714]
NewWordVectorPositions
[337301 360914 332327  44608 383513 292970  62065 165794 257168 345180
 386431 195355  89335 383513 389882 386494 371151  43010 108200 125591
 388710 357265  85005 383367 175199 123517 368320 148269 151349 358159
  65064 345174 258790 268046 386473 300438 178401 188481 357265  89335
 111520 269953 268046 357265 166369 225973 360914 101278 192973 357265
 143954 357211 197758  89335 123517 336113 147468 148269 357211 374515
 179434 356333 116588  44429 357265 368320 357211 105625 360914 244950
 187871  58997 392813 127743 116623  54718 151297 277052 368320 220836
 148269  58997 357265 385793 287479 343963  54718 259914 342237  57189
 335128  89335 179018 315709 175199 259914 374167 360914 383735  57189
  87775 179434 253611 188481 306889 336113 386983 123517 175199 231458
 336113 147468 268046 357387 385217 358159 269953 383513  51582 390469
 357265 286789 268046 337301 360914 332327  44608 106728  43010 181453
 386886 154434 151349  43010  67817 386958 125119  54718 162058  43010
 251034 108200 357639  58997 357265 374385 106360 268046  43010 107483
 345174  81440  54718  43010 107483 291844  48041 286407 306511  54718
 385217  88126 159367 224694  54718 387759 153300 179434 108200  89943
 151349  43010 262350 235187 102310 336113  89335  54718  67817 161844
 332356 215685 141814 117813 235215 188481 323118 357411 384373 160418
 357265 106359 268046  43010 294779 129453 345174 310815 388710 322171
 218977 215685 248293  69351 185457 357969 394474  90548 148016 386431
 358159 192973 163745 357265 250392 124908 357958  44608 337301 360914
 332327  44608 192973 357265 215502 268046 116552 265568 151349  89335
 175199 116579  84041  62065 357265  71956  54718 357265 136979 268046
 357265  72934 321923 229877 347770 203337  70703 216134 370883 194116]
