OriginalClass, 1
NewClass, 1
NumberWordsChanged, 35
WordPositions
215	216	217	218	219	220	221	222	223	224	225	226	227	228	229	230	231	232	233	234	235	236	237	238	239	240	241	242	243	244	245	246	247	248	249	
OldWordVectorPositions
[187631  43010 366080 144744 268046 357265 271493 111059 325549  54718
 274148  51582 268046 357387 269798 131420 111059 170714  43010 355703
 360914  71090      0 269798 267396  87775 309838 105419  54718 357265
 272583  93265 240688  60665 385217  60665 357265 390433  52879 323425
 360914  92747 193716 268074 121972 357408 185457 110224 357265 271493
 111059  53909 357265 166369  84345 367966 111836 325549 268046 357211
 359888  54718 357651 337258 343180 106272 292277 348705 190690 154452
 190690 250087 197012      0 328418 181009  54718  43010 182145 268046
 272587 111059  52318 388710 292277 348705 383513 269798 357265 362049
 268046 254258 223628 386473 231492  43010 259972 356367  51582 357265
 249714 315103 370303 358159 383513  43010 377945 275641 187834 268046
 111061 151780 162861 185457 151413 254554 360914 333080 358801 357265
 386896 357958 108462 357211 193716 110159  45929  71090 358159  65963
  54718 357211 337258 338798 390138 141859 186868 185457 383513 390469
 193716 383513  65963 154323  71956 360914 136979  43010 147468 112055
 148908 200035 360914 160418  57170 289872  75340 373410 308561 268074
 185457 383513 268173  88126 357265      0  56951 322169 357211 129556
 269798  54718 269798 358808 250392 268046 357265 329973 357265 362235
 357265 253218 268046 368320  53540 190361 268046  57170 111836  54718
  43010  84372 199846 192973 188481      0 389822 371426  87775 264550
 200058 185457 358463 185457 381978 358801 368320 182380 268046 111252
 200035 360914 175425 358159 125258  77162 268046 129451 336113 185457
 170714  43010 258587 302192 360914 357265      0 361773  85024 269798
  88126 254258  72472  74804 357265 287895 185457 170714 357265 125762
 325007 357211 358159 111059 383513 241341  43010 293470 151349 357265]
NewWordVectorPositions
[187631  43010 366080 144744 268046 357265 271493 111059 325549  54718
 274148  51582 268046 357387 269798 131420 111059 170714  43010 355703
 360914  71090      0 269798 267396  87775 309838 105419  54718 357265
 272583  93265 240688  60665 385217  60665 357265 390433  52879 323425
 360914  92747 193716 268074 121972 357408 185457 110224 357265 271493
 111059  53909 357265 166369  84345 367966 111836 325549 268046 357211
 359888  54718 357651 337258 343180 106272 292277 348705 190690 154452
 190690 250087 197012      0 328418 181009  54718  43010 182145 268046
 272587 111059  52318 388710 292277 348705 383513 269798 357265 362049
 268046 254258 223628 386473 231492  43010 259972 356367  51582 357265
 249714 315103 370303 358159 383513  43010 377945 275641 187834 268046
 111061 151780 162861 185457 151413 254554 360914 333080 358801 357265
 386896 357958 108462 357211 193716 110159  45929  71090 358159  65963
  54718 357211 337258 338798 390138 141859 186868 185457 383513 390469
 193716 383513  65963 154323  71956 360914 136979  43010 147468 112055
 148908 200035 360914 160418  57170 289872  75340 373410 308561 268074
 185457 383513 268173  88126 357265      0  56951 322169 357211 129556
 269798  54718 269798 358808 250392 268046 357265 329973 357265 362235
 357265 253218 268046 368320  53540 190361 268046  57170 111836  54718
  43010  84372 199846 192973 188481      0 389822 371426  87775 264550
 200058 185457 358463 185457 381978 358801 368320 182380 268046 111252
 200035 360914 175425 358159 125258 113972 392243 298288 264915 116797
  78551  73853 188693 388342 315966 359243 173702  95455 273896 216711
 226959 102173 357793 315206 367173 341221 269099 375743 252308 321158
  57767 211042 115001 296060 332297 147286  64391  73681 232445 213564]
