OriginalClass, 1
NewClass, 1
NumberWordsChanged, 35
WordPositions
215	216	217	218	219	220	221	222	223	224	225	226	227	228	229	230	231	232	233	234	235	236	237	238	239	240	241	242	243	244	245	246	247	248	249	
OldWordVectorPositions
[110156 107993      0 348532  88126 357265 178401 301038 268046 358159
 148224 360914  71090      0  52943  51582 185457 319557 383513  43010
 334951 251070 293473 251034 388710 264612 251645 360914 319690 264588
 360914 323980 253767  97762 357265 301038 151349 286313 269798      0
 251034 383513 336113  77486  54718      0      0 135869 134678 141999
 270970 374176 185457 351934 193716 357265  84372 365814 188481 193716
 385663 239200 360914  71090 318791 269953 268046 357265 250392 135530
 372210 188481 357265 389937 250392 390138  48346 388710 187631 292006
 348373 357809 225979  21828 240788  54718 357265 272587 300216  64331
 386494 357265 374020 365814 386886      0 141816 135530 336884 188481
 357265 147978 325007 176239 357265 167570  54718 270539 373316  43010
  90548 268046 386929  61521 269798 357387 141999 335756 192587  64559
      0 344737 360914 244950 357265 270201 164328 357958 185457 174642
 360914 319690  44608 358159 251034 123517 105625 188481 358159 325007
 386423 357265 335849 361952 272930 357265 318791      0 149618 154323
 125728 164328 262664      0 385217 127491 357211  77162  87775 357265
      0 239105 386306  52943 185457   4961 393334 268046  48003 273428
 177231 385217 187631 264550  54718  90548 323336 263767 293473 188481
  43010 251034  54718  82265 123517 358159 251034 174642 193716      0
  64559  54718 188481 357265 231068      0 169725  91041 342180  62065
 180883 388710 179434 387353  54718 394520      0 175199 174032 360914
 331365 373316 151349  56041 393301 360914 147967 188481  43010 263767
 221998 268046  43010 383134      0 394520 240788 258451 358744 270970
 337301  57698 222471 319690 187631 348532  88126 357265 178401 301038
 268046 358159 251034 302352  52943 294325 187631 264550 174387  53499]
NewWordVectorPositions
[110156 107993      0 348532  88126 357265 178401 301038 268046 358159
 148224 360914  71090      0  52943  51582 185457 319557 383513  43010
 334951 251070 293473 251034 388710 264612 251645 360914 319690 264588
 360914 323980 253767  97762 357265 301038 151349 286313 269798      0
 251034 383513 336113  77486  54718      0      0 135869 134678 141999
 270970 374176 185457 351934 193716 357265  84372 365814 188481 193716
 385663 239200 360914  71090 318791 269953 268046 357265 250392 135530
 372210 188481 357265 389937 250392 390138  48346 388710 187631 292006
 348373 357809 225979  21828 240788  54718 357265 272587 300216  64331
 386494 357265 374020 365814 386886      0 141816 135530 336884 188481
 357265 147978 325007 176239 357265 167570  54718 270539 373316  43010
  90548 268046 386929  61521 269798 357387 141999 335756 192587  64559
      0 344737 360914 244950 357265 270201 164328 357958 185457 174642
 360914 319690  44608 358159 251034 123517 105625 188481 358159 325007
 386423 357265 335849 361952 272930 357265 318791      0 149618 154323
 125728 164328 262664      0 385217 127491 357211  77162  87775 357265
      0 239105 386306  52943 185457   4961 393334 268046  48003 273428
 177231 385217 187631 264550  54718  90548 323336 263767 293473 188481
  43010 251034  54718  82265 123517 358159 251034 174642 193716      0
  64559  54718 188481 357265 231068      0 169725  91041 342180  62065
 180883 388710 179434 387353  54718 394520      0 175199 174032 360914
 331365 373316 151349  56041 393301 215588  69892 275335 330399  47642
 394043 282939 105044  68236 148281 221454 390199 303493  82982 292292
  45507 260182 101161 148121 239244  81273 308727 332027 119760 292768
 162065 178331 155060 143203 248331 379166 270929 347612 234191 126533]
