OriginalClass, 1
NewClass, 0
NumberWordsChanged, 4
WordPositions
246	247	248	249	
OldWordVectorPositions
[386423 185457 319557 357211 187781 374204 300970 358159 251034 357265
  81655  20091 251057 185457 358463 193716 383513 361939 173833  87775
 223830 123517 185457 209645 357211 357265 226394 301038 383513  44787
 109476 185457  52943  43010  75774 144744 268046 357265 384128  85005
 185457 226298 357353 320173 251034  15341  54718 141816 137551 386642
  98785 223830 232536 182573 170714 377945 147468 218189  54718 357265
 198520 385663 341293 267359 357265 198514 387695 307366  59937 234998
 384128 386886 286468  43010 167694 243757 357211 383513 302802 220870
 272930 268046 292520 175199  54718 179434 278070 363446 249790 342237
  43010 123223 239200 151349  43010 157368 357964 163237  64403  54718
 357265 243757 174032 360914 285908 357265 123223 388710  54273 373055
 110481 286407  88126 327793 384128  54718 205584 383575 188481 271173
 360914 160418 357265 123223  65680 357265 243757 291965 360914  71090
  54273  43796  65526 219577 269798 357265 373055 110486 127832 268046
 110542 175199 192973 351972 188481  54718 357265 128966  71959 269798
 297556 151349 357265 123223 357265 251034 174032 337258  45905  54718
  45912 154323 319133 261149 223944 222471 248146 327309  54718 309813
 321003  60665 385217 154323 188481 224021 105368  51582 357760 352157
 182573  90964 176551 357265 288743 322255  54718 357265 198520 386473
 332147 383513 264550 155345 357265 338994 133907 360914 231458 234998
 384128 360914 225629 222471  43010 243757 383513 268745 185457 239170
 193716 383513 264550   5382  72475  87775 193716 383513      0 166369
 185457 200035 388582 357211 357265 384128  85005 170714 295763 249714
 133946 191811 122454  43010 322255 388710 164328 198520 301000 357108
 366273 360914 329670 373316 357353 288743 322255 388710  90265 154323]
NewWordVectorPositions
[386423 185457 319557 357211 187781 374204 300970 358159 251034 357265
  81655  20091 251057 185457 358463 193716 383513 361939 173833  87775
 223830 123517 185457 209645 357211 357265 226394 301038 383513  44787
 109476 185457  52943  43010  75774 144744 268046 357265 384128  85005
 185457 226298 357353 320173 251034  15341  54718 141816 137551 386642
  98785 223830 232536 182573 170714 377945 147468 218189  54718 357265
 198520 385663 341293 267359 357265 198514 387695 307366  59937 234998
 384128 386886 286468  43010 167694 243757 357211 383513 302802 220870
 272930 268046 292520 175199  54718 179434 278070 363446 249790 342237
  43010 123223 239200 151349  43010 157368 357964 163237  64403  54718
 357265 243757 174032 360914 285908 357265 123223 388710  54273 373055
 110481 286407  88126 327793 384128  54718 205584 383575 188481 271173
 360914 160418 357265 123223  65680 357265 243757 291965 360914  71090
  54273  43796  65526 219577 269798 357265 373055 110486 127832 268046
 110542 175199 192973 351972 188481  54718 357265 128966  71959 269798
 297556 151349 357265 123223 357265 251034 174032 337258  45905  54718
  45912 154323 319133 261149 223944 222471 248146 327309  54718 309813
 321003  60665 385217 154323 188481 224021 105368  51582 357760 352157
 182573  90964 176551 357265 288743 322255  54718 357265 198520 386473
 332147 383513 264550 155345 357265 338994 133907 360914 231458 234998
 384128 360914 225629 222471  43010 243757 383513 268745 185457 239170
 193716 383513 264550   5382  72475  87775 193716 383513      0 166369
 185457 200035 388582 357211 357265 384128  85005 170714 295763 249714
 133946 191811 122454  43010 322255 388710 164328 198520 301000 357108
 366273 360914 329670 373316 357353 288743 263460 113871 214735 219399]
