OriginalClass, 1
NewClass, 0
NumberWordsChanged, 30
WordPositions
220	221	222	223	224	225	226	227	228	229	230	231	232	233	234	235	236	237	238	239	240	241	242	243	244	245	246	247	248	249	
OldWordVectorPositions
[188481 269953 389792 142458 185457 383513  47077 360914 302207 337258
  60373  44608 358159 148269 283365 239193  47848  87775 174695 318909
 358801 357265 251057 191427   7528 245571  54718  72182 334978 112790
  73067 193919  78327 349987  54718      0 270838 193716 323425  74597
 360914 200035 305941 254258 302195 360914 357265 251034  47798  51582
 386886 163634 360914 323336  43010 251034 388710  43010 349918 188481
 172466  54718 358159 150004 383513 125393 218947  45893 102287      0
 154323 357265 148269 270547 360914 193919 136979 384445 357265 316998
 384450  54718  55915 235957 268046  48294  60665 360914  71090 290457
 189259 154323 357265 148269 140250 129199 380518 148255 269953 273428
 357265 272583 243977 174642 389862  74597 357108 345912  54273  62979
 360914  81562  60665 357809  69842 319690 357265 316998 357958 357265
 292201 268046      0 192973  43010 390347 183848  72182 357265 343963
  44608  43010 281826 292201 386886 365140 360914 176551 272930  43010
 365923 308115 144715 126848 264612 363079 231552 193919  97035 305339
 191290 270970 350026  60665 357265 144715  58997  43010  86766 268046
 372592 385033  54718 357265 292201 179018 105678  45776  60665  43010
 264548 282188 357265 217787  23310 245571 346714 337258  83441 241862
  44608 165480  54718 269953 233462 346597 138595 357211 268046 272587
  87775 130319 360914  51582 357265 189414 103091 268046  43010 346597
      0  54718 357265 375069 346223 188481 309866      0 322255  51582
 185457 146662 383513 148356 193919 273428 220930 174642 337258 186085
 191290 151349 144877 268046  83738 144760 279027 321269 200035 360914
 323336 182540 233708 135310 268046  97014  54718 325990 321269  92687
 191811 188481 179434 274148 322268  54718 251057 139731      0 299187]
NewWordVectorPositions
[188481 269953 389792 142458 185457 383513  47077 360914 302207 337258
  60373  44608 358159 148269 283365 239193  47848  87775 174695 318909
 358801 357265 251057 191427   7528 245571  54718  72182 334978 112790
  73067 193919  78327 349987  54718      0 270838 193716 323425  74597
 360914 200035 305941 254258 302195 360914 357265 251034  47798  51582
 386886 163634 360914 323336  43010 251034 388710  43010 349918 188481
 172466  54718 358159 150004 383513 125393 218947  45893 102287      0
 154323 357265 148269 270547 360914 193919 136979 384445 357265 316998
 384450  54718  55915 235957 268046  48294  60665 360914  71090 290457
 189259 154323 357265 148269 140250 129199 380518 148255 269953 273428
 357265 272583 243977 174642 389862  74597 357108 345912  54273  62979
 360914  81562  60665 357809  69842 319690 357265 316998 357958 357265
 292201 268046      0 192973  43010 390347 183848  72182 357265 343963
  44608  43010 281826 292201 386886 365140 360914 176551 272930  43010
 365923 308115 144715 126848 264612 363079 231552 193919  97035 305339
 191290 270970 350026  60665 357265 144715  58997  43010  86766 268046
 372592 385033  54718 357265 292201 179018 105678  45776  60665  43010
 264548 282188 357265 217787  23310 245571 346714 337258  83441 241862
  44608 165480  54718 269953 233462 346597 138595 357211 268046 272587
  87775 130319 360914  51582 357265 189414 103091 268046  43010 346597
      0  54718 357265 375069 346223 188481 309866      0 322255  51582
 185457 146662 383513 148356 193919 273428 220930 174642 337258 186085
 122988 305672 335614 273911 377471 264538 228230 258909 361283 236501
 270791 343682 340566 138404 281729  51667 396768 257481 115573 273292
 213602 262795 229709 285239 316385 331505 189720 303744 122465 147564]
