OriginalClass, 1
NewClass, 0
NumberWordsChanged, 10
WordPositions
240	241	242	243	244	245	246	247	248	249	
OldWordVectorPositions
[185457 200035 148534 383752 358159 251034 193716 383632 308332  65963
  87775 187631 302352 124906 388710 193716 187631 264550 302352 348373
 386983 337266 390138 231458  43010 251034 222471 358159 193716 383513
 234406 137887  87775 185457 146344 222471 357265 280944 231552 193716
 170714  43010 225985 268046 124885 269798 386306 357809 385663 231552
 248403 357265 390422 383513 188481  97097 366909 357265 124763 384673
 357265 169725 386886 160457 357265 104444 140213 193716  52261 323430
 222471 357809 302352 383071 360914 231458  43010 110481 123767 251057
  87775 270201 170714 357265 359888  54718 248489 360914 231458 269953
 337266 135869 105864 357211 357265  45815 383513 302352 164328  87775
 186309 174642 360914 124880 357411  47887 186645 357265  45905 385663
  44493 360914 204679  43010 344147 143869 131142 357265 148255 281353
 357812  74597  45905 357108 185457 162051 357387 111503 151349 357265
  65680 268046 357265 131420 162064 357265 188350 357211 357265 251034
 390138  71090  43010 254586 337301  52318 357265 222999 268046  43010
 179550 218524  54718 271173 270970 257168 364460 193716 341901 268074
 222471 357211  87775 357411 272930 268046 264974 193716 351989  43010
 367634 363080  43010  65963 138435 268046 357265 368227 397998 270970
 386306 383513 357211 272583 329973 357211 383632  60665 164328  43010
  65963 138435 268046 357265 273047 222729 254258 231068 106310  44608
 357265 251034 192973 357211 193716 192973 200035 336113 286407 272930
 357651 357265 141999 169725 388710 339471 386642 171254 357651 357265
 226278 191283 386886 386423 327863 148908  57721 357265 388017  45929
  78616 358801 177103 171254 325574 269889 394474 302343 193919  43010
 100223 251034 357265 136979 192973  52520 292006 132683 360914 340108]
NewWordVectorPositions
[185457 200035 148534 383752 358159 251034 193716 383632 308332  65963
  87775 187631 302352 124906 388710 193716 187631 264550 302352 348373
 386983 337266 390138 231458  43010 251034 222471 358159 193716 383513
 234406 137887  87775 185457 146344 222471 357265 280944 231552 193716
 170714  43010 225985 268046 124885 269798 386306 357809 385663 231552
 248403 357265 390422 383513 188481  97097 366909 357265 124763 384673
 357265 169725 386886 160457 357265 104444 140213 193716  52261 323430
 222471 357809 302352 383071 360914 231458  43010 110481 123767 251057
  87775 270201 170714 357265 359888  54718 248489 360914 231458 269953
 337266 135869 105864 357211 357265  45815 383513 302352 164328  87775
 186309 174642 360914 124880 357411  47887 186645 357265  45905 385663
  44493 360914 204679  43010 344147 143869 131142 357265 148255 281353
 357812  74597  45905 357108 185457 162051 357387 111503 151349 357265
  65680 268046 357265 131420 162064 357265 188350 357211 357265 251034
 390138  71090  43010 254586 337301  52318 357265 222999 268046  43010
 179550 218524  54718 271173 270970 257168 364460 193716 341901 268074
 222471 357211  87775 357411 272930 268046 264974 193716 351989  43010
 367634 363080  43010  65963 138435 268046 357265 368227 397998 270970
 386306 383513 357211 272583 329973 357211 383632  60665 164328  43010
  65963 138435 268046 357265 273047 222729 254258 231068 106310  44608
 357265 251034 192973 357211 193716 192973 200035 336113 286407 272930
 357651 357265 141999 169725 388710 339471 386642 171254 357651 357265
 226278 191283 386886 386423 327863 148908  57721 357265 388017  45929
  78616 358801 177103 171254 325574 269889 394474 302343 193919  43010
  98913 129025 170101  93370 204013 143240 272620 190277 226272  66823]
