OriginalClass, 1
NewClass, 1
NumberWordsChanged, 35
WordPositions
215	216	217	218	219	220	221	222	223	224	225	226	227	228	229	230	231	232	233	234	235	236	237	238	239	240	241	242	243	244	245	246	247	248	249	
OldWordVectorPositions
[159426 185457 127708 126552      0  54718 186645 358159 333112 110156
 185457 390138 162051 358159 251034  21828 272930 268046   4961 239187
 185457 302352 174341 358159 251034 185457 358463 374676  80006  52315
 188481 357265 117140 383513 357265 390079 194101 323431 393704  87775
  62065 219145 185457 158482 193716  43010  19833 272930 268046   4961
 188481 254258      0 127922 329620  62065 264612 229835 239105 218167
 336113 185457  80756 357265 301046  43010  77162 176378 186645 193716
 383513 186645 106190 360914  78491  78491 390138 387967  43010 272042
 151349  74390 251034 186645 357809 385663 106268 264937 360914 357265
 286789 358159 251034 192973  44608 357265  85729 207446 386473 192973
 148444  87775      0 110156 174642 127491  74597 357265 341874 225639
 268745  87775 357225 193716 185457 170714 360914 145460 152216 250392
 268046 193716  71494 357265 118358 386431  81044 185457 222471 207446
 251057  54718 141816 186645 357809 346408 357809 110156 343256 160418
 337258 108564 118358 187631 264550  43010 144789 251034 142833  87775
  72477 239105 175199 390138 174642 329853 179018 186645 123517 323336
 358159 337913 151349 299975  87775 357651 264612 164328 360914 319690
  44608 193716  71494 193716 225650 222471 337266 361952  43010  90227
  54718 148224 358159 358159 357958 268046 124942 374676  79975 394564
 251057  58997 262350 225401 269798 254258 223628 268046 390079 251057
 141863 358159 361952 357265  89496 385217 337913 185457 110159 142852
 357265      0 357639 383513 269953  87775 357211 383513 357265  74390
 185457 110156 264937 186645 394474 127708 244950 187631 163745 360914
 111354 191811  43010 109275  54718 251014  65680  54718 152101  54718
 305257 239105 268046 182540  65963 358159 251034 320105 239105 151349]
NewWordVectorPositions
[159426 185457 127708 126552      0  54718 186645 358159 333112 110156
 185457 390138 162051 358159 251034  21828 272930 268046   4961 239187
 185457 302352 174341 358159 251034 185457 358463 374676  80006  52315
 188481 357265 117140 383513 357265 390079 194101 323431 393704  87775
  62065 219145 185457 158482 193716  43010  19833 272930 268046   4961
 188481 254258      0 127922 329620  62065 264612 229835 239105 218167
 336113 185457  80756 357265 301046  43010  77162 176378 186645 193716
 383513 186645 106190 360914  78491  78491 390138 387967  43010 272042
 151349  74390 251034 186645 357809 385663 106268 264937 360914 357265
 286789 358159 251034 192973  44608 357265  85729 207446 386473 192973
 148444  87775      0 110156 174642 127491  74597 357265 341874 225639
 268745  87775 357225 193716 185457 170714 360914 145460 152216 250392
 268046 193716  71494 357265 118358 386431  81044 185457 222471 207446
 251057  54718 141816 186645 357809 346408 357809 110156 343256 160418
 337258 108564 118358 187631 264550  43010 144789 251034 142833  87775
  72477 239105 175199 390138 174642 329853 179018 186645 123517 323336
 358159 337913 151349 299975  87775 357651 264612 164328 360914 319690
  44608 193716  71494 193716 225650 222471 337266 361952  43010  90227
  54718 148224 358159 358159 357958 268046 124942 374676  79975 394564
 251057  58997 262350 225401 269798 254258 223628 268046 390079 251057
 141863 358159 361952 357265  89496 385217 337913 185457 110159 142852
 357265      0 357639 383513 269953 197277 183242 124688 124283 388664
 264342 389747 250763 182559 389759 126211  57406 229208 110855 248038
 255222 269417  75449  67273 184924 391856  84893 166653 114789 355011
 298780 260011 285185 160965 397232 332199  84934 113608  63092 245036]
