OriginalClass, 1
NewClass, 0
NumberWordsChanged, 10
WordPositions
240	241	242	243	244	245	246	247	248	249	
OldWordVectorPositions
[385217 269798 193919 111503 330915 186645 193716  90548  71090 315709
 360914 174642 269953 360086 179124 123517 232569 360914  91590 357265
 271493 325990 268046 178091 385395 273315 264822  87775 272583 357108
 357211 385217 360914  89824  43010 338639  43010 338639 193716 346423
  75879 386306 357265 236224 133355 389507 110156 174642 127491 388710
 357265  51834  17044 244641 127111  86085 360086 179124 302352 126848
 231458 251315 389507 386886 383513  43010 149797 159538  57194 225629
 222471 357265  74390 148259 268046  51582 359888 357265 338994 133907
 185457 168566 394478  89824 357387 357211  58997 264550 141816 373316
 360914 106518 157049 341475 357265  45815 192973 385217 281353  44608
 124461 357283 106180  54718 357265  45086  58997  62578  62065 357265
 309176 268046 338178 268182  43010 225985 268046 357265  45815 154323
 357265 292385 231875  97035 192973 139731 288743 268422 385217  48613
 158566 288743 268422 244934  54718 150374  44608 357265  79629 137444
 110451 384081 179434  60779 386642 172587  44608  60665 186645 193716
 385663 175523 306411  59711 177989 357265 343940 188481 341677 383442
 170714 258214 386642  79376  59711 361939  54718 193716 123557 389835
 134678 357809 343256 164934  77940 141816 386423 268422  54718 106170
 160418 153995  88126 357265 235367 175523 301430 357809 150372  54718
 244930 188481 337258 385026 207715 268046 116552 141816 386423 357812
 357589 118188  54718 303661 360914 333669 386473 281886 188481 372895
 116588  54718 390443 237426 360086 179124 305666 357265 333669 154323
 301430 173825  72182 219577 273428 154323 196008  54718 357265  59170
 270970 383513 193716 198892  54718 357265 295751 185457 130894 357265
 336884 291927  71494 357812 244456  51582 323420 360914 200035 301000]
NewWordVectorPositions
[385217 269798 193919 111503 330915 186645 193716  90548  71090 315709
 360914 174642 269953 360086 179124 123517 232569 360914  91590 357265
 271493 325990 268046 178091 385395 273315 264822  87775 272583 357108
 357211 385217 360914  89824  43010 338639  43010 338639 193716 346423
  75879 386306 357265 236224 133355 389507 110156 174642 127491 388710
 357265  51834  17044 244641 127111  86085 360086 179124 302352 126848
 231458 251315 389507 386886 383513  43010 149797 159538  57194 225629
 222471 357265  74390 148259 268046  51582 359888 357265 338994 133907
 185457 168566 394478  89824 357387 357211  58997 264550 141816 373316
 360914 106518 157049 341475 357265  45815 192973 385217 281353  44608
 124461 357283 106180  54718 357265  45086  58997  62578  62065 357265
 309176 268046 338178 268182  43010 225985 268046 357265  45815 154323
 357265 292385 231875  97035 192973 139731 288743 268422 385217  48613
 158566 288743 268422 244934  54718 150374  44608 357265  79629 137444
 110451 384081 179434  60779 386642 172587  44608  60665 186645 193716
 385663 175523 306411  59711 177989 357265 343940 188481 341677 383442
 170714 258214 386642  79376  59711 361939  54718 193716 123557 389835
 134678 357809 343256 164934  77940 141816 386423 268422  54718 106170
 160418 153995  88126 357265 235367 175523 301430 357809 150372  54718
 244930 188481 337258 385026 207715 268046 116552 141816 386423 357812
 357589 118188  54718 303661 360914 333669 386473 281886 188481 372895
 116588  54718 390443 237426 360086 179124 305666 357265 333669 154323
 301430 173825  72182 219577 273428 154323 196008  54718 357265  59170
 270970 383513 193716 198892  54718 357265 295751 185457 130894 357265
 131053 132670 344714 291294 172136 300193 243195  70487  53598 365857]
