OriginalClass, 1
NewClass, 1
NumberWordsChanged, 35
WordPositions
215	216	217	218	219	220	221	222	223	224	225	226	227	228	229	230	231	232	233	234	235	236	237	238	239	240	241	242	243	244	245	246	247	248	249	
OldWordVectorPositions
[ 72921  43010      0 108700 192973 108462 179434 333050 383513  85461
 207441  54718 383080 360914  84236 177103 207446 360914 200044  87775
 177661  57923  88126 342432 386886  72481 179434 333050 383513  43010
 378463 268046  43010 385672 113550 336113  72921 179434 333059  74390
 154049  54718 342432 364330 360914 364194 360914 295763  43010 136979
 360914 358159 141999 358159 192973 188953  64362      0 345206  54718
 185457 389446 182540 193716 141816 164934 305007 193716 231492 357265
 271493 182593 225629 222471  43010 236253 386306 383513 100306 219441
 357979  60665 358159 174032 360914  71090 179434 390079 281311 194101
 323431 357639 383513  43010 225985 390469 388710 358159 302292      0
 148224 300386 154323 357265 302352 172315  54718 389561 281316 154323
  55847 238381 302549  85060 235249  43010 184156  54718 349833 116823
 264550 360914 151675 219441  97887 145412 358451      0  97698  54718
 216426 338994 133907  65963 374162 268046 222350 357265 184007 186645
 357639 383513  57170 364258  39277 253590 388710 337258 268046 357265
 148224 200035 150794 269798 337258 372321  67817 286442      0 174695
 271416 386473 192973  43010 331301 360914 323336  54718  43010 360411
 343963 388710 149655  54718  55915 123184 185457 358463 186645 193716
 383513 357211  65963 193716 390138  71090  64363 155345  87775 185457
 383513 390469 357265 289390 385663 357265 224614  54718 325992 268046
 357265 148224 225639 166369  87775 357225  44608 193716  45929 187377
  46173 349833 116823 329710 344754 320242 361939 131142 357265 136979
 111520 357265  67817 286468 357353      0 337464 131142  43010 385026
 248952 268046 320245 154323 357265 148224 386473 185457  71566 357265
 297566 386983  54273  64362 284318 268046 241860 182573  62065 219145]
NewWordVectorPositions
[ 72921  43010      0 108700 192973 108462 179434 333050 383513  85461
 207441  54718 383080 360914  84236 177103 207446 360914 200044  87775
 177661  57923  88126 342432 386886  72481 179434 333050 383513  43010
 378463 268046  43010 385672 113550 336113  72921 179434 333059  74390
 154049  54718 342432 364330 360914 364194 360914 295763  43010 136979
 360914 358159 141999 358159 192973 188953  64362      0 345206  54718
 185457 389446 182540 193716 141816 164934 305007 193716 231492 357265
 271493 182593 225629 222471  43010 236253 386306 383513 100306 219441
 357979  60665 358159 174032 360914  71090 179434 390079 281311 194101
 323431 357639 383513  43010 225985 390469 388710 358159 302292      0
 148224 300386 154323 357265 302352 172315  54718 389561 281316 154323
  55847 238381 302549  85060 235249  43010 184156  54718 349833 116823
 264550 360914 151675 219441  97887 145412 358451      0  97698  54718
 216426 338994 133907  65963 374162 268046 222350 357265 184007 186645
 357639 383513  57170 364258  39277 253590 388710 337258 268046 357265
 148224 200035 150794 269798 337258 372321  67817 286442      0 174695
 271416 386473 192973  43010 331301 360914 323336  54718  43010 360411
 343963 388710 149655  54718  55915 123184 185457 358463 186645 193716
 383513 357211  65963 193716 390138  71090  64363 155345  87775 185457
 383513 390469 357265 289390 385663 357265 224614  54718 325992 268046
 357265 148224 225639 166369  87775 357225  44608 193716  45929 187377
  46173 349833 116823 329710 344754 166103 356702 331361 127851  50464
 230762 149254 137437 199208 381092  71104 345602 394488  87962 343952
  89073 383467 138599 288631 292378 252317 234539 361681 311948 283732
 200716 322811 256108 272328  83824 356242 322448  82218 176896  87377]
