OriginalClass, 1
NewClass, 1
NumberWordsChanged, 35
WordPositions
215	216	217	218	219	220	221	222	223	224	225	226	227	228	229	230	231	232	233	234	235	236	237	238	239	240	241	242	243	244	245	246	247	248	249	
OldWordVectorPositions
[185457 374386 341874  88126 304999 357265 291553 268046 357265 148224
  87775  71895  57187 231492  57170 174287 199389  44608 254258 307253
 220870 239105 291358 193716  88126 319744 357211 187631 337266 386886
 222494 250392 148269 200035  97762 254258 272583 307261  52315 188481
 357265 117140 192973  43010 148224  88126 124763 374676  79975 386959
 148224 308561  71895 358159 269953 383513 182387 268046 357265 118188
  17520 222471  52315 188481 357265 117140 193716 383513  52520  43010
 148224  46127 268046  43010 378546 157049  52261 141948 174341 193716
 385217 185457 226298 193716 185457 141816 158482 193716  43010   4961
 272930 268046   4961 254258 287479 188481 342049 358159 386473 387695
 348380 367634 337258 302222 268074 187871 192973 357211 186645 141816
 185457 174341  52315 188481 357265 117140 357639 253767  71090 337301
 390469 388710 193716 357265 291553 386886  52943 185457 207091  62698
 360914 341955  43010 291553 151349 358159 148224 192973  44608  60665
 132683  60665 366273 360914  66984 357265 372190 342018  86085  87775
 177231 193716 163634  57194 337258  58682 125119 141986 268046 337258
 225979  53504 189140 364993 357265 189140 364993  57698 170714 125119
 337258 239197 268046  84477 357265 323024 389937 386473 383513 141999
 188481 257320 357265  65963 345206 388455 357387 272930  87775 264550
  71895 357809 110156 224666 357265 127800 360914 357265 141999 389937
  54718 358815  64331 357265 205835 217909 337258      0 306267 386886
 170714  71814 142830 388710 357265 277242  54718 339034 358159 364993
 118743 360914 142818 269798 337258 207126 360914 366253 360914 292969
 337258 207715 268046 184682 388710 357265 323024 389937  72477 193716
 270970      0 373316 360914 358159 287479  54718 357411 337258 192973]
NewWordVectorPositions
[185457 374386 341874  88126 304999 357265 291553 268046 357265 148224
  87775  71895  57187 231492  57170 174287 199389  44608 254258 307253
 220870 239105 291358 193716  88126 319744 357211 187631 337266 386886
 222494 250392 148269 200035  97762 254258 272583 307261  52315 188481
 357265 117140 192973  43010 148224  88126 124763 374676  79975 386959
 148224 308561  71895 358159 269953 383513 182387 268046 357265 118188
  17520 222471  52315 188481 357265 117140 193716 383513  52520  43010
 148224  46127 268046  43010 378546 157049  52261 141948 174341 193716
 385217 185457 226298 193716 185457 141816 158482 193716  43010   4961
 272930 268046   4961 254258 287479 188481 342049 358159 386473 387695
 348380 367634 337258 302222 268074 187871 192973 357211 186645 141816
 185457 174341  52315 188481 357265 117140 357639 253767  71090 337301
 390469 388710 193716 357265 291553 386886  52943 185457 207091  62698
 360914 341955  43010 291553 151349 358159 148224 192973  44608  60665
 132683  60665 366273 360914  66984 357265 372190 342018  86085  87775
 177231 193716 163634  57194 337258  58682 125119 141986 268046 337258
 225979  53504 189140 364993 357265 189140 364993  57698 170714 125119
 337258 239197 268046  84477 357265 323024 389937 386473 383513 141999
 188481 257320 357265  65963 345206 388455 357387 272930  87775 264550
  71895 357809 110156 224666 357265 127800 360914 357265 141999 389937
  54718 358815  64331 357265 205835 217909 337258      0 306267 386886
 170714  71814 142830 388710 357265 308092 174314 341768  69484 133427
 299425 170920  96657 264542 186158  66603 271296 104047 272555  57065
 286449 375762 173327 118247 154225 169995 363951  60493 311611 101811
 286093 185199 338563 272304 274265 397934 262413 385405 266384 318888]
