OriginalClass, 1
NewClass, 0
NumberWordsChanged, 4
WordPositions
246	247	248	249	
OldWordVectorPositions
[307253 237383 107993 337258 339863 187377 231458 358159 307253 329710
  54718 349414 185457  81794 358159 251034 154323  74390  87972  71494
 193716 338170 191289  54718 170714 337258 362049  45905 188481 193716
 222471 205814 338621  54718 249790 153557 182540  65963 110156 193716
  71090 308561 385217 193919 292006  65963 200062 359864 286468 287942
  43010 383028 199001 386886 345243  45776  43010  93018 357211 237383
 218947 360914 109587 108858  62065      0 287768 151407 224189 108564
 194437 192973 119092  43010 108700 388746 357265 151407 269798  43010
 338994 151407 354460  89857 153242 148908 306549  61569 351270 177661
 354473 388710  54273      0  65963 108700 256053      0 131641 238317
 188481 357265 270547 320242 384373 323336      0 119092 352024 269798
 337258  68100 309831  87775  62065 261149 357809  58997  87749  43010
 110481 268046 169754 126981 129721 185457 127708 383067 360914 162051
 360914 251645  64331  87775 357964 367634  65963 151349 357265 169754
 126981 357265 129721 287942 386886 389912 151349  61029 249790 153557
 163634 360914  43010 364928 192218 119101      0 175199 348705 152364
 286375  54718 388710 357265 176551 268046  61029 126848 337258 192125
 357211 367700 369897 382663 205814 338621 386886 192973  51582 388746
 357265 153242 354460 198486 388710  61029 360914 366253 360914  84236
 357265 109587 108858 360914 200044 394474  90548 355344 154323 357265
  71956 357211 153557  54718      0 281311  58997 292006 215516 357265
 270201 281904 357211 162051  43010  51582 272930 281311 192973 131641
 238317 175199 192973  43010 106326 265811  93018 188481 358159 251034
  54718 229835  43010  72479 272930 268046 239105 224189 108564 194437
 192973 356325 188481 358159 148224 175199 319764 141941 222946 357265]
NewWordVectorPositions
[307253 237383 107993 337258 339863 187377 231458 358159 307253 329710
  54718 349414 185457  81794 358159 251034 154323  74390  87972  71494
 193716 338170 191289  54718 170714 337258 362049  45905 188481 193716
 222471 205814 338621  54718 249790 153557 182540  65963 110156 193716
  71090 308561 385217 193919 292006  65963 200062 359864 286468 287942
  43010 383028 199001 386886 345243  45776  43010  93018 357211 237383
 218947 360914 109587 108858  62065      0 287768 151407 224189 108564
 194437 192973 119092  43010 108700 388746 357265 151407 269798  43010
 338994 151407 354460  89857 153242 148908 306549  61569 351270 177661
 354473 388710  54273      0  65963 108700 256053      0 131641 238317
 188481 357265 270547 320242 384373 323336      0 119092 352024 269798
 337258  68100 309831  87775  62065 261149 357809  58997  87749  43010
 110481 268046 169754 126981 129721 185457 127708 383067 360914 162051
 360914 251645  64331  87775 357964 367634  65963 151349 357265 169754
 126981 357265 129721 287942 386886 389912 151349  61029 249790 153557
 163634 360914  43010 364928 192218 119101      0 175199 348705 152364
 286375  54718 388710 357265 176551 268046  61029 126848 337258 192125
 357211 367700 369897 382663 205814 338621 386886 192973  51582 388746
 357265 153242 354460 198486 388710  61029 360914 366253 360914  84236
 357265 109587 108858 360914 200044 394474  90548 355344 154323 357265
  71956 357211 153557  54718      0 281311  58997 292006 215516 357265
 270201 281904 357211 162051  43010  51582 272930 281311 192973 131641
 238317 175199 192973  43010 106326 265811  93018 188481 358159 251034
  54718 229835  43010  72479 272930 268046 239105 224189 108564 194437
 192973 356325 188481 358159 148224 175199 267692 268711 392670  98496]
