OriginalClass, 1
NewClass, 0
NumberWordsChanged, 11
WordPositions
239	240	241	242	243	244	245	246	247	248	249	
OldWordVectorPositions
[185457 123557 209645 251645  44608 358159 251034  71895 185457 383743
 193716  87775 185457 175426 193716 170714 337301 360914 126552 388710
 297180 283892 336113 185457 383513 191289 386306 185457 123557 209645
 192973 357211 358159 192973 264550  45929  43010 343963  87775  43010
  86766 268046      0  78605 386886 226278 357265 338149 268046 357353
 274148 380507 352232  44608 182540 223830 357809 209645  44608  69840
 297180 239295 185457 319690 193716  72766 249714 188481 357265 126747
  93724 357108 105647 270970 128966 234973 236681 192973 188481 357265
 251034 188481 271173 360914 162051 358159 259972  48003 350067 337258
 337917 268046  43010 343981 177103 289203 268046 357265 148224 146344
 181874 351228 269798  54718  58997 239200 360914 125540 357265 338963
 358472 336113 384373 389497 123577 268046  80959 236681 174032  43010
 302292 198213  60665  43010 283650 372357 357265 259972  48003 179239
 357211 111275 269798 177103 110110 384373 160418 360914 223635 360914
 256055 280944 299969 269798  44608 386306 297180 283892  51582 239197
 360914 357387 357265 269953  84107 340108 188481 358159 251034 383513
 357265 338959 154323 189129 185457  61762  87775 185457 357969 175199
 329998 373316 151349 357265 390469 148224 193716 225650 222471  68596
 133442 302352 220870 177555 163237  54718 327863 163634 269798  54718
 269798  44608 182540 297180 321703 174032 337301 360914 126552 388710
 177103 111389 259972  48003  72472 193716 225650 222471 297202 154323
 129878 383513 313432 226394 269798  93063  54718 175199  52520 231492
  43010  84030  57716 188481 357265 148224 357639 192973  43010 225985
 268046      0  95923 385663 348225 360914  71090 188347 388710  95005
 188481 357265  79376  58997 330027  60665 116588 196796 248026  71494]
NewWordVectorPositions
[185457 123557 209645 251645  44608 358159 251034  71895 185457 383743
 193716  87775 185457 175426 193716 170714 337301 360914 126552 388710
 297180 283892 336113 185457 383513 191289 386306 185457 123557 209645
 192973 357211 358159 192973 264550  45929  43010 343963  87775  43010
  86766 268046      0  78605 386886 226278 357265 338149 268046 357353
 274148 380507 352232  44608 182540 223830 357809 209645  44608  69840
 297180 239295 185457 319690 193716  72766 249714 188481 357265 126747
  93724 357108 105647 270970 128966 234973 236681 192973 188481 357265
 251034 188481 271173 360914 162051 358159 259972  48003 350067 337258
 337917 268046  43010 343981 177103 289203 268046 357265 148224 146344
 181874 351228 269798  54718  58997 239200 360914 125540 357265 338963
 358472 336113 384373 389497 123577 268046  80959 236681 174032  43010
 302292 198213  60665  43010 283650 372357 357265 259972  48003 179239
 357211 111275 269798 177103 110110 384373 160418 360914 223635 360914
 256055 280944 299969 269798  44608 386306 297180 283892  51582 239197
 360914 357387 357265 269953  84107 340108 188481 358159 251034 383513
 357265 338959 154323 189129 185457  61762  87775 185457 357969 175199
 329998 373316 151349 357265 390469 148224 193716 225650 222471  68596
 133442 302352 220870 177555 163237  54718 327863 163634 269798  54718
 269798  44608 182540 297180 321703 174032 337301 360914 126552 388710
 177103 111389 259972  48003  72472 193716 225650 222471 297202 154323
 129878 383513 313432 226394 269798  93063  54718 175199  52520 231492
  43010  84030  57716 188481 357265 148224 357639 192973  43010 225985
 268046      0  95923 385663 348225 360914  71090 188347 388710 166192
 376718 155846  62785 204710 143901  78234 262885  94933 186619 124395]
