OriginalClass, 1
NewClass, 0
NumberWordsChanged, 22
WordPositions
228	229	230	231	232	233	234	235	236	237	238	239	240	241	242	243	244	245	246	247	248	249	
OldWordVectorPositions
[257293  81104 207448  14957 101278 114166 298135 124777 114166      0
 193919  54273 373210 269316 343722 284277  87775 386423 185457 302207
 175199 383513 269798 129721 131142 357265 148255 185457 258454 262350
 155499 142859 257293  81104 207448 192973  43010 309194 229753  51582
 272930 148261 357211 384373 126552 264550 160418 377945 268345 344232
 294613  60438 284282 257293  81104 207448 192973  69842 357265 343963
 268046 182540 368320 236058 207448 385663 288922  54718 162852  88126
 357265 239464 357639 192973  43010 166369 320242 386431  54273 191741
 297580 337258 354797  44608 243040  54718 232174  54718 357265 354796
 319764 253218 192973 390469  87775 186645 185457 383513  43010 236058
 253225 186309  71090 243040  54718 232174 243040 121734 358159 388710
  43010 333189 268046 153102 357265 248926  54718 128770 153102 128770
 153102 192973 357265 239464 386886 174032 367661 357387 191811 357760
 248934 207448 250392 269316 343722 148269 142273 357265 149801 268046
 357265  53499 357265 110432 357211 357265 124763 226345  54718  46695
 185457 168566 257293  81104 207448 192973  44608 357265 133896 268046
 236058 239464 354661  54718 182540 267282  60665  43010 257161  53540
  58997  54718 250392 268046 357265 389937 273428 357964 346372  60665
 236058 207448  54718  77324 333194 357265 207448 286407  88126 389669
 173760 243040  54718 199606 221303 232174  58997 142484  61881  88126
 368320 142331  45905 386886 342772 191811 357265 223999 268046 368320
 191291  85449 207448 243040  54718 232174  72477 357211 337258 280944
  58997 390107 268046 207463 281353 188481 357265 112696 357606 268046
 336297 117366 348610 268046 357265 149178 243040 319764 188481 179434
 191737 188481 292520 357211 272583 339028 105951 253218 384373  60665]
NewWordVectorPositions
[257293  81104 207448  14957 101278 114166 298135 124777 114166      0
 193919  54273 373210 269316 343722 284277  87775 386423 185457 302207
 175199 383513 269798 129721 131142 357265 148255 185457 258454 262350
 155499 142859 257293  81104 207448 192973  43010 309194 229753  51582
 272930 148261 357211 384373 126552 264550 160418 377945 268345 344232
 294613  60438 284282 257293  81104 207448 192973  69842 357265 343963
 268046 182540 368320 236058 207448 385663 288922  54718 162852  88126
 357265 239464 357639 192973  43010 166369 320242 386431  54273 191741
 297580 337258 354797  44608 243040  54718 232174  54718 357265 354796
 319764 253218 192973 390469  87775 186645 185457 383513  43010 236058
 253225 186309  71090 243040  54718 232174 243040 121734 358159 388710
  43010 333189 268046 153102 357265 248926  54718 128770 153102 128770
 153102 192973 357265 239464 386886 174032 367661 357387 191811 357760
 248934 207448 250392 269316 343722 148269 142273 357265 149801 268046
 357265  53499 357265 110432 357211 357265 124763 226345  54718  46695
 185457 168566 257293  81104 207448 192973  44608 357265 133896 268046
 236058 239464 354661  54718 182540 267282  60665  43010 257161  53540
  58997  54718 250392 268046 357265 389937 273428 357964 346372  60665
 236058 207448  54718  77324 333194 357265 207448 286407  88126 389669
 173760 243040  54718 199606 221303 232174  58997 142484  61881  88126
 368320 142331  45905 386886 342772 191811 357265 223999 268046 368320
 191291  85449 207448 243040  54718 232174  72477 357211 337258 280944
  58997 390107 268046 207463 281353 188481 357265 112696 143319 293447
 219923 360656  95636 108032 199412 173861 250124 366358  57808 313425
 260780 313076  91885 146959  86459 360854 226343 242828 225281  80017]
