OriginalClass, 1
NewClass, 0
NumberWordsChanged, 14
WordPositions
236	237	238	239	240	241	242	243	244	245	246	247	248	249	
OldWordVectorPositions
[ 55049 173403 239798 118570  14067 192973 357265 261688  42857 148224
 268046 357265 325549  54718 193716 330038 357265 124748 193716 383513
 189556 175246 191811  97035  55049 173403 243040 311198  54718 199376
 173403 221303 343722 385663 163745 360914  71090 154357  54718  95187
 357265 306581 268046 357265  93265 383513 163745 361939 200035 295245
 357265 102945  54718 104979 357353  97803 357265 325549 390138 309135
 360914 357265 267396  47887  54718 174642 193919 248245  87775  43010
 145540 118852 170714 325898 188481 221303 343722 358808 357265 325549
 390138 108153 361939 289253 357265  97014 268046 199376 173403 188481
  43010 350026 233320 357265 306581 268046 357265  93265 390138  71090
 293041 141816 358461 162058 220815  54718 220815 360914 126552 243040
 311198 269798 357265 272583 172466 390138 108153 179434  97014  60665
 186645 357639 383513 262350 219115 114042  55053 302192 360914  57170
 333189 383513 188481  43010 255780  54718 370806 384121 141816  47798
 175199 307031  60665  43010 378072 268046 389937 383134 186986 325757
 188481 226278 218189  62065  55049 173403  14121 179434 302192 360914
  57170 354495 355529 383513 357265 316998 200123 188481 358159 148224
 193716 192973 102496 187519  55049 160457 179018 191811 326145 370806
 333194 357211 388710  43010 332119 142859 390138 174642  71814 306454
 358159 322171 390446 122509 383513 209675  60665 357265 186467 286789
  43010 239197 268046 344624  43010 288752 390449 320239 237426 193716
 383513 220815 243040 311199 145731 357411 357265 124763  54718 357265
 390433 250392 222484 159864  65064 323775 170714 124744 269953 361939
 233708  54718  43010 148879 172466 383513 258454 361939 108302 311199
 142362 360914 323336 272881 274006 268046 357265 137937 325549 163237]
NewWordVectorPositions
[ 55049 173403 239798 118570  14067 192973 357265 261688  42857 148224
 268046 357265 325549  54718 193716 330038 357265 124748 193716 383513
 189556 175246 191811  97035  55049 173403 243040 311198  54718 199376
 173403 221303 343722 385663 163745 360914  71090 154357  54718  95187
 357265 306581 268046 357265  93265 383513 163745 361939 200035 295245
 357265 102945  54718 104979 357353  97803 357265 325549 390138 309135
 360914 357265 267396  47887  54718 174642 193919 248245  87775  43010
 145540 118852 170714 325898 188481 221303 343722 358808 357265 325549
 390138 108153 361939 289253 357265  97014 268046 199376 173403 188481
  43010 350026 233320 357265 306581 268046 357265  93265 390138  71090
 293041 141816 358461 162058 220815  54718 220815 360914 126552 243040
 311198 269798 357265 272583 172466 390138 108153 179434  97014  60665
 186645 357639 383513 262350 219115 114042  55053 302192 360914  57170
 333189 383513 188481  43010 255780  54718 370806 384121 141816  47798
 175199 307031  60665  43010 378072 268046 389937 383134 186986 325757
 188481 226278 218189  62065  55049 173403  14121 179434 302192 360914
  57170 354495 355529 383513 357265 316998 200123 188481 358159 148224
 193716 192973 102496 187519  55049 160457 179018 191811 326145 370806
 333194 357211 388710  43010 332119 142859 390138 174642  71814 306454
 358159 322171 390446 122509 383513 209675  60665 357265 186467 286789
  43010 239197 268046 344624  43010 288752 390449 320239 237426 193716
 383513 220815 243040 311199 145731 357411 357265 124763  54718 357265
 390433 250392 222484 159864  65064 323775 170714 124744 269953 361939
 233708  54718  43010 148879 172466 383513 394290  65934 295835 256741
 171226 165250 283819 379959 287036  44812 269198  45723 150731 348805]
