OriginalClass, 0
NewClass, 0
NumberWordsChanged, 35
WordPositions
215	216	217	218	219	220	221	222	223	224	225	226	227	228	229	230	231	232	233	234	235	236	237	238	239	240	241	242	243	244	245	246	247	248	249	
OldWordVectorPositions
[188481 357265 117967  71895 164646  54718 326240 361952 273428 302292
 181890 148269 385663 229835  93405 268046  78456 192973 188481 254258
 140083 269953 268046 357265 148472  52673 272583 307259 174642 162058
 193716 246677 301046 188481  54273 267697 337917 268046 384121 193716
 305258 268046 357265 249714 302801 357265 272587 386473 383513 188481
 357265 357287  43010 110481 268046 393334  48262 124763  57008 234384
 305147 179434 274148 284277 188481  14445 360615 193716 358159 359888
 384514 268046 357265 339407  49495 258849      0      0 119810 299204
 386983 175199 123517 358159 185457 126552 264550 371425  52673 357265
 305161 341852  56316 152994  54718 208877 207998  54718 383513 377945
 164328 188481 193919 274148 308561 281353 175199 319557  43010 164328
 343963  54718 388589 360914 351694 193716 249714 360914  53504  62980
 185457 126552 264550 302352 209645 193716 192973 191290 357211 175199
 123517 357265 271493 188481  77486  54718 386642  54718 357265 305161
 188481 105304  93405 268046  78456 192973 142331 193747 164966 215204
 116906      0 192973 315709 360914  71090  54273 372668 389835 268046
 133472  51874 287341 386886  57721 188481 358159 148224 287341  54718
 225800  77688 274156 268046  43010 174538  93405  74465  53504 390422
  50372 152291 159864 309453 357211 175199  90964 339257  51582 338126
 261149 188481 315709  93405  54718 348615 152291 132311  45105 357265
  74465  87775 337661 304339 193716 151349 175199 192973 388778 360914
  43010 325549 268046 253231 105961  88126 160907 193716 323430 357211
 357265 160907 105625  65680 360914 222138 269889 141941 147468 393334
  87775  58997 127778 360914 303784 357265 111850 357809 105961 188481
 222138 225800  77688 108369 151675 360914 355344 152291 357211 179434]
NewWordVectorPositions
[188481 357265 117967  71895 164646  54718 326240 361952 273428 302292
 181890 148269 385663 229835  93405 268046  78456 192973 188481 254258
 140083 269953 268046 357265 148472  52673 272583 307259 174642 162058
 193716 246677 301046 188481  54273 267697 337917 268046 384121 193716
 305258 268046 357265 249714 302801 357265 272587 386473 383513 188481
 357265 357287  43010 110481 268046 393334  48262 124763  57008 234384
 305147 179434 274148 284277 188481  14445 360615 193716 358159 359888
 384514 268046 357265 339407  49495 258849      0      0 119810 299204
 386983 175199 123517 358159 185457 126552 264550 371425  52673 357265
 305161 341852  56316 152994  54718 208877 207998  54718 383513 377945
 164328 188481 193919 274148 308561 281353 175199 319557  43010 164328
 343963  54718 388589 360914 351694 193716 249714 360914  53504  62980
 185457 126552 264550 302352 209645 193716 192973 191290 357211 175199
 123517 357265 271493 188481  77486  54718 386642  54718 357265 305161
 188481 105304  93405 268046  78456 192973 142331 193747 164966 215204
 116906      0 192973 315709 360914  71090  54273 372668 389835 268046
 133472  51874 287341 386886  57721 188481 358159 148224 287341  54718
 225800  77688 274156 268046  43010 174538  93405  74465  53504 390422
  50372 152291 159864 309453 357211 175199  90964 339257  51582 338126
 261149 188481 315709  93405  54718 348615 152291 132311  45105 357265
  74465  87775 337661 304339 193716 151349 175199 192973 388778 360914
  43010 325549 268046 253231 105961  76222 206435 377977 287184 110720
 221820 283753 398203 350565 146373  68396 143118 278337 218946 106780
 275197 253728 201533  52806  69486 272548 364210  48206 143379 361344
 357090 237572 166316 178876 277466 307277 369582  90062 295770 138885]
