OriginalClass, 1
NewClass, 0
NumberWordsChanged, 1
WordPositions
249	
OldWordVectorPositions
[185457      0 175426 268046 358159 148224 373139 185457 302207  54273
  60371  44608 193716 269798 357265 372321 251057 384601 386473 229835
 239105 113894  60665  43010  92865  54718 187525 254554 187631  54273
  46693 268046 308118      0 389835 185457 300964      0 161238  60665
 269953 268046 357265 148472 100274 339023 268046  51582 359888  54718
 141816 358461 386886 152899 310457 298377 343838  72182 269953 268046
 254258 145850 148269 386423 185457 164934 278468 357265  48003 268046
 333363 185457 343256 174642 357265 178572 268046 304135 151349 357265
  53974 268046 389835  92019  54718  62719 360914 122128 357211 385594
 191811 111453 357265 379870  87775 193716 323430 357265 232536 174032
 179434 145741 250392 264559  43010 293512 151349 163745 273428  86085
  54718 273428 320451  54718 358159 148224 192973  43010 356545 268046
 200035 182540 144971 390469 141816  43010      0 189262 222471 387763
  90548 163237 162058 357265 308561 101520 299148  55727  54718  55049
 192973  43010 344232 107026 357211 365140 360914  71090 385026  54718
 142820  54718 268074 357265 382653 388746 357265 107119 268046  43010
  99005  92859 193716 365140  52520 360914  71090  43010 253603 193716
 365140 360914  71090  43010 358476  54718 269953 272583 357964  60665
 385217 192973 193716  43010 153348 192973 193716  43010      0 192973
 193716  43010 275069 360914 357265 190360 268046  98992 187671 373139
 193716 148356 104944 371151 357265 384892 268046 193919 274148 222728
  53301  54718  61482 193919  71422  55553 151349 357265 250392 277915
 358461 357265  77829  65765 110156 174642 374167  43010 223830 249714
  62719  87775 141816 357211 126852 110224 151349 251645 386423 394567
 107199 388710 357265 171889  44849 357211 107834 251645 268046 357265]
NewWordVectorPositions
[185457      0 175426 268046 358159 148224 373139 185457 302207  54273
  60371  44608 193716 269798 357265 372321 251057 384601 386473 229835
 239105 113894  60665  43010  92865  54718 187525 254554 187631  54273
  46693 268046 308118      0 389835 185457 300964      0 161238  60665
 269953 268046 357265 148472 100274 339023 268046  51582 359888  54718
 141816 358461 386886 152899 310457 298377 343838  72182 269953 268046
 254258 145850 148269 386423 185457 164934 278468 357265  48003 268046
 333363 185457 343256 174642 357265 178572 268046 304135 151349 357265
  53974 268046 389835  92019  54718  62719 360914 122128 357211 385594
 191811 111453 357265 379870  87775 193716 323430 357265 232536 174032
 179434 145741 250392 264559  43010 293512 151349 163745 273428  86085
  54718 273428 320451  54718 358159 148224 192973  43010 356545 268046
 200035 182540 144971 390469 141816  43010      0 189262 222471 387763
  90548 163237 162058 357265 308561 101520 299148  55727  54718  55049
 192973  43010 344232 107026 357211 365140 360914  71090 385026  54718
 142820  54718 268074 357265 382653 388746 357265 107119 268046  43010
  99005  92859 193716 365140  52520 360914  71090  43010 253603 193716
 365140 360914  71090  43010 358476  54718 269953 272583 357964  60665
 385217 192973 193716  43010 153348 192973 193716  43010      0 192973
 193716  43010 275069 360914 357265 190360 268046  98992 187671 373139
 193716 148356 104944 371151 357265 384892 268046 193919 274148 222728
  53301  54718  61482 193919  71422  55553 151349 357265 250392 277915
 358461 357265  77829  65765 110156 174642 374167  43010 223830 249714
  62719  87775 141816 357211 126852 110224 151349 251645 386423 394567
 107199 388710 357265 171889  44849 357211 107834 251645 268046 185875]
