OriginalClass, 1
NewClass, 1
NumberWordsChanged, 35
WordPositions
215	216	217	218	219	220	221	222	223	224	225	226	227	228	229	230	231	232	233	234	235	236	237	238	239	240	241	242	243	244	245	246	247	248	249	
OldWordVectorPositions
[ 72477 193716 270970 127708 185457 174642 254258 377945 274148 131420
 108884 268046 358159 251034 386473 185457  81794  62065 382574 151349
  43010 166369  75774 386896 127111 187631 343256 264550 348373 186645
 193716 383513  43010 127111 385217 339275 270970  43010 127111 151242
 383689 292006  53201 325898 121858  54718 109975  57698 251645 358463
  54718 133946 385594 191811 357353 231552 357265 325898 121858  58997
 377945 242545 188481 345432 185457 222477 357387  43010 225985  54718
 317944 192973 188357 269953 268046 357265 249714 188357 317980 188481
 251039 187631 168571 357265 271493 191056  54718 295589 268046 358159
 251034 383513 360914  71090 337301 373456  54718  97848 151349  43010
 207126  62979  87775 337262 193716 105678  45776 297928 121392 188481
 143954 187631 219577 345269  62065 182540 121392 193716 192973 237426
 193919 357265 137444 130069 357211 231492 193716 323430 336113 121392
  54718  77324 269953 268046 357265 302484 185457 291371 360914 142808
 251057 188481 357265 271493 217055 357809 385663 229835  54718 357265
 374162 268046 137444 346234  60665 130069 268345 162064  54273 372095
 344240 357265 207071 380521 385663  62065 219145 130063 388710  45919
 207071 380521  60665 270811 360914 389422 291964 360914  71090 207126
 386473 355739 360914 338149 377945 377945 385026 123517 394474 209645
 357211 120634 188481 176378 339257 357353 153443 359888 116588  59937
 126981  67367 188481 357353      0 394474 123557 258790 123517 185457
 373139 185457 383743 358159 251034 269953 219119 337301 259972 141944
 192973 358159 251034  45929 390092 383752 264937 357225  43010 362734
 185457  91041 188481 164328 107564 303025 193716 360914  57187  60665
 193919 297928 125857 188481 193919 274148  77324 384121 393704 193919]
NewWordVectorPositions
[ 72477 193716 270970 127708 185457 174642 254258 377945 274148 131420
 108884 268046 358159 251034 386473 185457  81794  62065 382574 151349
  43010 166369  75774 386896 127111 187631 343256 264550 348373 186645
 193716 383513  43010 127111 385217 339275 270970  43010 127111 151242
 383689 292006  53201 325898 121858  54718 109975  57698 251645 358463
  54718 133946 385594 191811 357353 231552 357265 325898 121858  58997
 377945 242545 188481 345432 185457 222477 357387  43010 225985  54718
 317944 192973 188357 269953 268046 357265 249714 188357 317980 188481
 251039 187631 168571 357265 271493 191056  54718 295589 268046 358159
 251034 383513 360914  71090 337301 373456  54718  97848 151349  43010
 207126  62979  87775 337262 193716 105678  45776 297928 121392 188481
 143954 187631 219577 345269  62065 182540 121392 193716 192973 237426
 193919 357265 137444 130069 357211 231492 193716 323430 336113 121392
  54718  77324 269953 268046 357265 302484 185457 291371 360914 142808
 251057 188481 357265 271493 217055 357809 385663 229835  54718 357265
 374162 268046 137444 346234  60665 130069 268345 162064  54273 372095
 344240 357265 207071 380521 385663  62065 219145 130063 388710  45919
 207071 380521  60665 270811 360914 389422 291964 360914  71090 207126
 386473 355739 360914 338149 377945 377945 385026 123517 394474 209645
 357211 120634 188481 176378 339257 357353 153443 359888 116588  59937
 126981  67367 188481 357353      0 394474 123557 258790 123517 185457
 373139 185457 383743 358159 251034 362617 361218  76128 384439 220054
 397544 125694 296542 343216 267914 199722 256031 394606 200397 176086
 152043 303388 339133 202267 296353  98630 356127 212091 302438 209115
 326190  60535 109106 157889 357521  50610 127060 274068 252636 284010]
