OriginalClass, 1
NewClass, 0
NumberWordsChanged, 19
WordPositions
231	232	233	234	235	236	237	238	239	240	241	242	243	244	245	246	247	248	249	
OldWordVectorPositions
[357265 271493 192973  43010 304995 383735 388710 337258 366128 240743
  55553 325303 371798 357265 325295 386494 264550 357265 390079 268046
 357265 129985 325297 106329 215522 357265 338810 357265  75824 220882
 192973  43010 215502 268046  43010 343963 222471  72606 230310 389937
 357265  97035  58997 361391 358801  43010 325549 268046 378835 230310
 389937 386494 234406  74597 343256 232582 360914 231458  43010 241860
 268046 357265 343963 188481  74651 357265 378835 384373 323336 357265
 242878  62065 389835  54718 185457 281930 357969 357265  56706 268046
 195790  54718 169529  58997 357265 303440 241467 268046 358159 251034
 357265 148908 378834 192973 357265  74390  44608 101257 160466 374167
 360914  72182 360914  72182  43010 292372 358159 192973 357265  74390
  71494 357265 242878 385663  62065 357353 155342 177231 357265 390079
 268046 357265 378835 386423 195790 367700 191811  43010 183848 192973
 114194  62065 359970  87775 174032  43010 215502 268046 187671 357265
 217787 378834 386423  54549 144594 188481 226278 383513  52520 114194
 357265 292794 383513 185457 110159 187676  54549  72182 154059 388710
 101257  60665 185457 107670 177103 357265 239180 272930 268046 357265
 342884 358159 383513  52520 235178  88126  43010 301000 308331 346041
  44608 227050 144575 188481 226278 388710 288441 357265 188787 253590
 383513 377945 286522 360914 223635      0 185457 174341 357265 337509
 357809 385663 302352 372083  54718 264612 222471 357265  71421 354326
 190704 240584 268046 357265 271493 357265  97035 385663 357265 344859
 122455 177231 101257 386494 343256  92180 170714 225979 177103 332245
  54718  43010 225985 268046 177103  97224 154323 357265 271493 358461
 327863 126848 384427 337258 377945 292006 103108 357265 130517 170714]
NewWordVectorPositions
[357265 271493 192973  43010 304995 383735 388710 337258 366128 240743
  55553 325303 371798 357265 325295 386494 264550 357265 390079 268046
 357265 129985 325297 106329 215522 357265 338810 357265  75824 220882
 192973  43010 215502 268046  43010 343963 222471  72606 230310 389937
 357265  97035  58997 361391 358801  43010 325549 268046 378835 230310
 389937 386494 234406  74597 343256 232582 360914 231458  43010 241860
 268046 357265 343963 188481  74651 357265 378835 384373 323336 357265
 242878  62065 389835  54718 185457 281930 357969 357265  56706 268046
 195790  54718 169529  58997 357265 303440 241467 268046 358159 251034
 357265 148908 378834 192973 357265  74390  44608 101257 160466 374167
 360914  72182 360914  72182  43010 292372 358159 192973 357265  74390
  71494 357265 242878 385663  62065 357353 155342 177231 357265 390079
 268046 357265 378835 386423 195790 367700 191811  43010 183848 192973
 114194  62065 359970  87775 174032  43010 215502 268046 187671 357265
 217787 378834 386423  54549 144594 188481 226278 383513  52520 114194
 357265 292794 383513 185457 110159 187676  54549  72182 154059 388710
 101257  60665 185457 107670 177103 357265 239180 272930 268046 357265
 342884 358159 383513  52520 235178  88126  43010 301000 308331 346041
  44608 227050 144575 188481 226278 388710 288441 357265 188787 253590
 383513 377945 286522 360914 223635      0 185457 174341 357265 337509
 357809 385663 302352 372083  54718 264612 222471 357265  71421 354326
 190704 240584 268046 357265 271493 357265  97035 385663 357265 344859
 122455 177231 101257 386494 343256  92180 170714 225979 177103 332245
  54718 257231 114685  68424  64590 280822 117680 206887 101003 392750
 353714 262717 282484 128503 355851  52730 384944 173852 168616  84090]
