OriginalClass, 1
NewClass, 1
NumberWordsChanged, 35
WordPositions
215	216	217	218	219	220	221	222	223	224	225	226	227	228	229	230	231	232	233	234	235	236	237	238	239	240	241	242	243	244	245	246	247	248	249	
OldWordVectorPositions
[357265 321159 259226 235477 332065      0 192973 326301 183958  88126
  43010  86766 268046 102256  54718 357411 192973 188481  43010 215235
 142908 325898  88126 357387  52520 386431 179434 143869 192973 320156
  88126  45534 393334 217909  51582 357265 197041 160418 192186  65680
 360914 357265 178401 321159 332239 103066 151349  43010 307066 386306
 357809 123557 209645 192973 357211 235477 192973 192191 357387  65680
 360914 207423 357387 357411  43010 343913 341901 357812 224683 188481
 357265 321159  54718 235477 341901 360914 351934 307173 292006 331755
 357265 253231  58997 192049  54718 164824  54718 357639  58997 337258
 111565  62464 329871 268046 357265 121781      0 357225  44608 193716
 357265 183964 189756 269798      0  58997 249714 357108 112696 177661
 344750 174032 179434 175207 130841 188481  43010 361256  54718 160457
  87380  54718  58997 200035 370986 360914 383735 107671      0 105961
 346796 329819  47798 358159 383513 305007 231458 357387  52261 188297
 360914 378760  52520 358159 251034 163634 272930 268046 193919 384121
 360914 174642 265437 357639 192973 155017 154385 268046      0 348534
 151349  57170 251034  87775 269953 161844 118748 360914 351934  43010
  70229      0 357809 209645  43010 207446 192973 382924  59937  47798
 357387  54718 357411 357651 357265 110481 357211 174032 360914 174642
 326240 358159 192973 357265 368668 268046 148224 386431 357265 207446
 323430 360914 209645 386431 141943 192973 163745 360914  71090  54718
  90548 355228 179018 360914 357387 193716 137189 388710  43010 368283
 386473 170714 239105 167306  54718 310748 254258 143346 357411  56041
 368283 386473 170714 239105 383072 360914 358815 337301 175599  62065
 357265 367966 357265  45815 192973      0 164328  87775  71231  92476]
NewWordVectorPositions
[357265 321159 259226 235477 332065      0 192973 326301 183958  88126
  43010  86766 268046 102256  54718 357411 192973 188481  43010 215235
 142908 325898  88126 357387  52520 386431 179434 143869 192973 320156
  88126  45534 393334 217909  51582 357265 197041 160418 192186  65680
 360914 357265 178401 321159 332239 103066 151349  43010 307066 386306
 357809 123557 209645 192973 357211 235477 192973 192191 357387  65680
 360914 207423 357387 357411  43010 343913 341901 357812 224683 188481
 357265 321159  54718 235477 341901 360914 351934 307173 292006 331755
 357265 253231  58997 192049  54718 164824  54718 357639  58997 337258
 111565  62464 329871 268046 357265 121781      0 357225  44608 193716
 357265 183964 189756 269798      0  58997 249714 357108 112696 177661
 344750 174032 179434 175207 130841 188481  43010 361256  54718 160457
  87380  54718  58997 200035 370986 360914 383735 107671      0 105961
 346796 329819  47798 358159 383513 305007 231458 357387  52261 188297
 360914 378760  52520 358159 251034 163634 272930 268046 193919 384121
 360914 174642 265437 357639 192973 155017 154385 268046      0 348534
 151349  57170 251034  87775 269953 161844 118748 360914 351934  43010
  70229      0 357809 209645  43010 207446 192973 382924  59937  47798
 357387  54718 357411 357651 357265 110481 357211 174032 360914 174642
 326240 358159 192973 357265 368668 268046 148224 386431 357265 207446
 323430 360914 209645 386431 141943 192973 163745 360914  71090  54718
  90548 355228 179018 360914 357387 196124 230502 346649 359623 215765
  62335 160753 347659 182123 277006 183058  97499 376501 272213 102518
 393003 297928  85949  87828 168105 149694 209400 261848 312727 220846
 320490 202991  98476 283364 277319 397791 126069  71923 164947 370583]
