OriginalClass, 1
NewClass, 1
NumberWordsChanged, 35
WordPositions
215	216	217	218	219	220	221	222	223	224	225	226	227	228	229	230	231	232	233	234	235	236	237	238	239	240	241	242	243	244	245	246	247	248	249	
OldWordVectorPositions
[270970 249714 291187 336113  65963 357211 394474  58997 163745 360914
 174642 357265 359888 268046 394564 222138 218178 394564  61521 268074
 386423 394474 383735 193716 195355      0 118361 268046  14694 192973
  95616 269953 268046 357265 250392  64362 292988 357265 349741 337808
 345867 174032  85024  52318  87775 193716 192973 178623  54224 357265
  45815 192973 356325 357265 286789 192973 295472 111252  54718 357265
 133907  54718 283658 110159  71090 249714  53159  87775 193716 192973
 357265  65963  45815 357265  97887 133907  54718 357265 233708 139205
 357211 231492 358159 251034 336113 178764 339863  48608 118361 308195
 178828 192973  54273 143219 344850  54718 333806 383437 269953 117874
  43010 164328 388680 353666 178965 360914 372187 357265 358548 290231
 268046  96891  54718 111455  43010 349741  54273  54196  54718  43010
  96337 188481 271173 360914 153443 357265 110432 154323 193919  85449
 313198 357265 141999 207802  54718 337802      0 267327 357265 349741
 192973 297928 132683  87775 357265  54196  54718 357265  96337  58997
 188481      0 289432 152161 357265 141999 207802 174032  60017  43010
 363009 188481 386473 357265      0 250392 333806 383438 147967 132276
 272583 373139 118337 357265 388294 192973 357411 360914 351934 357265
 207845 285908 268046 110542 357265 207802 126852 383067  57178 360914
 351934 179434 285908  54273 357644 175199 174032 286118 360914 207423
 357265 388294 190756 268046 200035 264550  60023 357265 363009 188481
 357265 148908 285908 118361 192973 264550 270201 360914 267324 357265
 357265 358548 290231 268046 111455  87775  52520 360914 319417 357265
 269062 164328 207845 164678 117632  68678  73398 154323 357265 102379
 268046 141999      0 227090 175199 126852 160418  80958 269798 179434]
NewWordVectorPositions
[270970 249714 291187 336113  65963 357211 394474  58997 163745 360914
 174642 357265 359888 268046 394564 222138 218178 394564  61521 268074
 386423 394474 383735 193716 195355      0 118361 268046  14694 192973
  95616 269953 268046 357265 250392  64362 292988 357265 349741 337808
 345867 174032  85024  52318  87775 193716 192973 178623  54224 357265
  45815 192973 356325 357265 286789 192973 295472 111252  54718 357265
 133907  54718 283658 110159  71090 249714  53159  87775 193716 192973
 357265  65963  45815 357265  97887 133907  54718 357265 233708 139205
 357211 231492 358159 251034 336113 178764 339863  48608 118361 308195
 178828 192973  54273 143219 344850  54718 333806 383437 269953 117874
  43010 164328 388680 353666 178965 360914 372187 357265 358548 290231
 268046  96891  54718 111455  43010 349741  54273  54196  54718  43010
  96337 188481 271173 360914 153443 357265 110432 154323 193919  85449
 313198 357265 141999 207802  54718 337802      0 267327 357265 349741
 192973 297928 132683  87775 357265  54196  54718 357265  96337  58997
 188481      0 289432 152161 357265 141999 207802 174032  60017  43010
 363009 188481 386473 357265      0 250392 333806 383438 147967 132276
 272583 373139 118337 357265 388294 192973 357411 360914 351934 357265
 207845 285908 268046 110542 357265 207802 126852 383067  57178 360914
 351934 179434 285908  54273 357644 175199 174032 286118 360914 207423
 357265 388294 190756 268046 200035 264550  60023 357265 363009 188481
 357265 148908 285908 118361 192973  58879  74590 258370 378288 270321
 354890 158894 114750 362415 232854 255402  71712  80756 172100  81968
 116518 135901 334448  76330 327934 222557 298589 306414  62396 284231
 113668 358033 143414 238046  64251 346742 105530 124331 320202  81584]
