OriginalClass, 1
NewClass, 0
NumberWordsChanged, 6
WordPositions
244	245	246	247	248	249	
OldWordVectorPositions
[358159 251034 329915  71090  89857 286043  40724 154323 198859 335397
 185457 357969 193919 385031 192973 371215 357265 286489 323430 360914
 174642 302207 279027      0 357265 288940  80110  14404  54718 111094
  43010 253603 306549 229835 139731 151349 249930 357265 386896 287479
 268046 357265 286375 192973 357211 174695  60665 233708  99004  60665
 394474  90548 192973 277915 268046 175583 145598 163561 286043  54718
  57189 357211 341519 188481 357265 384121 268046 174695 249714  65460
 192973 377945  65963 160418 193716 358159 377861 383513 148242 188481
  14821 386473 192973 107214 193919 374429 336113 193716 225650  54718
 146354 222471  14694 357265 286375 383513  45929 390449 188481  14492
  54718 268046 110542 357265 357563 192973 277915  13189 277915  70463
 156524 337258 268046 357265  45830 351989 285908 269798 132482  54718
 337258 188481 357265      0  54273  48997      0 386431  55915 207126
 382319 360914 160418 357353  79332 336113 357809  90548 105625 128527
 366253 264550 360914 334322 357265 127800 269798 357265 246292 225959
 357353 329853  62065  94922 162861 193716 192973  60665 341178  60665
 357809 105625  87775 127708 220870 357265 288743 357302 339859 394564
  57894 151349 358159 120414 249928 372241 386431 357265 108564 207126
  58997  51582 191811 288940 108302 291927 110214 357353 277483 264550
 360914 174642  57170 249714  99004 174695  75774 144712 383513  62065
 357265 359888 357265 286375 383513 390449 357265 113584 264161 188481
 357265 218930 106074  54718 249714 188276 107670 277915 268046 163561
 286043 357265 100707 174032 332239 127491  43010  13027  54718 174642
 229835 144715 286121  43010  99771 268046 357265 277483  54718 217449
 144712  58997 251645 220815 357265 113584 264161 264937 231552 357265]
NewWordVectorPositions
[358159 251034 329915  71090  89857 286043  40724 154323 198859 335397
 185457 357969 193919 385031 192973 371215 357265 286489 323430 360914
 174642 302207 279027      0 357265 288940  80110  14404  54718 111094
  43010 253603 306549 229835 139731 151349 249930 357265 386896 287479
 268046 357265 286375 192973 357211 174695  60665 233708  99004  60665
 394474  90548 192973 277915 268046 175583 145598 163561 286043  54718
  57189 357211 341519 188481 357265 384121 268046 174695 249714  65460
 192973 377945  65963 160418 193716 358159 377861 383513 148242 188481
  14821 386473 192973 107214 193919 374429 336113 193716 225650  54718
 146354 222471  14694 357265 286375 383513  45929 390449 188481  14492
  54718 268046 110542 357265 357563 192973 277915  13189 277915  70463
 156524 337258 268046 357265  45830 351989 285908 269798 132482  54718
 337258 188481 357265      0  54273  48997      0 386431  55915 207126
 382319 360914 160418 357353  79332 336113 357809  90548 105625 128527
 366253 264550 360914 334322 357265 127800 269798 357265 246292 225959
 357353 329853  62065  94922 162861 193716 192973  60665 341178  60665
 357809 105625  87775 127708 220870 357265 288743 357302 339859 394564
  57894 151349 358159 120414 249928 372241 386431 357265 108564 207126
  58997  51582 191811 288940 108302 291927 110214 357353 277483 264550
 360914 174642  57170 249714  99004 174695  75774 144712 383513  62065
 357265 359888 357265 286375 383513 390449 357265 113584 264161 188481
 357265 218930 106074  54718 249714 188276 107670 277915 268046 163561
 286043 357265 100707 174032 332239 127491  43010  13027  54718 174642
 229835 144715 286121  43010  99771 268046 357265 277483  54718 217449
 144712  58997 251645 220815 353891 195706 230726 261059 316639 388622]
