OriginalClass, 1
NewClass, 0
NumberWordsChanged, 27
WordPositions
223	224	225	226	227	228	229	230	231	232	233	234	235	236	237	238	239	240	241	242	243	244	245	246	247	248	249	
OldWordVectorPositions
[193919 268345 315709 357211 360981 181524 200035 344925 227099 388710
 179434 167242  14507 181890 148224 357265 356796  96165 319557 236080
  54718 141941 359888 185457 323336  56041 181524 148224 357211 378760
 192973 270201 304695 193716 390138 323420 357211 181524 383071 360914
 231458 179434 274148 377861 268046 148269 346372  60665 320048  54718
 148834 188481  14860  54718 336113 384373 136979 373316 388710 339923
 105611  43010 148224 388710  43010 110481 268046 164328 186369  54718
  43010 386896 224431 249714 357211  58997  81225 154323 272583 148269
 295763 193716  51582 361189  54718 394474 160418  43010 241941  81044
 148224 357211 250392 280944 390138 126552 385217 360914 246253 357265
 148224 218983 357265  62979 360914  72477 357211 193716 243977  71090
 171586 118700 190178 388710  54273 191908  65680 343963 357211 150793
 269798 337258 142832  92687 272930 269798 368320 394520 280944 188481
 357265 147920 357265 110481 174642  43010  98970  54718 329819 357641
  87324 360914 118337  60665  43010 306708 268046 357265 142832 127491
 269798 357387 145460 152216 337258 393334  54718 357265  65526 192973
 264937  54273  46922 256053 316835  87775 257315 177661 264550  43010
 264164 281904  54718 337661 148441 386423 193919 125119 357211 175199
 174032 357265  44430 360914 325898 357964 269798 148728  62065 387695
 357265 148224 341860  82572 128434 386886 253767 174642 323425 222471
  43010 164328  93403  99771 162058 179434 346320 388710  99010 286375
 368320 393334 132405  87775  45929 383513  54273 372083 118781  60665
 357265  95247 281311 192973 302352 356325  54718 264550 176555  88126
 357265 356325 348220 281316 357265 367536 124748  54718 130591 322255
  52520 127708 126552 357265 148224 233708 145853  54718 357265 364706]
NewWordVectorPositions
[193919 268345 315709 357211 360981 181524 200035 344925 227099 388710
 179434 167242  14507 181890 148224 357265 356796  96165 319557 236080
  54718 141941 359888 185457 323336  56041 181524 148224 357211 378760
 192973 270201 304695 193716 390138 323420 357211 181524 383071 360914
 231458 179434 274148 377861 268046 148269 346372  60665 320048  54718
 148834 188481  14860  54718 336113 384373 136979 373316 388710 339923
 105611  43010 148224 388710  43010 110481 268046 164328 186369  54718
  43010 386896 224431 249714 357211  58997  81225 154323 272583 148269
 295763 193716  51582 361189  54718 394474 160418  43010 241941  81044
 148224 357211 250392 280944 390138 126552 385217 360914 246253 357265
 148224 218983 357265  62979 360914  72477 357211 193716 243977  71090
 171586 118700 190178 388710  54273 191908  65680 343963 357211 150793
 269798 337258 142832  92687 272930 269798 368320 394520 280944 188481
 357265 147920 357265 110481 174642  43010  98970  54718 329819 357641
  87324 360914 118337  60665  43010 306708 268046 357265 142832 127491
 269798 357387 145460 152216 337258 393334  54718 357265  65526 192973
 264937  54273  46922 256053 316835  87775 257315 177661 264550  43010
 264164 281904  54718 337661 148441 386423 193919 125119 357211 175199
 174032 357265  44430 360914 325898 357964 269798 148728  62065 387695
 357265 148224 341860  82572 128434 386886 253767 174642 323425 222471
  43010 164328  93403  99771 162058 179434 346320 388710  99010 286375
 368320 393334 132405  87775  45929 383513  54273 372083 118781  60665
 357265  95247 281311 363230 278608 274783 261732  71429 186603 372080
  94651 274628 304579 385091 390077 181697 167556  89997 329009 397307
 151524 186553 360448 250065 234309 306907 181975 304161 265635 398506]
