OriginalClass, 1
NewClass, 0
NumberWordsChanged, 4
WordPositions
246	247	248	249	
OldWordVectorPositions
[193919 123789 360914 291187 295763 191811 389822 357265 327994  64364
 268046 358159 148224  54273 137938 259972 380378 387695 174642 360914
  71090 192044 360914 121730 357265 106326  44761 268046  57189 141816
 305339 302986  60665 183993 270970 141816 137889 188481 298377 356530
 336113  60665  43010 335128 108284 360914 358159 155653 133946 186309
 222471 360914 346704 358159 389792      0  46546  43010 105576 268046
 183445  54718 356333 374167 360914 121730 273758  53302 118382 222471
 357265 148224 298377 356530 198186 309413  54718 180682 340521 292972
 196237      0 174642 326151 273834 357353 239146  44429 360914  54218
 188481 358159      0 147328 268046 390349 366273 360914 295763 361189
  54273  49228 345399 105647 388710  43010 248027 104990 268046 156362
 264588 360914 198186 160117 126726 174666  71814 155345 332239 376498
 125347 154323 357353 166222 188481 357265  93893 357225 192973  65963
 137680  87775 106426 358159 101291 111836 192973 309413 124774 345399
 386473  90548  74390  71090 121731  60665 369897  54718  43010  93265
 268046      0      0 336113 132310 360914 286531 357809 273795 141816
 357265 384391 268046 358819 156362  46882 188481 358159 318512 322568
 268046 318150 192973  43010 173045  76185 112928 188481 179434 148224
 118568 310672  60665 357265 148269 173045 293783 223275 383752 112928
 188481 358159 284055 192973 251645 222471 383752  43010  78229 281904
 351934  43010 344819 188481  43010 245026 141859 357265 111891 303954
  71586  43010 324692 106917  60665  97698 198514  47798  97698 198514
  78616 373316 188481 179434 143869 185457  90548 270201 339115  44608
 357265 337917 268046  62979 386886 243977  45929 222471 298377 356530
  88865 248145  54718 244325 306798 224095  58997  51582 222484  90740]
NewWordVectorPositions
[193919 123789 360914 291187 295763 191811 389822 357265 327994  64364
 268046 358159 148224  54273 137938 259972 380378 387695 174642 360914
  71090 192044 360914 121730 357265 106326  44761 268046  57189 141816
 305339 302986  60665 183993 270970 141816 137889 188481 298377 356530
 336113  60665  43010 335128 108284 360914 358159 155653 133946 186309
 222471 360914 346704 358159 389792      0  46546  43010 105576 268046
 183445  54718 356333 374167 360914 121730 273758  53302 118382 222471
 357265 148224 298377 356530 198186 309413  54718 180682 340521 292972
 196237      0 174642 326151 273834 357353 239146  44429 360914  54218
 188481 358159      0 147328 268046 390349 366273 360914 295763 361189
  54273  49228 345399 105647 388710  43010 248027 104990 268046 156362
 264588 360914 198186 160117 126726 174666  71814 155345 332239 376498
 125347 154323 357353 166222 188481 357265  93893 357225 192973  65963
 137680  87775 106426 358159 101291 111836 192973 309413 124774 345399
 386473  90548  74390  71090 121731  60665 369897  54718  43010  93265
 268046      0      0 336113 132310 360914 286531 357809 273795 141816
 357265 384391 268046 358819 156362  46882 188481 358159 318512 322568
 268046 318150 192973  43010 173045  76185 112928 188481 179434 148224
 118568 310672  60665 357265 148269 173045 293783 223275 383752 112928
 188481 358159 284055 192973 251645 222471 383752  43010  78229 281904
 351934  43010 344819 188481  43010 245026 141859 357265 111891 303954
  71586  43010 324692 106917  60665  97698 198514  47798  97698 198514
  78616 373316 188481 179434 143869 185457  90548 270201 339115  44608
 357265 337917 268046  62979 386886 243977  45929 222471 298377 356530
  88865 248145  54718 244325 306798 224095 340597  48438 223776  59721]
