OriginalClass, 1
NewClass, 1
NumberWordsChanged, 35
WordPositions
215	216	217	218	219	220	221	222	223	224	225	226	227	228	229	230	231	232	233	234	235	236	237	238	239	240	241	242	243	244	245	246	247	248	249	
OldWordVectorPositions
[339863  72786  88904 147457 174032 254258 262534 151349 390079 148224
 268046 357265      0 194101 323431 357211 192973 358159 251034 192973
 344147 157581 357639 192973 336113 251645 390469 388710 357265 148224
 394474  91041 176551  87775  71090  53196  62065 182540  65963 193716
 302352 192973 358159 251034 170714 336113 251645 289872 360914  71090
 164328  87775 370303 229835 264612 268046 193716 357265  97035 385663
  60665 130637  60665 269953  90548  71090 151349 357265 137937 251034
 394567 200035  61290 394572 386983 390138 394474 126552 357211 270970
 386320 394564 287479 188481 126981      0 192973 182540 187479  54718
 345296 357265  97035  58997 384373 160418 262350  65760 191811 357387
 336113 257315 394474 302352 127708 162051  43010 301111  60665  44608
 357353      0 110156 270201 218167  62065 357353 345300 357265 335064
 234240 151349 190734 383513 327863 357211 181844 357211 327863 170714
 360914 334557 388710 279027 308289 344850 357639 383513 262350 287479
 188481      0  52261  60665 186645 357265 148260 258454  43010 142467
 360914 162051 177103 357265 379676 336113 380542 369875 390138  57187
 302352 163237 191811 357265 389632  54718 129404 383771 154323 357265
 145695 268046  43010  88904 388755 225644  62065 193716 148908 386983
 123557  74143 200035 329608 357265 330825 169725 154323 357265 341874
 251034      0  71814 273428 357211      0 357809 137041 373316 207463
 178965  57194 386983 123517 193716 351934 357387 336113 225289 360914
 148356 118742 360914 219178 357265  88904 141816 186645 357809 170714
 360914 382590 262350 187377 200035 382319 373139  15341 268046 254258
 154060  58997 189625 269953  43010  78253  64331 154323 118337 360914
 148356 270867 360914 382590 273328 357639 386306 383513 142250 357265]
NewWordVectorPositions
[339863  72786  88904 147457 174032 254258 262534 151349 390079 148224
 268046 357265      0 194101 323431 357211 192973 358159 251034 192973
 344147 157581 357639 192973 336113 251645 390469 388710 357265 148224
 394474  91041 176551  87775  71090  53196  62065 182540  65963 193716
 302352 192973 358159 251034 170714 336113 251645 289872 360914  71090
 164328  87775 370303 229835 264612 268046 193716 357265  97035 385663
  60665 130637  60665 269953  90548  71090 151349 357265 137937 251034
 394567 200035  61290 394572 386983 390138 394474 126552 357211 270970
 386320 394564 287479 188481 126981      0 192973 182540 187479  54718
 345296 357265  97035  58997 384373 160418 262350  65760 191811 357387
 336113 257315 394474 302352 127708 162051  43010 301111  60665  44608
 357353      0 110156 270201 218167  62065 357353 345300 357265 335064
 234240 151349 190734 383513 327863 357211 181844 357211 327863 170714
 360914 334557 388710 279027 308289 344850 357639 383513 262350 287479
 188481      0  52261  60665 186645 357265 148260 258454  43010 142467
 360914 162051 177103 357265 379676 336113 380542 369875 390138  57187
 302352 163237 191811 357265 389632  54718 129404 383771 154323 357265
 145695 268046  43010  88904 388755 225644  62065 193716 148908 386983
 123557  74143 200035 329608 357265 330825 169725 154323 357265 341874
 251034      0  71814 273428 357211      0 357809 137041 373316 207463
 178965  57194 386983 123517 193716 351934 357387 336113 225289 360914
 148356 118742 360914 219178 357265 124611 376708  54525 114380 122645
 193145 208631 128939 246717 117419 259234 189254 327057 321846 355732
 274310 306015 275862  76657 267563 206980 374007  52645 177336 186580
 117781  70159  98466 345292 119683 123993 341624 358474 212076 177669]
