OriginalClass, 1
NewClass, 1
NumberWordsChanged, 35
WordPositions
215	216	217	218	219	220	221	222	223	224	225	226	227	228	229	230	231	232	233	234	235	236	237	238	239	240	241	242	243	244	245	246	247	248	249	
OldWordVectorPositions
[357225 308561  43010 251034 390449 124744  54718 292970  88126 153371
 356010  54718 144715 153371 329915 174642 209675  74597 174695 389862
 357265 325965 268046 360560  54718 126911 336113 357265 286789 357639
  58997 337258 321724  54718 337258 151580 300380  54718  43010 182186
  98762 388710 183606 144390  83414 357809  58997  51582 302352  65963
  62065 357353 198242 188839 357265 182186      0 185457 357969 192973
 348225 360914  71090  43010 283650  87775 386886  92078  71494 327863
 384445  43010  75962 269953 268046 357265 151580 300380 105868 357211
 357265 321724  58997 293041 280944 386473 192973 164328  71494 193716
 390138  71090 181872 186645 357809 385663 293041 167748 270970 196802
 270970 142136 357809  58997 178741 358801 357265 389632 188481 322768
 268046 337258 344232  57403  80319  54718 262350 269953 141816 269889
 241112 357211 357265  80319 200035 243977  71090 358451 268046 357265
 189587  75812 357809 200035 382920  59937  54718 269953 268046 357265
 300380 370633 179650 269798 357265 182280 384373  51582 181581 175199
 123676 302292 337661  52318 388710 179434 333050 386958 239200 360914
  71090 357265 114194 255780 269953  87775 192973 302352 200035  55915
 357411 357809 158097 148427  43010      0 185457 239170  57403  55539
  87230 167570 268046 110542 262350 241112 357211 193716 243977 200035
  71090  75812  80319 357812 241923 388710 185457 168566 321724  54718
 151580 300380 200035 127708 357969  44608 358451 368686 268046 357964
 357411 318861  54718 179434 364993 160418 302352  55411  54718 207423
  51582 357265 280944 384373 125377  97358 357265 272583 225949  64331
  54718  87240 179434 166369  63235 253286  54718 110622 198879 386886
 123595 188481  54273 371797 365962  45129  51582 273428  47887 190630]
NewWordVectorPositions
[357225 308561  43010 251034 390449 124744  54718 292970  88126 153371
 356010  54718 144715 153371 329915 174642 209675  74597 174695 389862
 357265 325965 268046 360560  54718 126911 336113 357265 286789 357639
  58997 337258 321724  54718 337258 151580 300380  54718  43010 182186
  98762 388710 183606 144390  83414 357809  58997  51582 302352  65963
  62065 357353 198242 188839 357265 182186      0 185457 357969 192973
 348225 360914  71090  43010 283650  87775 386886  92078  71494 327863
 384445  43010  75962 269953 268046 357265 151580 300380 105868 357211
 357265 321724  58997 293041 280944 386473 192973 164328  71494 193716
 390138  71090 181872 186645 357809 385663 293041 167748 270970 196802
 270970 142136 357809  58997 178741 358801 357265 389632 188481 322768
 268046 337258 344232  57403  80319  54718 262350 269953 141816 269889
 241112 357211 357265  80319 200035 243977  71090 358451 268046 357265
 189587  75812 357809 200035 382920  59937  54718 269953 268046 357265
 300380 370633 179650 269798 357265 182280 384373  51582 181581 175199
 123676 302292 337661  52318 388710 179434 333050 386958 239200 360914
  71090 357265 114194 255780 269953  87775 192973 302352 200035  55915
 357411 357809 158097 148427  43010      0 185457 239170  57403  55539
  87230 167570 268046 110542 262350 241112 357211 193716 243977 200035
  71090  75812  80319 357812 241923 388710 185457 168566 321724  54718
 151580 300380 200035 127708 357969  44608 358451 368686 268046 357964
 357411 318861  54718 179434 364993 347879 182918 281711 256201 324934
  55252  68854 181039 382618 291794 380663 358127 230626 225837 142905
 234604  64668 216244 387972 270154 283253 185413 298585 163724 112913
 206432 206345 114096 307259 320643  48509 171446 221123 286695 196605]
