OriginalClass, 1
NewClass, 0
NumberWordsChanged, 2
WordPositions
248	249	
OldWordVectorPositions
[148908 268074  57187 386886 357982 358159 325295 360914 387759      0
 357265 153730 107431 192973 347947 192973 250392 119370 106329 190513
 270970 249970 270970  81562 357265 292794 388710 307260 358159 148224
 192973 357211  43010 193919  43010 325295 360914  43010  84181 251034
 386473  52879 231492 383752 193716 267079 123789  54718  65064 193919
 124744  88126 198418      0 269953 268046 357265  74390  53504 124777
 141863 336113 185457 383071 360914 222471 193716 387759      0 383513
 357265 281272 281904 360914 124729  43010 148224  44608 129696 363514
 188481 118653 259972 394336 101722  71494 268046 179434      0  57920
 360914 357265  45830  54718 343963      0 269798 357265 272583 172466
 192973 269953 268046 357265 250392 345422 124777 141863 186573 357265
 232706  90739  54718 323107  54718 388710 179434 153730 107431  15341
 193716 146354 222471 337266 366273 360914  71090 167277  54718 264550
 174695 357265 366080 371428 360914 295094 193716 268074 357211 143954
 357211      0 383513 100075 360914 124729 357265 325295  88126 159367
 170696 179018 302352 355374  43010 225985  44608      0 371428  44608
 357265 271493 148224 361939 193919 385217 209675 170696 174341 154021
 269798 357265 325898  54718 381153 360914 259914 389835 388710 178965
  47887 193919  52520 209675 175199 138136 357265  97014 360914  71090
 249714 269953 124207 225707 384892  54718 366273 360914 286375 178965
 222471  43010 344147  97014 193716 330038 394474 170696 121972  72182
  43010 166369  45893 170714 262350 186344 386886 360914 231458 357265
 251034  54718 357265 343963 166369 357265 286789 287479 268046 128691
  71587  54273  46203 192973 191290  87775 126852 383400 357265 306581
 268046 357265 148224  54273 371797 226394 287479 188481      0 148264]
NewWordVectorPositions
[148908 268074  57187 386886 357982 358159 325295 360914 387759      0
 357265 153730 107431 192973 347947 192973 250392 119370 106329 190513
 270970 249970 270970  81562 357265 292794 388710 307260 358159 148224
 192973 357211  43010 193919  43010 325295 360914  43010  84181 251034
 386473  52879 231492 383752 193716 267079 123789  54718  65064 193919
 124744  88126 198418      0 269953 268046 357265  74390  53504 124777
 141863 336113 185457 383071 360914 222471 193716 387759      0 383513
 357265 281272 281904 360914 124729  43010 148224  44608 129696 363514
 188481 118653 259972 394336 101722  71494 268046 179434      0  57920
 360914 357265  45830  54718 343963      0 269798 357265 272583 172466
 192973 269953 268046 357265 250392 345422 124777 141863 186573 357265
 232706  90739  54718 323107  54718 388710 179434 153730 107431  15341
 193716 146354 222471 337266 366273 360914  71090 167277  54718 264550
 174695 357265 366080 371428 360914 295094 193716 268074 357211 143954
 357211      0 383513 100075 360914 124729 357265 325295  88126 159367
 170696 179018 302352 355374  43010 225985  44608      0 371428  44608
 357265 271493 148224 361939 193919 385217 209675 170696 174341 154021
 269798 357265 325898  54718 381153 360914 259914 389835 388710 178965
  47887 193919  52520 209675 175199 138136 357265  97014 360914  71090
 249714 269953 124207 225707 384892  54718 366273 360914 286375 178965
 222471  43010 344147  97014 193716 330038 394474 170696 121972  72182
  43010 166369  45893 170714 262350 186344 386886 360914 231458 357265
 251034  54718 357265 343963 166369 357265 286789 287479 268046 128691
  71587  54273  46203 192973 191290  87775 126852 383400 357265 306581
 268046 357265 148224  54273 371797 226394 287479 188481 246507  91186]
