OriginalClass, 1
NewClass, 0
NumberWordsChanged, 26
WordPositions
224	225	226	227	228	229	230	231	232	233	234	235	236	237	238	239	240	241	242	243	244	245	246	247	248	249	
OldWordVectorPositions
[220870 358159 148224 325740  60665 357265 118337 209458 360914 357265
  75774 368283 148269  81109 272930 268046 357265  14886 209675 188481
 337258 101451  60665 357265 214675 338521 350174 358159 101291 334687
 268046 172466 174032 264937  71814 127491 360914 118337  88126 228656
 261149      0  54718 141816 311020 182548 374167  43010 376115 188481
  43010  71421 244950 182573 188481 307368 124763 169725 309252 209675
 188481 337258 101451  60665 251315 229999 374516 357265 338521 250521
 188481  43010 144971 249714 267242 233320 196008 342038 388710  43010
 178623 297569 175207 268046 171254 341860  60665 194667 166484 209675
 360914  51582  60665 251315 166484 175199 237383 270970 237383 264550
  52520  71090 111855 236249 251315 163826 270970 281353 251315 163826
 192973  54273 192911 339643 386886  90548 289428 240688 268046 357265
 371496 187631 264550 297928  95614  87775 185457  95616 127708  92019
 307368 192973 269953 268046 357265 250392 274037 142285 268046 101291
 142361 194101 170714 357265 125550 360914 137199 188481 297928  43010
 225289 359888 388778 357265 152809 359888 344935 357265 275310 199694
 114238 357265  94659      0  54718 357265 275311 291972  55553 325298
 358159 141950  54718 357265 208526 332587 124747 345399 231492 297508
      0 268038 225629 323245 357265 101291 335450  54718 245832 270201
 218947 239105 360914  72477 357211 309252 383513  60665  80958 355367
 358159 365529 352136  60665 185457 383513 383752 193716 357265 148224
 192973 148198 388710 248245 268046 307147 357211  58997 348226 329447
  87775 357809 270201 105625  60665 260141 360914 251315 166484 185457
 383071 360914 222471 166484  60665 185457  52879 137548 344340  60665
  43010  97014 386886 192973 368320 342881  48608 268046 141948 135869]
NewWordVectorPositions
[220870 358159 148224 325740  60665 357265 118337 209458 360914 357265
  75774 368283 148269  81109 272930 268046 357265  14886 209675 188481
 337258 101451  60665 357265 214675 338521 350174 358159 101291 334687
 268046 172466 174032 264937  71814 127491 360914 118337  88126 228656
 261149      0  54718 141816 311020 182548 374167  43010 376115 188481
  43010  71421 244950 182573 188481 307368 124763 169725 309252 209675
 188481 337258 101451  60665 251315 229999 374516 357265 338521 250521
 188481  43010 144971 249714 267242 233320 196008 342038 388710  43010
 178623 297569 175207 268046 171254 341860  60665 194667 166484 209675
 360914  51582  60665 251315 166484 175199 237383 270970 237383 264550
  52520  71090 111855 236249 251315 163826 270970 281353 251315 163826
 192973  54273 192911 339643 386886  90548 289428 240688 268046 357265
 371496 187631 264550 297928  95614  87775 185457  95616 127708  92019
 307368 192973 269953 268046 357265 250392 274037 142285 268046 101291
 142361 194101 170714 357265 125550 360914 137199 188481 297928  43010
 225289 359888 388778 357265 152809 359888 344935 357265 275310 199694
 114238 357265  94659      0  54718 357265 275311 291972  55553 325298
 358159 141950  54718 357265 208526 332587 124747 345399 231492 297508
      0 268038 225629 323245 357265 101291 335450  54718 245832 270201
 218947 239105 360914  72477 357211 309252 383513  60665  80958 355367
 358159 365529 352136  60665 185457 383513 383752 193716 357265 148224
 192973 148198 388710 248245 268046 307147 357211  58997 348226 329447
  87775 357809 270201 105625 293500 256032 364758 159573 385137 221036
 157365 151320 114156 179940 354791 129386 179735 295139 337036 362819
 120706 311706 309051 325852 209153 378721 392032  84522 176658 287594]
