OriginalClass, 1
NewClass, 0
NumberWordsChanged, 29
WordPositions
221	222	223	224	225	226	227	228	229	230	231	232	233	234	235	236	237	238	239	240	241	242	243	244	245	246	247	248	249	
OldWordVectorPositions
[357265  95247 357397 188481 358159 251034 323430 360914  71090 107216
  60665 357265 304967 325990  45815  54718 336297 108098  51582 218947
 360914 357265 316998 285908 107216 141816 174006 204831  57721 360914
  71090 272930 268046 179434 135301  54718 215522 179434 374385 188083
 102162 124748  54718 191051 360914 231458 236869 390058 179434  97035
 256046 192973  97689  54718 384373  58997 270201 361391 124758  88126
 357265 256749 385217 191811 357265 148224 357211 175199 192973 264550
 357211  97689 200035  43010 169725 256053  97689 357265 144715 304967
 305151 370957 373139 357265 136979 268046 357265 148224  54718 269889
 119365 357265 144715 192973 126022 357265 394533 159439 268074 360914
  53499 336113 102713 272583 307261 125161 182540 357265 251034 121186
 357265 188025 268046 357265 307351 269798  43010  82339 144715 182573
 357265 287865 341421 268046 357265 124763 192973 253311  62065  74390
  54718 384373  58997 259914 297928 348373 386886 192973 306556 151349
 386306  78494 336113 357809 225979 357353 293520  45705  88126 157032
 293102 336113 386306 304106 360914 351934  43010 287865 341439 386423
 231552  43010 251034  44608 357265 113211 307351 192973  54273 267697
  54718 110767  99771 264550 360914 241108 357265 251034 383513 188481
 137444 386983  58997  51582 357760 113222 338966 137444 262350 389439
 357809 123517 264550 160418 281620 360914 148224 188481 113208  54718
 186645 144715 222138 192973 250392 188273 360914 225629  62065 177231
 193716 390138  71090 166369 186645 384373 110156 148016 272930 386886
 192973 386886 384373  58997 191916 360914 357387  51582 188481 357265
  71956  43010  97698 384121 272930 268046 231552 357265 304967 102471
 358808 357265 148224 357265  45815 383513 250425 327057 389561  54718]
NewWordVectorPositions
[357265  95247 357397 188481 358159 251034 323430 360914  71090 107216
  60665 357265 304967 325990  45815  54718 336297 108098  51582 218947
 360914 357265 316998 285908 107216 141816 174006 204831  57721 360914
  71090 272930 268046 179434 135301  54718 215522 179434 374385 188083
 102162 124748  54718 191051 360914 231458 236869 390058 179434  97035
 256046 192973  97689  54718 384373  58997 270201 361391 124758  88126
 357265 256749 385217 191811 357265 148224 357211 175199 192973 264550
 357211  97689 200035  43010 169725 256053  97689 357265 144715 304967
 305151 370957 373139 357265 136979 268046 357265 148224  54718 269889
 119365 357265 144715 192973 126022 357265 394533 159439 268074 360914
  53499 336113 102713 272583 307261 125161 182540 357265 251034 121186
 357265 188025 268046 357265 307351 269798  43010  82339 144715 182573
 357265 287865 341421 268046 357265 124763 192973 253311  62065  74390
  54718 384373  58997 259914 297928 348373 386886 192973 306556 151349
 386306  78494 336113 357809 225979 357353 293520  45705  88126 157032
 293102 336113 386306 304106 360914 351934  43010 287865 341439 386423
 231552  43010 251034  44608 357265 113211 307351 192973  54273 267697
  54718 110767  99771 264550 360914 241108 357265 251034 383513 188481
 137444 386983  58997  51582 357760 113222 338966 137444 262350 389439
 357809 123517 264550 160418 281620 360914 148224 188481 113208  54718
 186645 144715 222138 192973 250392 188273 360914 225629  62065 177231
 193716 390138  71090 166369 186645 384373 110156 148016 272930 386886
 192973  57972 128465 342675 366811  85625  86088 124781 284345  68445
  88416 143838 202093 139300  58102 369084 112075 260622 162024 107130
 104284  56590  79463 280896  71831 148029 367787 345661 229722 104128]
