OriginalClass, 1
NewClass, 0
NumberWordsChanged, 9
WordPositions
241	242	243	244	245	246	247	248	249	
OldWordVectorPositions
[357265 251034 170714  43010 164328 106706  87775 357265 142487 200035
 123557 223944 373316 360914 193716 386306 192973 358159 106706 385217
      0 193919 124850 173822 239798 228656  43010  98970 207446 174032
  72003 356385  43010 101722 357265 218947 122158 120925 181634  54718
 153386 151580 174642 259914 118278 388710  43010 325523 207446  71895
 357265 237520  54718 357265 287768  98834 188481 121960 323148 179313
 357265 224573 247202 360914 339146 357964 373606 163237 285942  54718
 126552 357964 357211 357265 287768 390143  71090  44493 360914 188481
 271173 360914  84236  54273 136979 360914 358159 241860  60665 337661
  60665 289446 360914  71090 144249 358159 148224 126848 159710 174642
 337258 164328 357964 360914 268186  74313 357265 106706 185457 222477
 357265 225629 268046 357265 207448 178289 264182  70220 174032 179434
  69753 358159 169725 174032  54273 133832 326228 188481 337258 268046
 357265 329871 357265 222292  81896 268074 357265 383771  54718 111450
 309086 303942 269798 357265 382769 268345 162071 357760 320245  43010
 111565 129175 297112 357265  45815 383513 164328 361939 120925 181634
 192973 269953 268046 358451  45905 386886 160457  74597 388710  48003
 269889 394474 160418 278468 357211 182573 193716      0 163634 128568
 357265 148224 192973 274757 384121 361939 145460 357265  45919 192129
 292848 154323  81562 354482 146354 377945 313596  60665 270811 360914
 146352 191902  54718 145390 358159 110156 174642  71814 149340 188481
 368320 384170 134678 231458 357265 148224 225401 270970 114166 272930
 337258 268046 357265 233708 346042 134678 268046 357760 390138 174642
  52072 357265 111748 360914 122589 249714 359888 360914 357265  45919
 254586 151349  54273 142283 268046 182540  65963 358159 192973 269953]
NewWordVectorPositions
[357265 251034 170714  43010 164328 106706  87775 357265 142487 200035
 123557 223944 373316 360914 193716 386306 192973 358159 106706 385217
      0 193919 124850 173822 239798 228656  43010  98970 207446 174032
  72003 356385  43010 101722 357265 218947 122158 120925 181634  54718
 153386 151580 174642 259914 118278 388710  43010 325523 207446  71895
 357265 237520  54718 357265 287768  98834 188481 121960 323148 179313
 357265 224573 247202 360914 339146 357964 373606 163237 285942  54718
 126552 357964 357211 357265 287768 390143  71090  44493 360914 188481
 271173 360914  84236  54273 136979 360914 358159 241860  60665 337661
  60665 289446 360914  71090 144249 358159 148224 126848 159710 174642
 337258 164328 357964 360914 268186  74313 357265 106706 185457 222477
 357265 225629 268046 357265 207448 178289 264182  70220 174032 179434
  69753 358159 169725 174032  54273 133832 326228 188481 337258 268046
 357265 329871 357265 222292  81896 268074 357265 383771  54718 111450
 309086 303942 269798 357265 382769 268345 162071 357760 320245  43010
 111565 129175 297112 357265  45815 383513 164328 361939 120925 181634
 192973 269953 268046 358451  45905 386886 160457  74597 388710  48003
 269889 394474 160418 278468 357211 182573 193716      0 163634 128568
 357265 148224 192973 274757 384121 361939 145460 357265  45919 192129
 292848 154323  81562 354482 146354 377945 313596  60665 270811 360914
 146352 191902  54718 145390 358159 110156 174642  71814 149340 188481
 368320 384170 134678 231458 357265 148224 225401 270970 114166 272930
 337258 268046 357265 233708 346042 134678 268046 357760 390138 174642
  52072 357265 111748 360914 122589 249714 359888 360914 357265  45919
 254586 327841 137216 310532  68652 277829 108635 275890 178003 154302]
