OriginalClass, 1
NewClass, 1
NumberWordsChanged, 35
WordPositions
215	216	217	218	219	220	221	222	223	224	225	226	227	228	229	230	231	232	233	234	235	236	237	238	239	240	241	242	243	244	245	246	247	248	249	
OldWordVectorPositions
[357265 286789 268046 182387 268046 157111 192973 357265 344859 357958
  44608 193716  43010 346322  63505  54718 294574 192973 107446  88126
  43010 157304 268046 167005  87775 188481 125124 357265 387057 277915
 268046 177555 357211 137555 357265 358737 268046 386306 357809 126552
 327863 148356 160457 177103 307173 357225  44608 357265 285587  87775
 337266 174032 360914 351934 306554 151349 193716 105730  45776  60665
  72182  45805  88126 295414 193716 174032 360914  71090 357265 124763
 232444 222921 112553 174032 170714  43010 376123  54718 292006 342227
 367966  54718 148224  92030 336113 327863  91041 281307 358159  66097
  51582 357265 359888 328475 348225 360914 163237 154323 373604 108564
 108314 293041 360914  89636 387057 145460 215685 174695 155185  60665
 330027  88126 357265  96721 154323  72136 365957 346825 386473 327863
 323430 360914 384427 151349 358548 117967 344147 188839 371483 360914
 150230 150238 347487  87775 141948 323430 360914  71090 338966 357353
 222999 357265 316998 102884 291186 384121 185457 187676 232444 383072
 360914 231458 348373 264550  43010 349915 268046 179434 321756 322255
 164934 246267 357265 133896 192973 372921  54718 339865 357265  62462
 268046 254586  54718 348716 175199 192973 291927 366273 360914 111448
  62065 359970 182387 268046 157111 225951  57170 107431 360914 182540
 183848  72183  45929  72016 270970 352213  54718  71586 200035  43010
 239301 360914 339514 272930 357265 286789 357265 103301      0      0
 338197 126852 176551 134678 357265 370302 306708 192973 357211 357265
 270201 137889 360914  71090 170714 192973 188481 168571 357265 273007
  54718 357265 337663 394474 126552 357211 357265 337663 394474 387695
 160418  80958 388710 357265 309950      0 281316  54718 357809 335450]
NewWordVectorPositions
[357265 286789 268046 182387 268046 157111 192973 357265 344859 357958
  44608 193716  43010 346322  63505  54718 294574 192973 107446  88126
  43010 157304 268046 167005  87775 188481 125124 357265 387057 277915
 268046 177555 357211 137555 357265 358737 268046 386306 357809 126552
 327863 148356 160457 177103 307173 357225  44608 357265 285587  87775
 337266 174032 360914 351934 306554 151349 193716 105730  45776  60665
  72182  45805  88126 295414 193716 174032 360914  71090 357265 124763
 232444 222921 112553 174032 170714  43010 376123  54718 292006 342227
 367966  54718 148224  92030 336113 327863  91041 281307 358159  66097
  51582 357265 359888 328475 348225 360914 163237 154323 373604 108564
 108314 293041 360914  89636 387057 145460 215685 174695 155185  60665
 330027  88126 357265  96721 154323  72136 365957 346825 386473 327863
 323430 360914 384427 151349 358548 117967 344147 188839 371483 360914
 150230 150238 347487  87775 141948 323430 360914  71090 338966 357353
 222999 357265 316998 102884 291186 384121 185457 187676 232444 383072
 360914 231458 348373 264550  43010 349915 268046 179434 321756 322255
 164934 246267 357265 133896 192973 372921  54718 339865 357265  62462
 268046 254586  54718 348716 175199 192973 291927 366273 360914 111448
  62065 359970 182387 268046 157111 225951  57170 107431 360914 182540
 183848  72183  45929  72016 270970 352213  54718  71586 200035  43010
 239301 360914 339514 272930 357265 286789 357265 103301      0      0
 338197 126852 176551 134678 357265 395647 116869 290886 304635 130920
 150667  68327 276664 175546 353870 184662 288912  57351 377389  51305
 115745 234817 142142 290888 268729  76764 282433 165395 230756 394396
 170791 225160 358984 295266 171023 336348  93896 171547  87702 396523]
