OriginalClass, 1
NewClass, 1
NumberWordsChanged, 35
WordPositions
215	216	217	218	219	220	221	222	223	224	225	226	227	228	229	230	231	232	233	234	235	236	237	238	239	240	241	242	243	244	245	246	247	248	249	
OldWordVectorPositions
[337307 269798 358159 333112 337266 390488 357211 360914 160418 357265
  74390 377861 268046 357265 389912 268046 195527  63393 269953 329915
 332147 302207 357387 185457  48346 388710 357211 182573 384373 226278
  46128 268046 166369 223718  54718 357265 113946 390433 344694  84243
 360914 244950 357211 388755 164328 390433 193919 173236 151349  45905
 360914  84236 357353 310681 360914 222138 357265 113946 377861 268046
 195527      0 281978 330038 374020 386306 173067 386423 394474 127708
 174642  43010 164328 152395 188481  43010      0  46127 358159 377861
 126848 264550 106189 360914 357265  14980 377861 388710  53040 311222
  54718 100929 179101 386473 383513 385217  45805  54718 205393 357265
 139896 268046 357265 138715  54718 357265 107856 269798 357265  97035
 388710 357265 142345 268046 357265  77324 277052 208458 188481 357265
 344501 320242 188481  70229 357265  17599 377861 330038  43010 368311
  55790 386886 323430      0 357265 272583  97035 385663 264550 377945
 122450 386473 192973  43010 111836 107671 182540  63393 110156 275325
 346372 389449  97035 388710 337258  92055 100075 371434 357265 325298
 268046 141855 357211 229835 325007 188481 357265 264802 385663 106329
 362729  44608  54718 251391 335397  55821  71706  54718 188318 321207
 192973 382626  59937 188481  70229 368309  64331  60665 233708 268046
 357265  97035 323425 360914 126552 357265 344578 268046  97014  54718
 357265 191006 268046  91556 385599 386473  94044  55790 360914 226278
 178965 188481 357265 148908 285908 123557 323420 360914  71090 390449
 191811 357265 313500      0 385599 100929 179101 170714 249714 346165
  54718 383513  44493 360914 108442 336113 251645 249714 388710  43010
 225629 357108 285849 383513  44493 360914 126552 388710 179434 289337]
NewWordVectorPositions
[337307 269798 358159 333112 337266 390488 357211 360914 160418 357265
  74390 377861 268046 357265 389912 268046 195527  63393 269953 329915
 332147 302207 357387 185457  48346 388710 357211 182573 384373 226278
  46128 268046 166369 223718  54718 357265 113946 390433 344694  84243
 360914 244950 357211 388755 164328 390433 193919 173236 151349  45905
 360914  84236 357353 310681 360914 222138 357265 113946 377861 268046
 195527      0 281978 330038 374020 386306 173067 386423 394474 127708
 174642  43010 164328 152395 188481  43010      0  46127 358159 377861
 126848 264550 106189 360914 357265  14980 377861 388710  53040 311222
  54718 100929 179101 386473 383513 385217  45805  54718 205393 357265
 139896 268046 357265 138715  54718 357265 107856 269798 357265  97035
 388710 357265 142345 268046 357265  77324 277052 208458 188481 357265
 344501 320242 188481  70229 357265  17599 377861 330038  43010 368311
  55790 386886 323430      0 357265 272583  97035 385663 264550 377945
 122450 386473 192973  43010 111836 107671 182540  63393 110156 275325
 346372 389449  97035 388710 337258  92055 100075 371434 357265 325298
 268046 141855 357211 229835 325007 188481 357265 264802 385663 106329
 362729  44608  54718 251391 335397  55821  71706  54718 188318 321207
 192973 382626  59937 188481  70229 368309  64331  60665 233708 268046
 357265  97035 323425 360914 126552 357265 344578 268046  97014  54718
 357265 191006 268046  91556 385599 386473  94044  55790 360914 226278
 178965 188481 357265 148908 285908 367573 128070  55754 302075 305025
 338275 381120 136316 191625 279009 150780  73880  64400 117927  80059
 329778 205391  99514 170612 117419 294946 144538 137286  97006  60335
 139006 178043  70531 322520  91536 215070 121466 207555 124621 385664]
