OriginalClass, 1
NewClass, 0
NumberWordsChanged, 9
WordPositions
241	242	243	244	245	246	247	248	249	
OldWordVectorPositions
[357639  58997 248245 188481 358159 372147  92859 268046 295472  71425
  87775 273500 193919 264550 377945 164328 222715  55559  60665 385217
  60665 345533 341453  97014  54718  65760 121839 387695 222709 193919
 236058 234840  57708 357265  97014 121839 225650 222471  43010 112328
  74651 357265 271493 341677 383442 103008 383442  54718 125444 207583
 289446  83648 357265 231068  97014 188481 358159  52520  68869  54273
 370878 332013 360914 311020 343833 188481 207583 289446  65760 121839
 300381  60665 144971  54718 387137  60665 163745 154323  72182  77829
  54718 121304 360914 345422  54718 341780 393704  88126 361080 341475
 273500 193716 192973 343256 288743  54718  97698 225644 233708 268046
 357265  65765  68822 306286 360914 132625 141504 270970 264031  55559
 154323 357265 243375  39277 260760 188481 193919 274148 384121  87775
 151349 247417  98970  62980 374167 360914  95906 334998 147344  54718
 352232 126930 388710 141941 284318 268046 155373 269798 357353  79376
 349330 188481 357265 388017 192973 348373 360914 124905 357265 343963
 192973  52520 264550 273758 137342  54718 233708 268046 357265 380507
  45905  59057 273758 188357 264626 357265 374386  84181  83648 162479
 386886  57721 360914  71090 283510 188481 179434 277915 357639  58997
  52520  43010 147468 323095  97035 386886 105625  45776  60665 334692
 102713  54718 342932 298576 182573 337258 268046 357265  97035  58997
 164328 357265 378930 379059  52673 371470  58997 385217 127491  54718
  58997 339034 151462 188481  81562 225629  54718 338149 357639 192973
 269953 248238 192218 357265 231068  97014  54718 179434 241120  72182
 319420  88126 389393 154323  43010 378930  62641 357211 192973 377945
 260763 295763 361189 357265 225629  54718 146344  52520 323425 360914]
NewWordVectorPositions
[357639  58997 248245 188481 358159 372147  92859 268046 295472  71425
  87775 273500 193919 264550 377945 164328 222715  55559  60665 385217
  60665 345533 341453  97014  54718  65760 121839 387695 222709 193919
 236058 234840  57708 357265  97014 121839 225650 222471  43010 112328
  74651 357265 271493 341677 383442 103008 383442  54718 125444 207583
 289446  83648 357265 231068  97014 188481 358159  52520  68869  54273
 370878 332013 360914 311020 343833 188481 207583 289446  65760 121839
 300381  60665 144971  54718 387137  60665 163745 154323  72182  77829
  54718 121304 360914 345422  54718 341780 393704  88126 361080 341475
 273500 193716 192973 343256 288743  54718  97698 225644 233708 268046
 357265  65765  68822 306286 360914 132625 141504 270970 264031  55559
 154323 357265 243375  39277 260760 188481 193919 274148 384121  87775
 151349 247417  98970  62980 374167 360914  95906 334998 147344  54718
 352232 126930 388710 141941 284318 268046 155373 269798 357353  79376
 349330 188481 357265 388017 192973 348373 360914 124905 357265 343963
 192973  52520 264550 273758 137342  54718 233708 268046 357265 380507
  45905  59057 273758 188357 264626 357265 374386  84181  83648 162479
 386886  57721 360914  71090 283510 188481 179434 277915 357639  58997
  52520  43010 147468 323095  97035 386886 105625  45776  60665 334692
 102713  54718 342932 298576 182573 337258 268046 357265  97035  58997
 164328 357265 378930 379059  52673 371470  58997 385217 127491  54718
  58997 339034 151462 188481  81562 225629  54718 338149 357639 192973
 269953 248238 192218 357265 231068  97014  54718 179434 241120  72182
 319420  88126 389393 154323  43010 378930  62641 357211 192973 377945
 260763 350003 150118 254297 230309 293338 240567 356614 130143 204777]
