OriginalClass, 1
NewClass, 1
NumberWordsChanged, 35
WordPositions
215	216	217	218	219	220	221	222	223	224	225	226	227	228	229	230	231	232	233	234	235	236	237	238	239	240	241	242	243	244	245	246	247	248	249	
OldWordVectorPositions
[357265 294577 268046 358159 251034 192973 302352 385026 360914 366253
  54718 148016 272930 193919 268345  76108  60665  54273      0 251034
  87775 193919 302352 264550 357211 332119 177231  58997 105625  57697
 108225 357211 231458 239105 389439 200035 386306 186645  57189 357812
 366273 360914 319690  44608 157151 357809 215344 191915  51582 357265
  97035 180883 223999  88126 384121 268046 191921  51582 268046 357387
 174695 277483 386886  58997 126087  50749  54718 362775 272930 268046
 362866 388710 357353 223999 142342 151349 357265 359970 357812 173843
 291880 357387 360914 346312 361518 172803 192973  59182 357265 390079
 268074 174695 200035 144214 272930 268046  56041 321159  54718 343256
 118271 388710  43010  84998 386886 124902  54718 237383  71090 118188
 193919 241110  43010 110481 268046 359970 357211 357809 286375 357265
 157049 360914 389835 358801 292803 188481 357353 302292 223999  54718
 348373 137680  62065 357265 136979 386423 357809 163237 360914 323336
 309838 172803 357812  51582 173081  54718      0 136145 269798 357353
  46922  92049 292803 337189 157111 295763  64331 116708 126852 141816
 383067 360914 121839 106518 157111  57170 249714  54718 141816      0
 250482 386958  71814 107807 129787  54718 125648 192973 346475 357265
 173081 180964 225644 153836  54718  84107  54718  60023 150422 348373
 198075 346475  54718 297928  97849 193716 323430 118748 360914 105951
 346796  87775 357265 302476 323430 360914  71090 137938  71494 177661
  43010 225277  82265 159538 386886  91041 160418  43010 117550  54718
 264550  71494 179434  97014 123676  60665 188481 357265 144738 194667
  98762 363430 386473 173067  47848  57195  54718 193716  52261 323430
 222471 175199 126848 193716 269798 295589 336113 175199  90548 136979]
NewWordVectorPositions
[357265 294577 268046 358159 251034 192973 302352 385026 360914 366253
  54718 148016 272930 193919 268345  76108  60665  54273      0 251034
  87775 193919 302352 264550 357211 332119 177231  58997 105625  57697
 108225 357211 231458 239105 389439 200035 386306 186645  57189 357812
 366273 360914 319690  44608 157151 357809 215344 191915  51582 357265
  97035 180883 223999  88126 384121 268046 191921  51582 268046 357387
 174695 277483 386886  58997 126087  50749  54718 362775 272930 268046
 362866 388710 357353 223999 142342 151349 357265 359970 357812 173843
 291880 357387 360914 346312 361518 172803 192973  59182 357265 390079
 268074 174695 200035 144214 272930 268046  56041 321159  54718 343256
 118271 388710  43010  84998 386886 124902  54718 237383  71090 118188
 193919 241110  43010 110481 268046 359970 357211 357809 286375 357265
 157049 360914 389835 358801 292803 188481 357353 302292 223999  54718
 348373 137680  62065 357265 136979 386423 357809 163237 360914 323336
 309838 172803 357812  51582 173081  54718      0 136145 269798 357353
  46922  92049 292803 337189 157111 295763  64331 116708 126852 141816
 383067 360914 121839 106518 157111  57170 249714  54718 141816      0
 250482 386958  71814 107807 129787  54718 125648 192973 346475 357265
 173081 180964 225644 153836  54718  84107  54718  60023 150422 348373
 198075 346475  54718 297928  97849 193716 323430 118748 360914 105951
 346796  87775 357265 302476 323430 360914  71090 137938  71494 177661
  43010 225277  82265 159538 386886 362626  93139 178839 316103 261105
 247956 129448 254356 124225 175491 258674  56633  50970 322640 164775
 392808 275592 305192 394685 339958 228573 374106 278030 130038  84038
 204310 355763 103389 236114 349329 140837  44829 116994 297039 378951]
