OriginalClass, 1
NewClass, 1
NumberWordsChanged, 35
WordPositions
215	216	217	218	219	220	221	222	223	224	225	226	227	228	229	230	231	232	233	234	235	236	237	238	239	240	241	242	243	244	245	246	247	248	249	
OldWordVectorPositions
[186645 121482  54718 291286      0 358741  58997 394564 357958 357411
 394567 188481 151349  43010 300703 364469 357809 127708 302352  57708
 360914 239105 336113 185457 110159 148427  57170 332394 357958 360914
 303435 358159 279843 352136 193716 323430 222471 337301 344147 272930
 268046 357265  14647  43010 123767  48003 386423 358159 390138 174642
 164233 344147 360914 378546 161462  54803  54718 116827 131611 126552
 268745 389835 388710  43010 384382 322255  54718  43010 354755 320239
  87775 386306 192973 161462  54803 126981 160466 192214 388710  43010
 148224 222471 358159  47798 357265  84179 268046 177103 281311  60665
 215685 118222 188481 357265  70928 367966  46127 268046  78048 182387
 217787 393301 357265 124763 192973 315709 360914 174642  71814 189768
  88126 388782  43010      0  54718  88126 179434 389835 269798 126745
  87775 141816 357225 264550  54273 142467 151349 357265  77324 320242
 386431  43010 274855 268046 313537 182349  71297 373316 131611 185457
 127708 357969 185457 383513 357265 270201 281904 188481 357265 101278
 218178 386306 185457  91041 371425 192973 357265 192215 268046 357265
 106163  72057 358159 148224 148249  54718 377929 284282  81562 174642
  71814 192214 188481 337258 166369 189078  84372 148269 188481 302801
 393334 377929 125815  86585  82265 104216  29292  54718 303305 309729
      0 126852 121794 360914  71090 241110 188481 357265 316998  83421
 148249  54718 377929 351934 264588 192973 358159 302352 357265  74390
 394474  90548 126552 386306  58997 189078  84372 148260 163745 360914
 231458 268046 394564  60438 199380 193919  43010  75774  78562 269798
  81562 268046 394564 306150 223635  92055  90548 394474 175425 357265
 358480 268046 144877 268046 189078  84372 148269 112853 188481 121937]
NewWordVectorPositions
[186645 121482  54718 291286      0 358741  58997 394564 357958 357411
 394567 188481 151349  43010 300703 364469 357809 127708 302352  57708
 360914 239105 336113 185457 110159 148427  57170 332394 357958 360914
 303435 358159 279843 352136 193716 323430 222471 337301 344147 272930
 268046 357265  14647  43010 123767  48003 386423 358159 390138 174642
 164233 344147 360914 378546 161462  54803  54718 116827 131611 126552
 268745 389835 388710  43010 384382 322255  54718  43010 354755 320239
  87775 386306 192973 161462  54803 126981 160466 192214 388710  43010
 148224 222471 358159  47798 357265  84179 268046 177103 281311  60665
 215685 118222 188481 357265  70928 367966  46127 268046  78048 182387
 217787 393301 357265 124763 192973 315709 360914 174642  71814 189768
  88126 388782  43010      0  54718  88126 179434 389835 269798 126745
  87775 141816 357225 264550  54273 142467 151349 357265  77324 320242
 386431  43010 274855 268046 313537 182349  71297 373316 131611 185457
 127708 357969 185457 383513 357265 270201 281904 188481 357265 101278
 218178 386306 185457  91041 371425 192973 357265 192215 268046 357265
 106163  72057 358159 148224 148249  54718 377929 284282  81562 174642
  71814 192214 188481 337258 166369 189078  84372 148269 188481 302801
 393334 377929 125815  86585  82265 104216  29292  54718 303305 309729
      0 126852 121794 360914  71090 241110 188481 357265 316998  83421
 148249  54718 377929 351934 264588 192973 358159 302352 357265  74390
 394474  90548 126552 386306  58997 332254 382772  75318  90419 266539
  83379 379017 124727  98136  82038 141859 162637 111505 275399 185004
 339619 350518 117433 300825 138406 285664  65728 376977 309678 129226
 398378 398189 103273 238899 108781 220829 205418  63017 137639 166117]
