OriginalClass, 1
NewClass, 0
NumberWordsChanged, 5
WordPositions
245	246	247	248	249	
OldWordVectorPositions
[268508 232536 386306 383513 316835      0 357979 386306 383513  57187
 386886 383513 192214 188481 358159 148224 357979      0 192973 357265
 175207 268046 258200 141950 268046  72921  54718  60358 124763 390422
 292972  52520 142492 292972  93364 218947 341677 394474 256046 193716
 175199 123517 193716  54718 175199      0 346423 249714 357108  57187
 174032 141863 346411 188481 141941 121135 268046 148224 231552 336113
 386306 192973 390469 388710 358159 148224 141950 357265 148224 192973
  44608 368320 158566 226344  72921 195378  83759 156084  54718  60358
      0 167302  72921  54718  60358 383067 360914 160418 235191 188481
  43010 389937 386431 141948  69842 174351 158566 280944 360914 231458
 357964 390058  73334 111389      0 357809 127708 142250 126086 352564
 199593  72526 192973 342264 229753 357211  73334 219577 177103 151349
  56041 232536  54718 120339  72921 357211 357809 160418  65680 361189
 319744 357211 327863  90548  71090 158566 361939  54718  60361 100223
 122590 142365 185174 138614  70478  60665 352564  84998 378484 192973
 176378  73364 269798 231552  60358 367634 344147  54718 357411 366253
 360914 207423 178965  47798 175199 160457 207050 272930 268046 179434
 100707 357265 148224 192973  44787  99713  43010  78339 388710 336113
 233708 164455 186573  72921  54718  60358 150605 360914 377736 360914
 160418 235191 357809 163237 357639 269798  50433  49208  54718 377736
 174032 275884 364552 357809 150605  65680 269798  43010 146274  92109
 286068 181581 357809 385663 105702 188481  43010 389561 111300 286963
 233708 233708 249714  54718 286789 180526 360914  80763 378484  89943
 207463  60358 357265 148339 286043 386473 217909  96737 360914 357265
 148339 119092  60358  54718 357265 292572 191451 122157 129440 357265]
NewWordVectorPositions
[268508 232536 386306 383513 316835      0 357979 386306 383513  57187
 386886 383513 192214 188481 358159 148224 357979      0 192973 357265
 175207 268046 258200 141950 268046  72921  54718  60358 124763 390422
 292972  52520 142492 292972  93364 218947 341677 394474 256046 193716
 175199 123517 193716  54718 175199      0 346423 249714 357108  57187
 174032 141863 346411 188481 141941 121135 268046 148224 231552 336113
 386306 192973 390469 388710 358159 148224 141950 357265 148224 192973
  44608 368320 158566 226344  72921 195378  83759 156084  54718  60358
      0 167302  72921  54718  60358 383067 360914 160418 235191 188481
  43010 389937 386431 141948  69842 174351 158566 280944 360914 231458
 357964 390058  73334 111389      0 357809 127708 142250 126086 352564
 199593  72526 192973 342264 229753 357211  73334 219577 177103 151349
  56041 232536  54718 120339  72921 357211 357809 160418  65680 361189
 319744 357211 327863  90548  71090 158566 361939  54718  60361 100223
 122590 142365 185174 138614  70478  60665 352564  84998 378484 192973
 176378  73364 269798 231552  60358 367634 344147  54718 357411 366253
 360914 207423 178965  47798 175199 160457 207050 272930 268046 179434
 100707 357265 148224 192973  44787  99713  43010  78339 388710 336113
 233708 164455 186573  72921  54718  60358 150605 360914 377736 360914
 160418 235191 357809 163237 357639 269798  50433  49208  54718 377736
 174032 275884 364552 357809 150605  65680 269798  43010 146274  92109
 286068 181581 357809 385663 105702 188481  43010 389561 111300 286963
 233708 233708 249714  54718 286789 180526 360914  80763 378484  89943
 207463  60358 357265 148339 286043 386473 217909  96737 360914 357265
 148339 119092  60358  54718 357265 142367  66348 371049 162632 134632]
