OriginalClass, 1
NewClass, 0
NumberWordsChanged, 1
WordPositions
249	
OldWordVectorPositions
[341453 292834 151349 349387 251057 361079 323420 360914  71090 360914
 341874  88126 358828 286354 272930 357265 388090  54718 108153 128527
 357211 278684 151349 357265 306581 268046 357265 292848      0 192973
  56041 148444 142283 268046  43010 251034 231552 377945 223830 325007
  68159 188481 343493  58997  72182 309827  88126  43010 178623 133929
      0 157304 268046 309831 368320 287768 268217 341874 192128 357265
  93018 357211 337661  71586 249714 106356 357108 193716 390138  57715
  62065 148908  60665 374385 188481 349387 148224 357265  93265 192973
 250425 229835 373316 268046 357265 316998 280944 394474 174642 323431
 273428  54718 273428  47887 244124      0 253767  71090 188481 141941
 349387 148224 154323 357265 217787 147468 393334  87775 357225 268745
 185457 168566 332239      0 192973 269953 268046 147468 357211 281323
 336997 177231 222471 175199 374386 126848 357265 292803 388710 358159
 148224 250425 307370  59937 357265 343963 193923 148908 268046  51582
 357265 309830 146344 250425 222471  65760 301000 358159 192973 249714
  43010 251034  44608  43010 394520 287773 147978 360914 294007 177555
 188481  43010 231875 389937 222471 357211 174032 264550  71814 229835
  43010 358476 359970  71895 388710  43010 118700  45910 190756 268046
 336552 176343  52520 357639 192973  43010 106329 370806 286789 368283
 258155 357265 136979 357211 323430  44608  60665 286355  60665  51375
 216777  87775 343256 185457 123517 357969 193716 383513  43010 297928
 260760 362866 107671 185457 383513 171586  61317 308561  44608 357411
 193716 339388 357964 373316  43010  77162  54718  45929 319420 357265
 301038 154323 129603  56041 342772 188481 357265 136979 357265 231068
 292794 192973 357265 316998 357958  60665 388710 250392 272583 349387]
NewWordVectorPositions
[341453 292834 151349 349387 251057 361079 323420 360914  71090 360914
 341874  88126 358828 286354 272930 357265 388090  54718 108153 128527
 357211 278684 151349 357265 306581 268046 357265 292848      0 192973
  56041 148444 142283 268046  43010 251034 231552 377945 223830 325007
  68159 188481 343493  58997  72182 309827  88126  43010 178623 133929
      0 157304 268046 309831 368320 287768 268217 341874 192128 357265
  93018 357211 337661  71586 249714 106356 357108 193716 390138  57715
  62065 148908  60665 374385 188481 349387 148224 357265  93265 192973
 250425 229835 373316 268046 357265 316998 280944 394474 174642 323431
 273428  54718 273428  47887 244124      0 253767  71090 188481 141941
 349387 148224 154323 357265 217787 147468 393334  87775 357225 268745
 185457 168566 332239      0 192973 269953 268046 147468 357211 281323
 336997 177231 222471 175199 374386 126848 357265 292803 388710 358159
 148224 250425 307370  59937 357265 343963 193923 148908 268046  51582
 357265 309830 146344 250425 222471  65760 301000 358159 192973 249714
  43010 251034  44608  43010 394520 287773 147978 360914 294007 177555
 188481  43010 231875 389937 222471 357211 174032 264550  71814 229835
  43010 358476 359970  71895 388710  43010 118700  45910 190756 268046
 336552 176343  52520 357639 192973  43010 106329 370806 286789 368283
 258155 357265 136979 357211 323430  44608  60665 286355  60665  51375
 216777  87775 343256 185457 123517 357969 193716 383513  43010 297928
 260760 362866 107671 185457 383513 171586  61317 308561  44608 357411
 193716 339388 357964 373316  43010  77162  54718  45929 319420 357265
 301038 154323 129603  56041 342772 188481 357265 136979 357265 231068
 292794 192973 357265 316998 357958  60665 388710 250392 272583 259245]
