OriginalClass, 1
NewClass, 0
NumberWordsChanged, 11
WordPositions
239	240	241	242	243	244	245	246	247	248	249	
OldWordVectorPositions
[357265 316998 123792 185457 174642 388710 357265 253603 377861 268046
 220724 246020  57845 138614 360914 269316 190756 268046 357265 106396
 390446 188481 357265 345426 281429 268046 357265 286375 325992 357809
 241341 390488      0 240584 386473 385663 179552      0  54718 345427
 333733 361939 357265  77959  85455  54718 372847  45882 268046 357265
 129003 126552 264550 246670 385217 388710 337258 268046 357265 347593
 125917 386473 281604 357265 321937 193919  43010 370986 246721 357211
 219190  43010 118744 338221      0 357265  93403 268046 357265  82265
 269316 126852 176551 236869 355915 268046 359878  54718      0 291168
 357651 337301 220815 357108 336967 177231 144131 281323 179434 363494
 312171  46391 358461 357265 367260 177661 267117 360914 332327 174642
 223830  69895 188481 281429 233320  60665 225289  60665 175199 258481
 239105 192973 162058  43010 344669 305472 358759  54718 344185 357265
 368320  75774 292986 265568 386886 387695  87972  54718 107661 394572
 323420 273820 388710 141950  87775 357265 208526 332587 358829 188481
 193919 269953 357958 360914 163237  51582 272930 393704  56041 360914
 112328 273428 357265 222946 191811 142361 357265 162826 121937  54718
 121279 268046 251645 268046 357265 264802 126848 264550 323420 360914
 220295 193923 360914 346372 125917  54718 100017 386494 357265 264802
 192973 107670  43010 102221 185457 253767 107064 185457 174642 365920
 388710 251315 123441 107572 188481 357211 179434 389912 355692 360914
 136434  43010 258587 378312 358159 237383  71090 130319 360914 357265
 143038 268046 179434 199104 281915 222138 386473 383513 155017 268046
 124910  54718 304335 264550  51582 357265 105586 352153 268046 358159
 292986 134678 269798 270970  72057  90266  90548 273567 357265 371043]
NewWordVectorPositions
[357265 316998 123792 185457 174642 388710 357265 253603 377861 268046
 220724 246020  57845 138614 360914 269316 190756 268046 357265 106396
 390446 188481 357265 345426 281429 268046 357265 286375 325992 357809
 241341 390488      0 240584 386473 385663 179552      0  54718 345427
 333733 361939 357265  77959  85455  54718 372847  45882 268046 357265
 129003 126552 264550 246670 385217 388710 337258 268046 357265 347593
 125917 386473 281604 357265 321937 193919  43010 370986 246721 357211
 219190  43010 118744 338221      0 357265  93403 268046 357265  82265
 269316 126852 176551 236869 355915 268046 359878  54718      0 291168
 357651 337301 220815 357108 336967 177231 144131 281323 179434 363494
 312171  46391 358461 357265 367260 177661 267117 360914 332327 174642
 223830  69895 188481 281429 233320  60665 225289  60665 175199 258481
 239105 192973 162058  43010 344669 305472 358759  54718 344185 357265
 368320  75774 292986 265568 386886 387695  87972  54718 107661 394572
 323420 273820 388710 141950  87775 357265 208526 332587 358829 188481
 193919 269953 357958 360914 163237  51582 272930 393704  56041 360914
 112328 273428 357265 222946 191811 142361 357265 162826 121937  54718
 121279 268046 251645 268046 357265 264802 126848 264550 323420 360914
 220295 193923 360914 346372 125917  54718 100017 386494 357265 264802
 192973 107670  43010 102221 185457 253767 107064 185457 174642 365920
 388710 251315 123441 107572 188481 357211 179434 389912 355692 360914
 136434  43010 258587 378312 358159 237383  71090 130319 360914 357265
 143038 268046 179434 199104 281915 222138 386473 383513 155017 268046
 124910  54718 304335 264550  51582 357265 105586 352153 268046 382996
 259452 153202 335065  44602 264860 392171 221923 332837  49929 356131]
