OriginalClass, 1
NewClass, 0
NumberWordsChanged, 31
WordPositions
219	220	221	222	223	224	225	226	227	228	229	230	231	232	233	234	235	236	237	238	239	240	241	242	243	244	245	246	247	248	249	
OldWordVectorPositions
[357651 264612 390058 357108 305672  54273  61186 251034  54718 160466
  54273  53504 251034 142808 190756 193919 270201 254258 270692  87775
  43010 164328 358740 192973 121166 373484 357265 139958 268046 222467
 191011  97035  60665 144971  60665 222466 192973 106726 357265 293785
 188481 319690 393657  58997  43010 297068 235191 110481 260763 127491
 371798 357809  58997 345296  74804  72469 220870 374020 110224 357265
 384170 357809 246066  72182 356382  88126  43010 341312   2479  47798
  43010 179604 358542 360914 207423 394474  71090 348373 360914 355344
 178965 386306 182220 394567 342190  62065 386423 394474 129579 178965
 268074  15341  71297 357265 176378 272930 268046 357265 341312 188481
  84478 117939  54718 188481 154357 268046 128705 268046 388780 357642
  52073 178965 360914 291844  97107 268046  61569  21828 127708  81567
 355367 357265 287768  44608 357265 341312  54718 332147  61762 151349
 262350  57698 164328 302476 357211 357265 108858 385663  83889  88126
 178965  26559 386494 366273 360914 139402 220870 394564 215685 272930
 268046 394564 331301  60665 251645  60665 289446 360914 137812 357211
 357265 341312 207115 177103  30387  47798 160466 176551 154323 337266
 360914 148427 357265 341312  47798 207113 394564 387353  71090 348373
 360914 324837 357387  64331  60665 337661  60665 289446 336113 394474
  90548 143869 178965      0 262350 287479 188481  72182 371712 308561
 264937 186309 259914 142750 357211  57170 281904 390138  71090 187954
 360914 231552  43010 147468 246353 371151 357760 344613 106927  87775
 357265  97035 188481 319690 393657  58997 336113 120978  54718 231458
 336113 233708 370806 246353 357211 193919 133901 188297 151349 357265
 378765 360914  92019  44608 357353 315390 332239 357809  58997 378481]
NewWordVectorPositions
[357651 264612 390058 357108 305672  54273  61186 251034  54718 160466
  54273  53504 251034 142808 190756 193919 270201 254258 270692  87775
  43010 164328 358740 192973 121166 373484 357265 139958 268046 222467
 191011  97035  60665 144971  60665 222466 192973 106726 357265 293785
 188481 319690 393657  58997  43010 297068 235191 110481 260763 127491
 371798 357809  58997 345296  74804  72469 220870 374020 110224 357265
 384170 357809 246066  72182 356382  88126  43010 341312   2479  47798
  43010 179604 358542 360914 207423 394474  71090 348373 360914 355344
 178965 386306 182220 394567 342190  62065 386423 394474 129579 178965
 268074  15341  71297 357265 176378 272930 268046 357265 341312 188481
  84478 117939  54718 188481 154357 268046 128705 268046 388780 357642
  52073 178965 360914 291844  97107 268046  61569  21828 127708  81567
 355367 357265 287768  44608 357265 341312  54718 332147  61762 151349
 262350  57698 164328 302476 357211 357265 108858 385663  83889  88126
 178965  26559 386494 366273 360914 139402 220870 394564 215685 272930
 268046 394564 331301  60665 251645  60665 289446 360914 137812 357211
 357265 341312 207115 177103  30387  47798 160466 176551 154323 337266
 360914 148427 357265 341312  47798 207113 394564 387353  71090 348373
 360914 324837 357387  64331  60665 337661  60665 289446 336113 394474
  90548 143869 178965      0 262350 287479 188481  72182 371712 308561
 264937 186309 259914 142750 357211  57170 281904 390138  71090 187954
 360914 231552  43010 147468 246353 371151 357760 344613 106927 117328
  96457  49266 384681 169585 128484 135220 240411 155944 137320 121909
 361880  71486 395246 178312 263531 386105 232710 332348 391223 290123
 204015  46827 338429 137375 383960 394768 221998 368656 132655 339163]
