OriginalClass, 1
NewClass, 1
NumberWordsChanged, 35
WordPositions
215	216	217	218	219	220	221	222	223	224	225	226	227	228	229	230	231	232	233	234	235	236	237	238	239	240	241	242	243	244	245	246	247	248	249	
OldWordVectorPositions
[255261 221796  17580 124744  88126 195845 177721 341856 194667  77486
  54303 118152 215204 304360      0      0 117131 311393 251222 301038
      0 151349 337258 311988  45830  54718 112681 183993 188839 123179
 319690 386306 394474 387695  44608 193716 185457 209645 337258 280944
 386886 121968 193716 360914 262350 136979  87775 185457 174642  52879
 358463 357211 256466 131670 383513  43010 155345      0 357265  84115
  83910 269798 357265 382653  87775  43010 155345 251034 263578 194667
  77486 192973  52520  43010 377945 155345      0  62065 359970 393657
  54718 236172 273832  88126  46750  62980 386886 290457 390067 178965
  87775 155345 357639 174032 300708  71814  43010 194667  77486 105647
 357211 185457 123517 264550 137548 360914 337258 119560 336113 185457
 383513 377945 173081 360914 175425 357211 195845 177721 357265 390422
  54718 124763 268046 256466 131670  54718 194667  77486 390138  71090
 354478 373316 151349  43010 251034  44608  43010 338741 153944 386886
  71586  43010 390340 360914 319417  54273 271765 254258 270201 306314
 383513 357211 357265 286789 323425  43010 223830 361939 357952 371798
 254258 269953 306314 367661 272930 360914  71090 128558 268046 357265
 137937 251034 358159 286789 170714 193716  71814 127491  60665  43010
 333897 269798 337258 346372 329973  60665 319133 261149 223944 270970
 289450 141816 229753 367966 390138 174642 389862 149799 371798 357265
 286789 313447 144971 361939 357952 273428 357265  57949 269953  54718
  43010 171586 182363 313463  54718 358159      0 105647 144594 149655
 255261 383513 299528 188481  43010 242545 248349  54718  71488  43010
 122607 232536 268046 357265 225800 146352 330419  88126 357265 137937
 248349 255261  77486 264937 357265      0 108526 118748 360914 151050]
NewWordVectorPositions
[255261 221796  17580 124744  88126 195845 177721 341856 194667  77486
  54303 118152 215204 304360      0      0 117131 311393 251222 301038
      0 151349 337258 311988  45830  54718 112681 183993 188839 123179
 319690 386306 394474 387695  44608 193716 185457 209645 337258 280944
 386886 121968 193716 360914 262350 136979  87775 185457 174642  52879
 358463 357211 256466 131670 383513  43010 155345      0 357265  84115
  83910 269798 357265 382653  87775  43010 155345 251034 263578 194667
  77486 192973  52520  43010 377945 155345      0  62065 359970 393657
  54718 236172 273832  88126  46750  62980 386886 290457 390067 178965
  87775 155345 357639 174032 300708  71814  43010 194667  77486 105647
 357211 185457 123517 264550 137548 360914 337258 119560 336113 185457
 383513 377945 173081 360914 175425 357211 195845 177721 357265 390422
  54718 124763 268046 256466 131670  54718 194667  77486 390138  71090
 354478 373316 151349  43010 251034  44608  43010 338741 153944 386886
  71586  43010 390340 360914 319417  54273 271765 254258 270201 306314
 383513 357211 357265 286789 323425  43010 223830 361939 357952 371798
 254258 269953 306314 367661 272930 360914  71090 128558 268046 357265
 137937 251034 358159 286789 170714 193716  71814 127491  60665  43010
 333897 269798 337258 346372 329973  60665 319133 261149 223944 270970
 289450 141816 229753 367966 390138 174642 389862 149799 371798 357265
 286789 313447 144971 361939 357952 273428 357265  57949 269953  54718
  43010 171586 182363 313463  54718 167836 385485  72985  78416  98083
 317245 290407  64649 360003 365280  74271 225136 164542 324425 254906
 284835 194272  98796 197590 193744 344018 341955  96123 119839  94527
 126898 164240 108307 294696 251370  45734 131311 146927  74585 375959]
