OriginalClass, 1
NewClass, 1
NumberWordsChanged, 35
WordPositions
215	216	217	218	219	220	221	222	223	224	225	226	227	228	229	230	231	232	233	234	235	236	237	238	239	240	241	242	243	244	245	246	247	248	249	
OldWordVectorPositions
[187631 262350 181890 251034  86214  87775 254258      0 260991  54718
 259167  58997 336113 185457 319557 357265 148908 251034 193716 383513
 167783  54718 355881  87775 264550 254258 353709 343256 164328 358461
 151349 332007 302484  62065 358159 377945 248238 185457  52943  72182
 142944 360914  43010 325295 357265 291553 193923 192973  74804  44844
 185457  90548  87972 357211 124944 267452 188481 357265 121777 185457
  90548  87972 357211 253876 142645 185457  90548 141816  87972 357211
 357265 141855 243977  71090 336113 385026  54718 344232 357211 357265
 244456 237383 118742 360914 160418 192214 193716 192973 372362 393657
  87775 187631 387795 360914 348710 254258  72469 182573 371151 262350
 101520  52943 185457 387795 360914  72477 357211 357265 244456 340473
  61664 360914 303052 346372  54273  58999 390138  71090 370635 360914
 146759 268074 357265 253876  72182  43010 240681 268046 357265 372190
 342018  59756 185457  90548  61780 357211 386494 153836 303216 237383
 215502 357265 322827 143346  54718 142808 268046 105541 336884  57170
 346372 303216 390138  71090 190959 191811  43010  91234 340473  43010
 340473 268046  59617 336884 192973 264550  44608 360914  71090 351972
 272930  88126  43010 147468 253876 388710 209552 357225 200035 357265
 384121 193716 389912 340473 251022 376425 347947 148820  54718 268046
 110542 298759 348214 390138 137812 264612 220815 357108 362759 378511
 187631 264550 319744 394474 390143 174642  93510  87775  60665 337661
  60665 357265  58999 383513 377629  60665 182171 244456 363600 390138
 351934 291139 263873 390138 163237 268074 269798 357353 274148 141816
 360914 374162 357265  70258  54718 186645 193716 385663 125119 357211
 357265  58999 383513 336113 189661 388710 182172 357211 357265 340473]
NewWordVectorPositions
[187631 262350 181890 251034  86214  87775 254258      0 260991  54718
 259167  58997 336113 185457 319557 357265 148908 251034 193716 383513
 167783  54718 355881  87775 264550 254258 353709 343256 164328 358461
 151349 332007 302484  62065 358159 377945 248238 185457  52943  72182
 142944 360914  43010 325295 357265 291553 193923 192973  74804  44844
 185457  90548  87972 357211 124944 267452 188481 357265 121777 185457
  90548  87972 357211 253876 142645 185457  90548 141816  87972 357211
 357265 141855 243977  71090 336113 385026  54718 344232 357211 357265
 244456 237383 118742 360914 160418 192214 193716 192973 372362 393657
  87775 187631 387795 360914 348710 254258  72469 182573 371151 262350
 101520  52943 185457 387795 360914  72477 357211 357265 244456 340473
  61664 360914 303052 346372  54273  58999 390138  71090 370635 360914
 146759 268074 357265 253876  72182  43010 240681 268046 357265 372190
 342018  59756 185457  90548  61780 357211 386494 153836 303216 237383
 215502 357265 322827 143346  54718 142808 268046 105541 336884  57170
 346372 303216 390138  71090 190959 191811  43010  91234 340473  43010
 340473 268046  59617 336884 192973 264550  44608 360914  71090 351972
 272930  88126  43010 147468 253876 388710 209552 357225 200035 357265
 384121 193716 389912 340473 251022 376425 347947 148820  54718 268046
 110542 298759 348214 390138 137812 264612 220815 357108 362759 378511
 187631 264550 319744 394474 390143 174642  93510  87775  60665 337661
  60665 357265  58999 383513 377629  46320 348066  98551 236457 249181
 100705 128479  57358 392057  62496 326721 363748 311838  95463 374063
  92411 193595 396251 289465 357039 264185 358957 254396  50238 167611
 193579 203680 301609 398634 352109 116262  73111 241864  55141 284929]
