OriginalClass, 1
NewClass, 0
NumberWordsChanged, 26
WordPositions
224	225	226	227	228	229	230	231	232	233	234	235	236	237	238	239	240	241	242	243	244	245	246	247	248	249	
OldWordVectorPositions
[358159 148224 383513 127491 188481 302352 288743 353709 357265 322255
 383513 302352  65963 185457 146344 302352 315103 151349 357265 217850
 166725 279800 386886 361952 269798 357265 360601 310672 268046 358159
      0  46127 268046 269953 268046      0 166402 159432 357265 251034
 383513 287869 188938  54718 128611 190572 360914 357265 272587 386886
 152356 357265 195753 188481 389937 383134  15341 357639 383513  43010
 320242 386431 185457  52261 380899 193716 329998 229215 188481  43010
  86893 188481 109494 193331 352232 360914 357265 365814 222471  43010
 322827 287876 386423 175199 105678  45776  43010 390146 269953 219722
 148162 336880 357265 336880  78088  54718 131629 232582 360914 333080
 373316 344147 373484 323392 357265 159391  54718 319764 262350 276771
 262350 232377 262350 370952 316835  54718 229215 162064 179434 223830
 280962 352213 357211  53540 390138 259914  43794 357265 283281 357265
 320242 137189 388710 357265 336880  72182 192159  88126 229216 389822
  54718 162064 178965  43010 335201 316722 185457 239170 186645 357639
 383513  43010 249714 106904 320242 289259 357265 374020  60665 357265
 166369 386642 319481 268046 357265 389937 286531 355344 239105  71494
 358159 269953 351989 357265  89496 193716 329998 357211 148165  58997
 116511 188481 125803 188710 268046 181371  54718 174642 360914 305141
 269798 357265 166369  53540 336910 151349 303451 193716  77960  54718
 295598 273884 357265 108285 268046 357265 240688 268046 357265 374092
 372190 342018  59617 151421 268046 357265 144971 132583 357760  58997
 148162 380863 357211 385663 190959 188481 357265 374020 244456 131142
 389937 383134  15341 386886 123595 330915  88126 330915 388710 357265
  53540 147978 357265 195753 386886 382609 330915  88126 330915 388710]
NewWordVectorPositions
[358159 148224 383513 127491 188481 302352 288743 353709 357265 322255
 383513 302352  65963 185457 146344 302352 315103 151349 357265 217850
 166725 279800 386886 361952 269798 357265 360601 310672 268046 358159
      0  46127 268046 269953 268046      0 166402 159432 357265 251034
 383513 287869 188938  54718 128611 190572 360914 357265 272587 386886
 152356 357265 195753 188481 389937 383134  15341 357639 383513  43010
 320242 386431 185457  52261 380899 193716 329998 229215 188481  43010
  86893 188481 109494 193331 352232 360914 357265 365814 222471  43010
 322827 287876 386423 175199 105678  45776  43010 390146 269953 219722
 148162 336880 357265 336880  78088  54718 131629 232582 360914 333080
 373316 344147 373484 323392 357265 159391  54718 319764 262350 276771
 262350 232377 262350 370952 316835  54718 229215 162064 179434 223830
 280962 352213 357211  53540 390138 259914  43794 357265 283281 357265
 320242 137189 388710 357265 336880  72182 192159  88126 229216 389822
  54718 162064 178965  43010 335201 316722 185457 239170 186645 357639
 383513  43010 249714 106904 320242 289259 357265 374020  60665 357265
 166369 386642 319481 268046 357265 389937 286531 355344 239105  71494
 358159 269953 351989 357265  89496 193716 329998 357211 148165  58997
 116511 188481 125803 188710 268046 181371  54718 174642 360914 305141
 269798 357265 166369  53540 336910 151349 303451 193716  77960  54718
 295598 273884 357265 108285 268046 357265 240688 268046 357265 374092
 372190 342018  59617 151421 268046 357265 144971 132583 357760  58997
 148162 380863 357211 385663 317263 288991  80309 198054 151547 344452
 212095 194903 322217 251599 293621 184337 289808 333393 256731 175796
 316161 364114  76166 246870 249435 381393 294986 264801 138396 194005]
