OriginalClass, 1
NewClass, 1
NumberWordsChanged, 35
WordPositions
215	216	217	218	219	220	221	222	223	224	225	226	227	228	229	230	231	232	233	234	235	236	237	238	239	240	241	242	243	244	245	246	247	248	249	
OldWordVectorPositions
[358159 192973 357265 332394 390079 251034 185457 174642 141863 323431
 185457  90964 142967 182540  65963 193716 192973 185457 181209 383071
 360914 207423 254554 326145 359970 358801 358159  62578 142808 200035
 360914 174642 357265 275303 136979 185457 303025 190756 268046 323392
 358159 251034 394474  70234 188481  45534 357411 394474 387695  62065
 219145 209645  43010 152796 268046 357265 275303 388755  51582 268046
 357265 320162 185457 170714 346372 178401 142757 386423 185457 302207
 357265  65680 268046 357265 131420  93018  54718 386423 188481 357265
  71956 193716  46189 357211 197186 383513 151061 357387 185457 383513
 336113 142393 357411  88126 357265 136979 185457 383071 360914 207423
 254554 185457 239170  43010      0 245562 191921 360914 357265 250392
  55915  97035 188481 357265 179571 268046 101278 200035 275303 248650
 110156 174642 127491  43010  74597 198213 133581 358159 364246  62065
 219145 357809 390138 174642 358829 146194  54718  78853 337258 268046
 357265 157581 193716 390138 174642 229835 193716  74597 360914 174642
 264550 323431  57170 268046 357265 181890 193716 383632 357211 185457
 123557 160418 357265 198520 193919 357211 357809 385663 264550 270201
 264550 155345 357809 305821 357408 222471 368159 359970  57698 337301
 193408 155345 372348 394474 323336 193716 222471  43010 244641 359970
 126552 264550 371151  57170 101520 323336 358159 280944 174642 300970
 233437 357265 172635 268046 145557  60665 357265 389987 390079 251034
 185457 174642 323431 357211 361939  54718  48346 357211 193716 192973
  65963  87775  50428 193716 192973 270201 357265 323024 390079 145674
 129458 357265  87530 192973  88126 144971 390058 358159 121797  51582
 207715 268046 173833 217055  87775 185457  91041 390409 357211 177231]
NewWordVectorPositions
[358159 192973 357265 332394 390079 251034 185457 174642 141863 323431
 185457  90964 142967 182540  65963 193716 192973 185457 181209 383071
 360914 207423 254554 326145 359970 358801 358159  62578 142808 200035
 360914 174642 357265 275303 136979 185457 303025 190756 268046 323392
 358159 251034 394474  70234 188481  45534 357411 394474 387695  62065
 219145 209645  43010 152796 268046 357265 275303 388755  51582 268046
 357265 320162 185457 170714 346372 178401 142757 386423 185457 302207
 357265  65680 268046 357265 131420  93018  54718 386423 188481 357265
  71956 193716  46189 357211 197186 383513 151061 357387 185457 383513
 336113 142393 357411  88126 357265 136979 185457 383071 360914 207423
 254554 185457 239170  43010      0 245562 191921 360914 357265 250392
  55915  97035 188481 357265 179571 268046 101278 200035 275303 248650
 110156 174642 127491  43010  74597 198213 133581 358159 364246  62065
 219145 357809 390138 174642 358829 146194  54718  78853 337258 268046
 357265 157581 193716 390138 174642 229835 193716  74597 360914 174642
 264550 323431  57170 268046 357265 181890 193716 383632 357211 185457
 123557 160418 357265 198520 193919 357211 357809 385663 264550 270201
 264550 155345 357809 305821 357408 222471 368159 359970  57698 337301
 193408 155345 372348 394474 323336 193716 222471  43010 244641 359970
 126552 264550 371151  57170 101520 323336 358159 280944 174642 300970
 233437 357265 172635 268046 145557  60665 357265 389987 390079 251034
 185457 174642 323431 357211 361939 130967 284708 352575 198877 163036
 185801 313744  50941 162048 149564 294934 301329 316226 371696 200230
 295442 319021 324387 195181 271139 187645 175531  56442 305859 152275
 209570 111534 383754  97516  96301  58228  90135 284763  52394 308092]
