OriginalClass, 1
NewClass, 0
NumberWordsChanged, 22
WordPositions
228	229	230	231	232	233	234	235	236	237	238	239	240	241	242	243	244	245	246	247	248	249	
OldWordVectorPositions
[188481  43010 384121 109543 268046 359888 192973  43010 346320 343963
  71494 357265 251034 302175 193919 163265  72182 323431  88126 358480
  87775 193716 144223  62065 231552 357387 218167 220724 379813 174032
 170714 193919 346320  71494 357265 345908 383513  54273 271493 384121
 268046 107671 357265 359888 364330 151654  44608      0  65680 360914
 357265 155653 177231 105678 357265 269062 152927 357265      0 209507
  54718 193919 258200  68604 384121 268046 222138 155017 268046 292167
 155345 357160 360914 357265  54686 389822 175199 374207 249200  90548
 337304  71090 125258  87775 175199 204686 179434 181371 357411 105678
 357265 325295 262456 170714 151562 357265 364664 346320 268046 220724
 379813 357265 148908  54718 193919 262350 374162  72182  43010 251034
 142833 360914 302343 357211 357265 109543 268046 359888 174032  71814
 229835 151349 248489 357265 159391 343963  71959  47798 357265 136979
 268046 220724 379813  54718 187871 365140 360914 200060 357265 325295
 388710  43010 359888 277076 357211 390138 174642 258454 337258 323024
 362928 142859 193919 262350 374162 366273 360914 160418  65680 357265
 197298      0 174032 343645 127708 394474 305224 358159 260760 303305
 329020  54718 142805  91624 175199  81794  62065 357265 136979 268046
 357265  15317 138435 386431 126552 394474 357969 175199 152393 357265
 248489 324345 357265 197298  54718 357225 270201 269953 268046 233708
 180526      0 365140 360914  64170  54718 144223 220930 174642  43010
 225629  62065 357265  97035 249200 126852  96721 177661 200035  43010
 223830 249714  81044 304138      0 357225  56041 343963      0 220192
 118743 264550 360914 106466 177555 188481 358159 325295 360914  64170
 160466 345108 188481 357265  81965 310672  54718 253286 309903 365140]
NewWordVectorPositions
[188481  43010 384121 109543 268046 359888 192973  43010 346320 343963
  71494 357265 251034 302175 193919 163265  72182 323431  88126 358480
  87775 193716 144223  62065 231552 357387 218167 220724 379813 174032
 170714 193919 346320  71494 357265 345908 383513  54273 271493 384121
 268046 107671 357265 359888 364330 151654  44608      0  65680 360914
 357265 155653 177231 105678 357265 269062 152927 357265      0 209507
  54718 193919 258200  68604 384121 268046 222138 155017 268046 292167
 155345 357160 360914 357265  54686 389822 175199 374207 249200  90548
 337304  71090 125258  87775 175199 204686 179434 181371 357411 105678
 357265 325295 262456 170714 151562 357265 364664 346320 268046 220724
 379813 357265 148908  54718 193919 262350 374162  72182  43010 251034
 142833 360914 302343 357211 357265 109543 268046 359888 174032  71814
 229835 151349 248489 357265 159391 343963  71959  47798 357265 136979
 268046 220724 379813  54718 187871 365140 360914 200060 357265 325295
 388710  43010 359888 277076 357211 390138 174642 258454 337258 323024
 362928 142859 193919 262350 374162 366273 360914 160418  65680 357265
 197298      0 174032 343645 127708 394474 305224 358159 260760 303305
 329020  54718 142805  91624 175199  81794  62065 357265 136979 268046
 357265  15317 138435 386431 126552 394474 357969 175199 152393 357265
 248489 324345 357265 197298  54718 357225 270201 269953 268046 233708
 180526      0 365140 360914  64170  54718 144223 220930 174642  43010
 225629  62065 357265  97035 249200 126852  96721 177661 200035  43010
 223830 249714  81044 304138      0 357225  56041 343963 142973  97490
 289682 310786 302188  69362 121617 120560 262590 392661 358068 325282
 111386 399229 369355 138101 360408 206398 396344  48849 296623 155269]
