OriginalClass, 1
NewClass, 0
NumberWordsChanged, 30
WordPositions
220	221	222	223	224	225	226	227	228	229	230	231	232	233	234	235	236	237	238	239	240	241	242	243	244	245	246	247	248	249	
OldWordVectorPositions
[185457  52943 264550 269953 268046 358451 280944 357211 387695 382590
 272930 268046  43010 251034 357211 383513  69725 269798 338226 236496
  54718  63654 319690 357265  80586 383513  74597 185457 209645  74597
 357108 360914 120677 357265 375623 268046  43010 251034 200035  71494
 193716 383632  43010 144353  46127 357639 192973  43010 220347 292848
  54718 226030 268046 118793 357211 163237 191811 231552  43010 251034
 357211  58997 337304 272930 268046 357265      0 108302  54718  95616
 272930 268046 357265 271493  63534 108302 357644 193716 192973 372712
 360914 142750  43010 251034 360914  71090 142250 357265 316998 389792
 151349 389792  60665  43010  80586 270970 286375 270970 378546 157049
 270970 125440 308279 270970 386314  43010 251034 329915  71090 199379
 269798 193919 274148 341453  54718 182540 193716 149171 188481 336350
 249755  43010 346322 251034 329915  71090 229835  71494 357265 236496
 192973 305032 360914 357265 336350 386473 193716  72766  54718 186645
 193716 192973  69725 269798 338226 236496 193919 305030 258481 360914
  71090 303841  54718 137505  88126 357265 148260 148269 222471 357639
 387695  71090  78456 151050 358159 277060  71494 386494 193716 383513
  69725 269798  43010 264802 390449  62065 357265 367634 268046 357265
  95359 268641 193716 146354 305032  71494 268046 357964 222471 357265
 192580 383134  54718 137256 106728 357211 357265 148269 110432 268046
 271492 357265 374020 383513  54718 192973 142816 141816 207802 210649
  69725 269798 357265 271493 148224  73120 154323 374252 259972 354661
  54718 106728 268046  55539 308625 357211 280944 174642 388710 357211
 315709 185457 200035 127708 371425 386983 357809 141816  81568 360914
 231458 358159 251034  74313 357265 166369 281316 168283 272042 262560]
NewWordVectorPositions
[185457  52943 264550 269953 268046 358451 280944 357211 387695 382590
 272930 268046  43010 251034 357211 383513  69725 269798 338226 236496
  54718  63654 319690 357265  80586 383513  74597 185457 209645  74597
 357108 360914 120677 357265 375623 268046  43010 251034 200035  71494
 193716 383632  43010 144353  46127 357639 192973  43010 220347 292848
  54718 226030 268046 118793 357211 163237 191811 231552  43010 251034
 357211  58997 337304 272930 268046 357265      0 108302  54718  95616
 272930 268046 357265 271493  63534 108302 357644 193716 192973 372712
 360914 142750  43010 251034 360914  71090 142250 357265 316998 389792
 151349 389792  60665  43010  80586 270970 286375 270970 378546 157049
 270970 125440 308279 270970 386314  43010 251034 329915  71090 199379
 269798 193919 274148 341453  54718 182540 193716 149171 188481 336350
 249755  43010 346322 251034 329915  71090 229835  71494 357265 236496
 192973 305032 360914 357265 336350 386473 193716  72766  54718 186645
 193716 192973  69725 269798 338226 236496 193919 305030 258481 360914
  71090 303841  54718 137505  88126 357265 148260 148269 222471 357639
 387695  71090  78456 151050 358159 277060  71494 386494 193716 383513
  69725 269798  43010 264802 390449  62065 357265 367634 268046 357265
  95359 268641 193716 146354 305032  71494 268046 357964 222471 357265
 192580 383134  54718 137256 106728 357211 357265 148269 110432 268046
 271492 357265 374020 383513  54718 192973 142816 141816 207802 210649
  69725 269798 357265 271493 148224  73120 154323 374252 259972 354661
 101770  46240 102073 331073  87599 294229 168963 292974 230554 259775
 283765 387958  78116 304393 174754 282517 294703 199045 217925 345662
 332163 389469 123172 125775 318882 137817 182463 292071 170002 361105]
