OriginalClass, 1
NewClass, 0
NumberWordsChanged, 13
WordPositions
237	238	239	240	241	242	243	244	245	246	247	248	249	
OldWordVectorPositions
[346708 264612 220815 357108  43010      0 377861 268046 357265  14463
 367966 179580 226278  53504 345399 118804 272930 388710 149632 268046
 265437      0  14492 192973  43010 222341 284318 268046 150473 357211
 337262 343256 232582 360914 137883  54718 357265 218947  97014 177231
 353175  65064 366080 302352 192973 337258 207715 268046      0  43010
 343073 264550 150029  62704 386958 336113      0 357211 141816 177103
 286077  63705 174032 229835  43010 278340  62065 177103  54718 388710
  43010 184131  82314 188481 141941 289096 358159      0 349603 156518
 302352 126848 295763 357265 218635 188481 218688 386306 388710 177103
      0 348439  71352 188481 259972 394336 177103 286398 388710 157368
 292803 188481 242810  54718 177103 111461  96373 310051 341677 130285
 188481 215204 353175 348373 126848 204679  87768  54718 386423 328475
 264550 128939 357760 169754 268046  51582 357353 233298 137241  60665
 357265 378765 219119 328475 221544 360914  71090 352024  43010 202769
 102208      0 103229 146770 268074 149631  54718 300628  62712 167460
 289822 278037  54718 343844  43010 178703  62696 269798 177103  49228
  60665 185457 315709 222341 155185  54718 348380 164328 151349  43010
 261149 386423 394567 146352 337306  82741  54718 200035 383067 360914
 376802 272930 188481 154357 268046 357265 366774 155653  61942 199092
 197724 126848  84236 337258 374974  97224 360914 177103 310672  60665
 353175  54718 357265 148224 225650 172650 137680 360914 286531 124909
  87966  36920 145823 374148 123836  54718 235594 158500  49495  90792
 317183  58997 383689 177231 188481 377945 335128 310681  87775 343256
 160418 360914 126552 386306 357809 126552      0 268074 357353      0
 358461 357265 284277 192973 259914      0 155345  54718 126852 302352]
NewWordVectorPositions
[346708 264612 220815 357108  43010      0 377861 268046 357265  14463
 367966 179580 226278  53504 345399 118804 272930 388710 149632 268046
 265437      0  14492 192973  43010 222341 284318 268046 150473 357211
 337262 343256 232582 360914 137883  54718 357265 218947  97014 177231
 353175  65064 366080 302352 192973 337258 207715 268046      0  43010
 343073 264550 150029  62704 386958 336113      0 357211 141816 177103
 286077  63705 174032 229835  43010 278340  62065 177103  54718 388710
  43010 184131  82314 188481 141941 289096 358159      0 349603 156518
 302352 126848 295763 357265 218635 188481 218688 386306 388710 177103
      0 348439  71352 188481 259972 394336 177103 286398 388710 157368
 292803 188481 242810  54718 177103 111461  96373 310051 341677 130285
 188481 215204 353175 348373 126848 204679  87768  54718 386423 328475
 264550 128939 357760 169754 268046  51582 357353 233298 137241  60665
 357265 378765 219119 328475 221544 360914  71090 352024  43010 202769
 102208      0 103229 146770 268074 149631  54718 300628  62712 167460
 289822 278037  54718 343844  43010 178703  62696 269798 177103  49228
  60665 185457 315709 222341 155185  54718 348380 164328 151349  43010
 261149 386423 394567 146352 337306  82741  54718 200035 383067 360914
 376802 272930 188481 154357 268046 357265 366774 155653  61942 199092
 197724 126848  84236 337258 374974  97224 360914 177103 310672  60665
 353175  54718 357265 148224 225650 172650 137680 360914 286531 124909
  87966  36920 145823 374148 123836  54718 235594 158500  49495  90792
 317183  58997 383689 177231 188481 377945 335128 310681  87775 343256
 160418 360914 126552 386306 357809 126552      0 248416 319221 315855
 251542  99849 217246 371631 136832 255560 140302 347634 376127 167098]
