OriginalClass, 1
NewClass, 1
NumberWordsChanged, 35
WordPositions
215	216	217	218	219	220	221	222	223	224	225	226	227	228	229	230	231	232	233	234	235	236	237	238	239	240	241	242	243	244	245	246	247	248	249	
OldWordVectorPositions
[295763  43010 131420 268046 358159 150004 188481  43010 359888  91550
  54718 193716 387695 119370 187518 151349 155653 159442  43010 281272
 142283 268046 269953 386473 383407 357265 245246 301038 269798  43010
      0 319931  76084 109754  54718 301430 310858 174642  71814  62065
 357265 362049 188481 301046  54718 388710 355878 268046 244651 188481
 132464  55925 388710 357353 355301 325549 393704 132276 174032 170714
 262350 346320 188481      0 268191 358159 174032  52520  71814 366080
 151349 272583 367966 281923 281353  71494 233708 268046 357265 343906
 386473  58997 291763 151349 368320 182380 270970 336113 323420 249714
 346834 360914 134678  43010      0 333897 270970  62065 250392 357265
  18477 270970  18987 245571 268046 128966 131142  43010      0 293158
 358159 148224 182573 126852 174642 269953 332394 135301 386473 390138
 383400 368320 270970 358548 245571 268046 359888 269798 229753 367966
 335876 270970  57196 135869 269798  43010 322171 270970 341162 193919
 271507 117550 192973 223634  60665  17499  87775 305005 117550 360914
 131420 270201 192973 330027  60665  17541 193716  52520 383513 148242
 264550 225289  71895 310316      0 118337 336113 193919 269953 303440
 375623 192973 357211 193716 292769 294038  62065 219127  43010 147468
 184067 358476 249714 127119 151349 179434 176152 186309 259914 175426
 268046 193716  87775 152393 193716 386423      0 254258 325898  54718
 153136  71488 145388  88126 193716 337258 251057  58997 336113 366128
  64362 357211 357809 300964  43010 337917 268046 362049 301038 188481
 307222 336113  65963 357211 394474  90548 251014 357265 123157  65895
 360914  43010  40724 270970   4961 286043  40724 154323 273047 338555
 192973 357265  74390 142283  54718 357265  85163      0 280944 270952]
NewWordVectorPositions
[295763  43010 131420 268046 358159 150004 188481  43010 359888  91550
  54718 193716 387695 119370 187518 151349 155653 159442  43010 281272
 142283 268046 269953 386473 383407 357265 245246 301038 269798  43010
      0 319931  76084 109754  54718 301430 310858 174642  71814  62065
 357265 362049 188481 301046  54718 388710 355878 268046 244651 188481
 132464  55925 388710 357353 355301 325549 393704 132276 174032 170714
 262350 346320 188481      0 268191 358159 174032  52520  71814 366080
 151349 272583 367966 281923 281353  71494 233708 268046 357265 343906
 386473  58997 291763 151349 368320 182380 270970 336113 323420 249714
 346834 360914 134678  43010      0 333897 270970  62065 250392 357265
  18477 270970  18987 245571 268046 128966 131142  43010      0 293158
 358159 148224 182573 126852 174642 269953 332394 135301 386473 390138
 383400 368320 270970 358548 245571 268046 359888 269798 229753 367966
 335876 270970  57196 135869 269798  43010 322171 270970 341162 193919
 271507 117550 192973 223634  60665  17499  87775 305005 117550 360914
 131420 270201 192973 330027  60665  17541 193716  52520 383513 148242
 264550 225289  71895 310316      0 118337 336113 193919 269953 303440
 375623 192973 357211 193716 292769 294038  62065 219127  43010 147468
 184067 358476 249714 127119 151349 179434 176152 186309 259914 175426
 268046 193716  87775 152393 193716 386423      0 254258 325898  54718
 153136  71488 145388  88126 193716 337258 251057  58997 336113 366128
  64362 357211 357809 300964  43010 318467 232702 306602 163494 329888
 238354 347137 368947 386206  44984  85795 163225 147787 216481  95411
 174492 207556 266555 148225  45402 170365 248437 291284 245529  82690
  76196 250826 388667 121164 134258 277578  55166  68406 254987 291773]
