OriginalClass, 1
NewClass, 1
NumberWordsChanged, 35
WordPositions
215	216	217	218	219	220	221	222	223	224	225	226	227	228	229	230	231	232	233	234	235	236	237	238	239	240	241	242	243	244	245	246	247	248	249	
OldWordVectorPositions
[358159 251034 231492 239105 383067 360914 358815 373316 141941 359888
 185457 323336 193716 186645 394474 351934 357265 148908 251034  54718
 307222 357265 286789  59274 383080 360914 219178 357265 322568 177103
 117632 383080 360914 163237 360914 357265 322568 351934 357265 316998
  97035  54718 162051 357387 259972  55549  54718 259972 256063  54718
 357411 358815 188481 111259  55559  54718 357265  75824 346408 143981
 289446 394474 160418 357265 223830 241527  15341 193919  69842  43010
 108884 268046 357265 148908 251034 388710  43010 307226 286789 187377
 351934 394474 358801 357265 181890 268046 193716 342772  88126 342772
 357760  58997 357265 280944 154323 357265  15317 251034 148908 268046
  51582 292351 138936 192973 343256 292351 138936 388710  44608  21828
 222999 188481 357265 386896 251034  59274 192973 373604  55915  54718
 192973 264550 357265  92053 175344 339643 384373 319557 188481 357265
  15317 188481 143954 327863 192973 357265 142240 270817 322908 192973
 343256 322908 270201 220815 114194 220815 108464  60665  72182 344611
 272930  54718 357265 198520 200035  59057 155345  57185 150377 174032
  44608  15341 222999 175199 264937 174032 207126  54718 175199 352235
 388710  43010 130637 256833 380507 322466 192973 343256 130637 322466
 270201 264550 155345 207802 365546  97014 192973 292769 357265  74390
 175199 343256 306776 357265 191797  54718 226278 151349 179434 117632
 240594  59274  54718 292351 138936  57715 264550 360914 162051  43010
 181552  44608 357353 117632 222471 185457 315709  51582 357809 123517
 383513 374162 357265  97035 154323 357265 148908 251034  54718 108884
 357387 358159 192973 386306 357809 123517 373959 357265 259972 141999
 379055 192973 249791      0 333050 386886 146354 222471 327863  52879]
NewWordVectorPositions
[358159 251034 231492 239105 383067 360914 358815 373316 141941 359888
 185457 323336 193716 186645 394474 351934 357265 148908 251034  54718
 307222 357265 286789  59274 383080 360914 219178 357265 322568 177103
 117632 383080 360914 163237 360914 357265 322568 351934 357265 316998
  97035  54718 162051 357387 259972  55549  54718 259972 256063  54718
 357411 358815 188481 111259  55559  54718 357265  75824 346408 143981
 289446 394474 160418 357265 223830 241527  15341 193919  69842  43010
 108884 268046 357265 148908 251034 388710  43010 307226 286789 187377
 351934 394474 358801 357265 181890 268046 193716 342772  88126 342772
 357760  58997 357265 280944 154323 357265  15317 251034 148908 268046
  51582 292351 138936 192973 343256 292351 138936 388710  44608  21828
 222999 188481 357265 386896 251034  59274 192973 373604  55915  54718
 192973 264550 357265  92053 175344 339643 384373 319557 188481 357265
  15317 188481 143954 327863 192973 357265 142240 270817 322908 192973
 343256 322908 270201 220815 114194 220815 108464  60665  72182 344611
 272930  54718 357265 198520 200035  59057 155345  57185 150377 174032
  44608  15341 222999 175199 264937 174032 207126  54718 175199 352235
 388710  43010 130637 256833 380507 322466 192973 343256 130637 322466
 270201 264550 155345 207802 365546  97014 192973 292769 357265  74390
 175199 343256 306776 357265 191797  54718 226278 151349 179434 117632
 240594  59274  54718 292351 138936  57715 264550 360914 162051  43010
 181552  44608 357353 117632 222471 173979  88846 173771 249820  47827
 187503 173901 161417 295611 280926  53633 314799 222940  52095 142789
 141769 358577 101382 146462  90541 382718 278870  75935 106172  83634
 119773 116715 355808 145487 266455  75910 106145 141946 350399 181879]
