OriginalClass, 1
NewClass, 1
NumberWordsChanged, 35
WordPositions
215	216	217	218	219	220	221	222	223	224	225	226	227	228	229	230	231	232	233	234	235	236	237	238	239	240	241	242	243	244	245	246	247	248	249	
OldWordVectorPositions
[ 72477 239105 185457 222471 181890 251057 185457 222471 321703 147717
 251057 185457 222471 189078 148269  54718 185457 222471      0  65064
 251057 337304 185457 141816 222471  65963  45815 286750 322268 389561
 222999 188377 333194  54718 357265 222471 182573 185457 123517 264550
 222471 100274 269798 235218 193716 200035 126852 389835 269798 336113
 233708 221134 151349  51582 357265 302484 223634 292067  54718 233708
 249714 357211 188838 357265 263768  77959 374162 268046 187656 268046
 146690 159531  54718 357265 233708  52126 360914 231875 159531 188481
  43010 377945 153902 384121 185457  52943 108462 358159 192973 295485
 154323 189519  60665 270811 360914 337258  62696  62065 126981 337301
 302352 123767 185457 239170  57170 251034 357211 351989 393334 360914
 148224 200035  90964 204679 373316 357265 221115 268046 107322  54718
 150791 120337  88126 247417  62980 185457 170714 181583 357211 357265
 386896 251034 383513 200035  43010 129149 270970 171885  88126 357265
 231068  97014 182573 315242 193716 383513 239200 360914 174642 173063
  60665 384373 319557 357964 371778 269798 322171  44608 357265 270201
 207759 357211 185457  90548 142967 192973 357211 357265 187646  62065
 357265 136979 383513 345294 186645 358159 170714  71814 374167  62065
 357265  71956 190756 268046 357265 136979 193716 110156 174642  52072
 357265 148224 360914 351934 268074 386431  17477 137041 360914  65963
 357809 123557 366253 357211 190756 185457 200035 127708 371425 386306
 383513 336113 188273  44608 358159 148224 357211 193716 141816 170714
 360914  71090 229835 383513 193716 357265 286789 348380 193716 110159
  71090 383513 193716 357265  97035 185457 128330 193716 185457 239170
 185457 110156 223944 388755 209655  44608 133355  10741 383513 193716]
NewWordVectorPositions
[ 72477 239105 185457 222471 181890 251057 185457 222471 321703 147717
 251057 185457 222471 189078 148269  54718 185457 222471      0  65064
 251057 337304 185457 141816 222471  65963  45815 286750 322268 389561
 222999 188377 333194  54718 357265 222471 182573 185457 123517 264550
 222471 100274 269798 235218 193716 200035 126852 389835 269798 336113
 233708 221134 151349  51582 357265 302484 223634 292067  54718 233708
 249714 357211 188838 357265 263768  77959 374162 268046 187656 268046
 146690 159531  54718 357265 233708  52126 360914 231875 159531 188481
  43010 377945 153902 384121 185457  52943 108462 358159 192973 295485
 154323 189519  60665 270811 360914 337258  62696  62065 126981 337301
 302352 123767 185457 239170  57170 251034 357211 351989 393334 360914
 148224 200035  90964 204679 373316 357265 221115 268046 107322  54718
 150791 120337  88126 247417  62980 185457 170714 181583 357211 357265
 386896 251034 383513 200035  43010 129149 270970 171885  88126 357265
 231068  97014 182573 315242 193716 383513 239200 360914 174642 173063
  60665 384373 319557 357964 371778 269798 322171  44608 357265 270201
 207759 357211 185457  90548 142967 192973 357211 357265 187646  62065
 357265 136979 383513 345294 186645 358159 170714  71814 374167  62065
 357265  71956 190756 268046 357265 136979 193716 110156 174642  52072
 357265 148224 360914 351934 268074 386431  17477 137041 360914  65963
 357809 123557 366253 357211 190756 185457 200035 127708 371425 386306
 383513 336113 188273  44608 358159 205058 262371  48112 397236 387721
 138169 250375 239533 243676  63419  97494 388879 157727 178259  52112
 384658 129965  63977  52624 276683 229184 264482  99265 171980 248718
 277160  61363 395206 366954 347323 221197 304753 330338 279617 230683]
