OriginalClass, 1
NewClass, 0
NumberWordsChanged, 15
WordPositions
235	236	237	238	239	240	241	242	243	244	245	246	247	248	249	
OldWordVectorPositions
[386423 357265 151009  62065 207977 378546  61599 357353 148444 334376
 136972 104990  43010      0 323933 268046 331647 105645 337266 118743
 360914 207034 268074 357265 148908 190728 388710 269953 361939 233708
  13861  54273 267233      0 145034 229835 188481 150301 341856 357265
 377945 394520 269316 173403  60665 137549  60665 357265 325898 192973
 273428  51582 358159 118781 383513  54273 371797 269953 151349 269953
 361939 233708 192973  43010 377945 288743 148224 386473  52261 125107
 357265 378765 154323 383752 155499 222471  57170 368709 145034 358159
 269953 192217 118712 190704  88126 166458 276467 386423 286125 163237
  64403  54718 106360 139380 360914 357265 287479 268046  44849  87775
 372357 357265 164328 270120 269953 361939 233708 192973 188855 371818
  54718 128611  55915 193919 173236 360914 355344  62065 358159 287479
 386457 357265 181592 107214 286789 192973 357265 306708 268046 246283
 151262 270970 189518 148261  87775 386314 357265  94041  88126 357265
 171720 287479 141816 357265 250392  51028 378765 174032 262350 186344
 386306 357265  97014 304967  58997 270970 386306 192973 173065  54718
  88126 357265 136979 269953 262350 225401  92078 357265 270201 287479
 268046 191283 177231 192973 323392 357265  19410      0  65431 173403
 386886  57721 107664 175590 357108 175199 390138  43010 118585 217909
 386423 175199 354473 388710 341406 218263  87775 386886 192973 263578
 155017 268046 394603 137256 188481 357265 270547 320242  64283 388710
  43010 172737  65431 281323  43010 178623  62315  65890 310700 268074
  43010  71602 366207 239105 357225  60665 155345  60665 358159 251034
 160457 186645 394474 302207 358159  71895 323392 357265 148908  93204
 268046      0 334376 136972 185457 346704 394474      0 278468 358159]
NewWordVectorPositions
[386423 357265 151009  62065 207977 378546  61599 357353 148444 334376
 136972 104990  43010      0 323933 268046 331647 105645 337266 118743
 360914 207034 268074 357265 148908 190728 388710 269953 361939 233708
  13861  54273 267233      0 145034 229835 188481 150301 341856 357265
 377945 394520 269316 173403  60665 137549  60665 357265 325898 192973
 273428  51582 358159 118781 383513  54273 371797 269953 151349 269953
 361939 233708 192973  43010 377945 288743 148224 386473  52261 125107
 357265 378765 154323 383752 155499 222471  57170 368709 145034 358159
 269953 192217 118712 190704  88126 166458 276467 386423 286125 163237
  64403  54718 106360 139380 360914 357265 287479 268046  44849  87775
 372357 357265 164328 270120 269953 361939 233708 192973 188855 371818
  54718 128611  55915 193919 173236 360914 355344  62065 358159 287479
 386457 357265 181592 107214 286789 192973 357265 306708 268046 246283
 151262 270970 189518 148261  87775 386314 357265  94041  88126 357265
 171720 287479 141816 357265 250392  51028 378765 174032 262350 186344
 386306 357265  97014 304967  58997 270970 386306 192973 173065  54718
  88126 357265 136979 269953 262350 225401  92078 357265 270201 287479
 268046 191283 177231 192973 323392 357265  19410      0  65431 173403
 386886  57721 107664 175590 357108 175199 390138  43010 118585 217909
 386423 175199 354473 388710 341406 218263  87775 386886 192973 263578
 155017 268046 394603 137256 188481 357265 270547 320242  64283 388710
  43010 172737  65431 281323  43010 178623  62315  65890 310700 268074
  43010  71602 366207 239105 357225  60665 155345  60665 358159 251034
 160457 186645 394474 302207 358159 397488 313099 310806 165274  90797
 356004 377806 275031  75757 328284 309578 221002 280499 117220 193775]
