OriginalClass, 1
NewClass, 0
NumberWordsChanged, 17
WordPositions
233	234	235	236	237	238	239	240	241	242	243	244	245	246	247	248	249	
OldWordVectorPositions
[185457 302207 357265 171586 128704 272583 374185 105868 269798 358159
  79023  54718 193716 323430  60665 358461 357265 270694 376233 166408
 185457 174642 360914  48346 388710 358451 386886 152393 358159 251034
 360914  71090  64362 193716 275321 239105 360914 390409 357211 332239
 185457 390138 174642 181583 358159 390138 174642  71814 166369 270970
 185457 390143 174642  81568 360914 323336 193716 357265 272583 117874
 185457 222471 348220 189189 101278 139731 186645 357809  58997      0
  87775 358159 251034 192973  52261 361939 251645 360914 361410 358451
 357211 382609 272930  60665 185457 107670 126981  47798  44608 358548
 245571 292769 123557 244950 328164 272930   7166 270970 200035 148021
 193716 383513 163745 264974 145460  54718 264550 163745 360914 188386
 237426 185457  52943 334692 249714 270904 357108 357809      0 357211
 270970 357809 123557 279284 360914 160418 188481 188481 357265 148908
 285908 224892 192973  80958 177661  43010 209279 177661 158566 187631
 268788 388710 357211 357265 292794 192973 357211  71494 357265 231068
  97014 188481  43010 251034 192973  80958 126848 264550 258302 239170
 357211 357265 251034  44608 178965 174032 360914  71090  81044  52520
 357639  58997 137085 320245 268046 358159 207071 200035 218667  59937
 222471  43010 224431 268046 218231 303828 141950 357211 394474  52477
 219111 188481 357265 148908 320242  54718 357265 323024 320242 140213
      0 270970 262350 269953 163634  57196 262350 269953 319764  57189
 141816 305339 190608 270970 155345 270970 191290 292769 250392  57676
 268046  51582 192973 357211 185457 123557 146344 357265 334690  77162
 268046 136562 151349 224892 357211 188481 193923 192973  43010 231345
  45208 175199 123557 167678 175199 123557  96721 175199 123557 219109]
NewWordVectorPositions
[185457 302207 357265 171586 128704 272583 374185 105868 269798 358159
  79023  54718 193716 323430  60665 358461 357265 270694 376233 166408
 185457 174642 360914  48346 388710 358451 386886 152393 358159 251034
 360914  71090  64362 193716 275321 239105 360914 390409 357211 332239
 185457 390138 174642 181583 358159 390138 174642  71814 166369 270970
 185457 390143 174642  81568 360914 323336 193716 357265 272583 117874
 185457 222471 348220 189189 101278 139731 186645 357809  58997      0
  87775 358159 251034 192973  52261 361939 251645 360914 361410 358451
 357211 382609 272930  60665 185457 107670 126981  47798  44608 358548
 245571 292769 123557 244950 328164 272930   7166 270970 200035 148021
 193716 383513 163745 264974 145460  54718 264550 163745 360914 188386
 237426 185457  52943 334692 249714 270904 357108 357809      0 357211
 270970 357809 123557 279284 360914 160418 188481 188481 357265 148908
 285908 224892 192973  80958 177661  43010 209279 177661 158566 187631
 268788 388710 357211 357265 292794 192973 357211  71494 357265 231068
  97014 188481  43010 251034 192973  80958 126848 264550 258302 239170
 357211 357265 251034  44608 178965 174032 360914  71090  81044  52520
 357639  58997 137085 320245 268046 358159 207071 200035 218667  59937
 222471  43010 224431 268046 218231 303828 141950 357211 394474  52477
 219111 188481 357265 148908 320242  54718 357265 323024 320242 140213
      0 270970 262350 269953 163634  57196 262350 269953 319764  57189
 141816 305339 190608 270970 155345 270970 191290 292769 250392  57676
 268046  51582 192973 357211 185457 123557 146344 357265 334690  77162
 268046 136562 151349 358988 209588 186778  74838 195690 266153  70446
 383201 291500 387743  91329  85358 102321 197705  59050 167506 301902]
