OriginalClass, 1
NewClass, 1
NumberWordsChanged, 35
WordPositions
215	216	217	218	219	220	221	222	223	224	225	226	227	228	229	230	231	232	233	234	235	236	237	238	239	240	241	242	243	244	245	246	247	248	249	
OldWordVectorPositions
[185457 390138 223628 358159 148224 371151 357265 181890 148224      0
 123517 358159  71494 185457  52943 264550  64317 268046  43010 159619
  89857 181872 332239 357265 159619 181890 105678 357265 258196 360914
 181872 185457 174642 118743 360914 295763 193716 188481 358159  93724
 357265  45815 383513  53159 394474 209645 386886 357265 379059 390138
  71090  62065 357265 148908 320242 357265 177451 192973  60665 369897
  60665 357265 251034 345160 268046 251034 231552 329915 351934 358159
 251034  60665  54273 142283 151349 357265 220845 386306 264550 360914
 126552 188481  43010 251034 193716 192973 357211  65963 232536 357265
 389792  65963 192973  54273 371433 357265 379059 178699  54273 267465
 222995  54718 383067   4961 244641 127119 357809 383067 357265 248489
 360914  71090 120121 269798  54273 190077 311393 193331 188481 357265
 243674 268046 357265 274823 357809 390138  71090 333175 130238  47798
 357809 164934 357265 248489 192973 357639 262350 160432 286043 182540
 130637 357265 146690 112715 124763 192973  43010 151780 108700 257587
 322688 213723 154727 185457  52943 320105 357265 178764 277915 192973
 357265 384121 357265 119473 357265 359888  80110 175199 319764 175199
 209677 386306 175199 192973 126981  54718 175199 204686 295122  51582
 357265 388499 269953  88126 269953 175199 357411 295828 193716 188481
 179434 287214  54718  45217 360914 357265 251034 388710  51582 357265
 107436 188481 285908 192973 175199 229753  60665 229753 374020 386886
 383743 358159 308331 186645 394474 174642  43010 244252 386919 394474
 126552 264550 222471 360914  55911 177103 305655 358159 251034  54718
 291960 394474 137548 193716 185457  61780 394474 327863 387695 119370
 355344 394564 340146 357211 394474 174642 346372  65963 353709  54718]
NewWordVectorPositions
[185457 390138 223628 358159 148224 371151 357265 181890 148224      0
 123517 358159  71494 185457  52943 264550  64317 268046  43010 159619
  89857 181872 332239 357265 159619 181890 105678 357265 258196 360914
 181872 185457 174642 118743 360914 295763 193716 188481 358159  93724
 357265  45815 383513  53159 394474 209645 386886 357265 379059 390138
  71090  62065 357265 148908 320242 357265 177451 192973  60665 369897
  60665 357265 251034 345160 268046 251034 231552 329915 351934 358159
 251034  60665  54273 142283 151349 357265 220845 386306 264550 360914
 126552 188481  43010 251034 193716 192973 357211  65963 232536 357265
 389792  65963 192973  54273 371433 357265 379059 178699  54273 267465
 222995  54718 383067   4961 244641 127119 357809 383067 357265 248489
 360914  71090 120121 269798  54273 190077 311393 193331 188481 357265
 243674 268046 357265 274823 357809 390138  71090 333175 130238  47798
 357809 164934 357265 248489 192973 357639 262350 160432 286043 182540
 130637 357265 146690 112715 124763 192973  43010 151780 108700 257587
 322688 213723 154727 185457  52943 320105 357265 178764 277915 192973
 357265 384121 357265 119473 357265 359888  80110 175199 319764 175199
 209677 386306 175199 192973 126981  54718 175199 204686 295122  51582
 357265 388499 269953  88126 269953 175199 357411 295828 193716 188481
 179434 287214  54718  45217 360914 357265 251034 388710  51582 357265
 107436 188481 285908 192973 175199 229753  60665 229753 374020 386886
 383743 358159 308331 186645 394474 345743 117726 276820 312974 389940
 168241 182346 361918  88095  46704 367253 119919 358718 316986 275674
 199493  79016 152067 190824  49984 130429 253801 155532 222011 353235
 312433  84018 348804 157715 399759 295580 334713 129350  49935 143072]
