OriginalClass, 1
NewClass, 1
NumberWordsChanged, 35
WordPositions
215	216	217	218	219	220	221	222	223	224	225	226	227	228	229	230	231	232	233	234	235	236	237	238	239	240	241	242	243	244	245	246	247	248	249	
OldWordVectorPositions
[185457 127708 357969  57187 333175 128527 360914 378760 358159 148224
 390138  71090 142760  57189 305339  57720 222471  43010 102221 160893
 343963  87775 394474 174642 360914  61257 394572 386423 193919 273428
 186645 394474 385663 141863 320105 358159 126852 302352 389835 269798
 357211 221115  87775 357265  93265 126848 366253 173236  54718 357265
 148224 126852 351226 269798 269953 268046 358451 173081 137075 343963
 192973  44608  54273  53504 110481 386886 364330 360914 214625 195747
 336113 357211 354740 149938 133754  50556  90548 390409  43010  80586
  54718 175199  84243  52318 179434 387353 218244 348641 159864  54718
 357353 117632  54241  54241  69331 357353 154049  51088 114017 128358
 238163 386886 389912  62065 357265  53504 107908 176573 357387 148427
  43010 182387 360914 223944 188481  54718 175199 148441 269953 357211
 192973 174538  44608  10316 393334 132405 188481 357265 316998 182387
  43010 317263 152393 179434 387353  97724 269798 178965  54718 175199
 207480  81562 268046 357387  54718 357411 105958 346796 357353 160907
 343256 190070 357265 182387  54718 386423 357265 149939  60095 193716
 126852 351934 225289  71895 344232 357964 341874 173065 339862  51028
  62065 359970 357265 160907 190070 357265  79332 268046 357265 149939
  54718 357809 341874 360914  45794 222471 357265 195753 280944 357211
 357809 385663  71895  54718 218244 341901 360914 150103 388710  51088
 386473 218983 360914  54273  47476 239204 354740 341901  72019 249714
 344657  54718  47798 175199 290083 338209 128527 357265 358756 268046
  54241 175199 163634 360914  61257  43010 248638 151349 176551 371798
 357265 160907 160418 354740 218244  54718  51088 360914 286375 272930
 357353 118337 320242 222471 193716 173063  10316 393334 132405 358159]
NewWordVectorPositions
[185457 127708 357969  57187 333175 128527 360914 378760 358159 148224
 390138  71090 142760  57189 305339  57720 222471  43010 102221 160893
 343963  87775 394474 174642 360914  61257 394572 386423 193919 273428
 186645 394474 385663 141863 320105 358159 126852 302352 389835 269798
 357211 221115  87775 357265  93265 126848 366253 173236  54718 357265
 148224 126852 351226 269798 269953 268046 358451 173081 137075 343963
 192973  44608  54273  53504 110481 386886 364330 360914 214625 195747
 336113 357211 354740 149938 133754  50556  90548 390409  43010  80586
  54718 175199  84243  52318 179434 387353 218244 348641 159864  54718
 357353 117632  54241  54241  69331 357353 154049  51088 114017 128358
 238163 386886 389912  62065 357265  53504 107908 176573 357387 148427
  43010 182387 360914 223944 188481  54718 175199 148441 269953 357211
 192973 174538  44608  10316 393334 132405 188481 357265 316998 182387
  43010 317263 152393 179434 387353  97724 269798 178965  54718 175199
 207480  81562 268046 357387  54718 357411 105958 346796 357353 160907
 343256 190070 357265 182387  54718 386423 357265 149939  60095 193716
 126852 351934 225289  71895 344232 357964 341874 173065 339862  51028
  62065 359970 357265 160907 190070 357265  79332 268046 357265 149939
  54718 357809 341874 360914  45794 222471 357265 195753 280944 357211
 357809 385663  71895  54718 218244 341901 360914 150103 388710  51088
 386473 218983 360914  54273  47476 239204 354740 341901  72019 249714
 344657  54718  47798 175199 290083 300171 180410  50235  86609 244616
 399485 113597 234583  72448 118491 150165 109744  60946 274079 113723
  78588 111838 383038 197838 231997 227987 109596 229343 385574 270499
 246728 352954 259954 242564  85766  98805 319452 174697 352260  63004]
