OriginalClass, 1
NewClass, 0
NumberWordsChanged, 3
WordPositions
247	248	249	
OldWordVectorPositions
[302740 337301 254581 120978 357211 364057 298759 331390 192973 125119
 188481 357265 186059 268046  56208 357265 254580  78339 192973 130415
 272930  54718  85024 360914  43010 306262 342051 269798  56208 199582
 310920  43010 151780      0 192973  85024 188481 360914 118773 357265
 241862 292794 192973 357211 269953 268046 357265 306268 192973  43010
 269062 161849 268046 179434  54718 357265 333189 297656 367700  64376
 139731 332239 357265 272583 146690 306268 290457 358815 357408  62065
 178965  54718 357265  78339 268046 186059 388710 357265 357958 190592
 192973 240636 372484 297656 337661 357265 267063 192973 188481 357265
 270501 357265 254586 108155 358461  60665 357265 267063 159437  43010
 183606  53974 268046 135124 193716 192973 118743 360914 270501 357265
 267063  87775 200035  71895 357211 192973 127491 199582 118873 357265
 331375 126552 264550 270501  87775 361939 217850  54718 357265 267063
 142881  60665 193716 192973 148356  83307  54718 368320 357964 372344
 269798 132482 357265 148908 192973  54273  51366 357211 170714  71814
 127984 188481 357265 267063  54718 357265 272583 192973  43010 379676
 357211 190745 207480 357265 306262 341140  54718 383575 357211 192973
 348726 373385 269798 358159 179547 141844 118748 357211 358451 357964
  90548 264550  71090 372344 373484 357265 132482 336113  43010 313668
 265375 345965  92753 265375 384425 192973 325065 360914  56208 105868
 357265 251034 180512  43010 147468 348533 269953 192973  92221 221303
 386886 348535 295828 188481  43010 164328  45815 281311  54718 357265
 272583 192973 357211 357265 338994 133907 357211  58997  71421 385217
 389862 358801  54718  43010 225985  74597 357108 142758 371798 357265
 343963 180512  43010 225985 268046 348533 268046 193919 274148  54718]
NewWordVectorPositions
[302740 337301 254581 120978 357211 364057 298759 331390 192973 125119
 188481 357265 186059 268046  56208 357265 254580  78339 192973 130415
 272930  54718  85024 360914  43010 306262 342051 269798  56208 199582
 310920  43010 151780      0 192973  85024 188481 360914 118773 357265
 241862 292794 192973 357211 269953 268046 357265 306268 192973  43010
 269062 161849 268046 179434  54718 357265 333189 297656 367700  64376
 139731 332239 357265 272583 146690 306268 290457 358815 357408  62065
 178965  54718 357265  78339 268046 186059 388710 357265 357958 190592
 192973 240636 372484 297656 337661 357265 267063 192973 188481 357265
 270501 357265 254586 108155 358461  60665 357265 267063 159437  43010
 183606  53974 268046 135124 193716 192973 118743 360914 270501 357265
 267063  87775 200035  71895 357211 192973 127491 199582 118873 357265
 331375 126552 264550 270501  87775 361939 217850  54718 357265 267063
 142881  60665 193716 192973 148356  83307  54718 368320 357964 372344
 269798 132482 357265 148908 192973  54273  51366 357211 170714  71814
 127984 188481 357265 267063  54718 357265 272583 192973  43010 379676
 357211 190745 207480 357265 306262 341140  54718 383575 357211 192973
 348726 373385 269798 358159 179547 141844 118748 357211 358451 357964
  90548 264550  71090 372344 373484 357265 132482 336113  43010 313668
 265375 345965  92753 265375 384425 192973 325065 360914  56208 105868
 357265 251034 180512  43010 147468 348533 269953 192973  92221 221303
 386886 348535 295828 188481  43010 164328  45815 281311  54718 357265
 272583 192973 357211 357265 338994 133907 357211  58997  71421 385217
 389862 358801  54718  43010 225985  74597 357108 142758 371798 357265
 343963 180512  43010 225985 268046 348533 268046 137363 188140 211919]
