OriginalClass, 1
NewClass, 0
NumberWordsChanged, 22
WordPositions
228	229	230	231	232	233	234	235	236	237	238	239	240	241	242	243	244	245	246	247	248	249	
OldWordVectorPositions
[386983 135869 390138 175199 126552 358159 360914 239105 264550 357211
 185457 142750 118288  89420 360914 292969 179580 251057 270970 141816
 118700 251057 185457 319557 225053  54718 102163 185457  52943  64317
 268046 200035 182540 164328 118288  89420 192973 267359 358159 192973
 164282  71090  43010      0 150004  54718 132276      0 150004 174032
 193919 274148 338994 384121 360914 231458 394474 322135 394564 175207
 185457 387695 264550  89824 357760 339863  60665 394474  91041 302352
 339859 358159 251034  57170 249714 357108 193716  52477 192973 360914
  71950 388710 386983 192973 357211  43010 144390 176329 185457 239170
 386983 182540 105625 357211 269953 321723 192973 154323  98712  54718
 357211 272583 321723 192973 154323 215204  54718 258790 269953 110156
  71090  57170 249714 132625 141504 186645 357809 365129 182540 173236
 390138 193716 174642  71814 360914 160418 134678  54273  53504  45893
 270970 200035  96721 357211 216426 341955 328002 357265 251034 294049
 374020 388710 360914 319690 358451 280944  59057  53504 386983  58997
 357639  15341 267401 386423 357265 251034 162064 374020  43010 334998
 222946 384373 160418      0  54718 357411 241860      0 217909 269798
  54718 357411 357225 193716 386886  92078  44608 357265 359956 360914
  71090 181208 386886  92025  44608 193716 141816 386423 357809 241110
 193716  87775 185457 168566 357225  74312 357265 287479 126848  43010
 251034 302352 160418  74597 186645 394474  58997  44493 360914 378760
 193716 358801 252664 339801 322183 357265  56160 192973 262350 357211
 128875 348373  90548 382590 128527 357211      0      0      0 273428
 386886 269798 132482 383513 306556 151349 269953 268046 357265 390079
 137075 188481 148224 179571 193716 383513 344147 272930 268046 321888]
NewWordVectorPositions
[386983 135869 390138 175199 126552 358159 360914 239105 264550 357211
 185457 142750 118288  89420 360914 292969 179580 251057 270970 141816
 118700 251057 185457 319557 225053  54718 102163 185457  52943  64317
 268046 200035 182540 164328 118288  89420 192973 267359 358159 192973
 164282  71090  43010      0 150004  54718 132276      0 150004 174032
 193919 274148 338994 384121 360914 231458 394474 322135 394564 175207
 185457 387695 264550  89824 357760 339863  60665 394474  91041 302352
 339859 358159 251034  57170 249714 357108 193716  52477 192973 360914
  71950 388710 386983 192973 357211  43010 144390 176329 185457 239170
 386983 182540 105625 357211 269953 321723 192973 154323  98712  54718
 357211 272583 321723 192973 154323 215204  54718 258790 269953 110156
  71090  57170 249714 132625 141504 186645 357809 365129 182540 173236
 390138 193716 174642  71814 360914 160418 134678  54273  53504  45893
 270970 200035  96721 357211 216426 341955 328002 357265 251034 294049
 374020 388710 360914 319690 358451 280944  59057  53504 386983  58997
 357639  15341 267401 386423 357265 251034 162064 374020  43010 334998
 222946 384373 160418      0  54718 357411 241860      0 217909 269798
  54718 357411 357225 193716 386886  92078  44608 357265 359956 360914
  71090 181208 386886  92025  44608 193716 141816 386423 357809 241110
 193716  87775 185457 168566 357225  74312 357265 287479 126848  43010
 251034 302352 160418  74597 186645 394474  58997  44493 360914 378760
 193716 358801 252664 339801 322183 357265  56160 192973 262350 357211
 128875 348373  90548 382590 128527 357211      0      0  80777 253250
 103657 114632 213162 336910 228887 354709  86666 150707 102418 356910
 333186 109531 110726 164449 231886 350927 389684 241379 168177 138901]
