OriginalClass, 1
NewClass, 0
NumberWordsChanged, 4
WordPositions
246	247	248	249	
OldWordVectorPositions
[188481 386306 390138  71090 179434 148908 322181  69725 269798 179434
 274148 329710 343963 367634  44608 387759 145726 120126  43010  77324
 343963 268046 226621 315074  54718 302352 344232 304967 357265 343963
 271500 383513  44608 270201 357265 361773 394520  54718 108631  97035
  87775 242722 258454 360914 295763 198186 111349 188481  56041 284277
 360914 154987 177103 108200  54718 145726 267117  88126 111453  43010
 146690 310672 111349 190635 357211 177103 222999  71090 390449 188481
 357265 316998 102884 345399  60665 177103 109926 394520  54718 361773
 218977 360914 251645 372096 178766  60665 357760 358548 106039 188481
  43010      0 329799 357211 338189 222471  43010 249267 296178 333712
 390813 176023 281319 188481 324448 325574 357265  52261 137938      0
 325081 231458 139109 176682 302207 222471 176988 195355 357265 148224
  52520 303950 337258 144696 145726 357400 388710  54273  52261 372484
 103049 304966  74651  84998  54718 333050  60665 237383  71090 152393
 188481 179434 317377  54718 135879 386423 394520 293586 360914 111349
 188481 361786 291748 188481 222106 268046  54273 137338 308888  51582
 358548 142368 357353  98992 137482 308945 388710 269953  56041 357265
 103079 268046 361773  54718 394520 192973  52520 264625 139731  60665
 357809 163237 268074 360914 357353 357378 226162 145557 153136 193919
 111565 264550  60665 111565 360914 358159 259972 394349 182573  60665
 357265 303274 357397 268046 357265 236171 104156 385383 386473 111349
  97849  93666  54718 386473 192973 330027 157036 273428 177103      0
 170714 360914 367634  64331  54718 394520 367700 191811  43010 162198
  78063 357211  72182 315709 357639  58997 337258 260760 281316 394520
 192973 278020 137342 188481  43010 320242 386431 177661 351972 373316]
NewWordVectorPositions
[188481 386306 390138  71090 179434 148908 322181  69725 269798 179434
 274148 329710 343963 367634  44608 387759 145726 120126  43010  77324
 343963 268046 226621 315074  54718 302352 344232 304967 357265 343963
 271500 383513  44608 270201 357265 361773 394520  54718 108631  97035
  87775 242722 258454 360914 295763 198186 111349 188481  56041 284277
 360914 154987 177103 108200  54718 145726 267117  88126 111453  43010
 146690 310672 111349 190635 357211 177103 222999  71090 390449 188481
 357265 316998 102884 345399  60665 177103 109926 394520  54718 361773
 218977 360914 251645 372096 178766  60665 357760 358548 106039 188481
  43010      0 329799 357211 338189 222471  43010 249267 296178 333712
 390813 176023 281319 188481 324448 325574 357265  52261 137938      0
 325081 231458 139109 176682 302207 222471 176988 195355 357265 148224
  52520 303950 337258 144696 145726 357400 388710  54273  52261 372484
 103049 304966  74651  84998  54718 333050  60665 237383  71090 152393
 188481 179434 317377  54718 135879 386423 394520 293586 360914 111349
 188481 361786 291748 188481 222106 268046  54273 137338 308888  51582
 358548 142368 357353  98992 137482 308945 388710 269953  56041 357265
 103079 268046 361773  54718 394520 192973  52520 264625 139731  60665
 357809 163237 268074 360914 357353 357378 226162 145557 153136 193919
 111565 264550  60665 111565 360914 358159 259972 394349 182573  60665
 357265 303274 357397 268046 357265 236171 104156 385383 386473 111349
  97849  93666  54718 386473 192973 330027 157036 273428 177103      0
 170714 360914 367634  64331  54718 394520 367700 191811  43010 162198
  78063 357211  72182 315709 357639  58997 337258 260760 281316 394520
 192973 278020 137342 188481  43010 320242 388730 366748 340516 387830]
