OriginalClass, 1
NewClass, 0
NumberWordsChanged, 10
WordPositions
240	241	242	243	244	245	246	247	248	249	
OldWordVectorPositions
[357265  82731 229430 387695  62065 219145 295763 394564 274148  82731
 191811 273614 366273 360914 148016 272930 386306 193919  51582  44608
 152427 345919 268046 376236  65765  54718 191006 221115 174642  71814
 323928 151349  54273 142818 121731  88126 269953 268046 357265 306268
  60665  43010 321714 345194 268046 232536  54718 138116 332239 357265
 270201 105990 120946  53909 357387 192973 357265 143954 357211 357809
 132276 174642 262350 209675 144715 329915 174642  71814  43010 360301
 268074 263564 268046 357387 387695  71090 246267 357265 386896  47476
 192973 348132  88126  43010 254580 111553 209675 270201  60665 357265
 159391  87775 193716 323430 177661 352024 179434 124748 154323  43010
 324819 386886 388592 360914 305151  56014 164328  89824 357639 269798
 357265 324823 277915 357651  52520  43010 326672 168297 357211 357265
  90266 107807 398060 188481 269798 386886 217909 101983 175199 126852
 351934 179434 124748 154323 357265 159391 270970 357265 293229 361939
  65963 175199 383632 249714 133900 175199 383513 273803 301000 132569
  71895 357265 386896 357958 385594      0 186645 264612 135869 357265
 148224 192973  43010 377650 364460 365981 268046  14463 354661 146163
 305821 329871 268046 123157 283496 311178 333428 106538  54718  43010
 355283 229430 357211 389497 297925 281353 357211 383513 357265  69895
 268046 357265 148269  52633 360601 359888 383384 264612 135869 390138
 231458  57170 325007  60665 151349 254554 186309 222471 360914 107661
  43010 360601 346705  88126 357265 253224 128770      0 142818 360607
 167631 344606 293229 193716  57845 360914 357265 148269  45905  54718
 378766  51409 204679  54273 143297 272930 200035  44617 357265 159432
 175207  62065 288720 386423 175199  61300  54273  48041 151349 179434]
NewWordVectorPositions
[357265  82731 229430 387695  62065 219145 295763 394564 274148  82731
 191811 273614 366273 360914 148016 272930 386306 193919  51582  44608
 152427 345919 268046 376236  65765  54718 191006 221115 174642  71814
 323928 151349  54273 142818 121731  88126 269953 268046 357265 306268
  60665  43010 321714 345194 268046 232536  54718 138116 332239 357265
 270201 105990 120946  53909 357387 192973 357265 143954 357211 357809
 132276 174642 262350 209675 144715 329915 174642  71814  43010 360301
 268074 263564 268046 357387 387695  71090 246267 357265 386896  47476
 192973 348132  88126  43010 254580 111553 209675 270201  60665 357265
 159391  87775 193716 323430 177661 352024 179434 124748 154323  43010
 324819 386886 388592 360914 305151  56014 164328  89824 357639 269798
 357265 324823 277915 357651  52520  43010 326672 168297 357211 357265
  90266 107807 398060 188481 269798 386886 217909 101983 175199 126852
 351934 179434 124748 154323 357265 159391 270970 357265 293229 361939
  65963 175199 383632 249714 133900 175199 383513 273803 301000 132569
  71895 357265 386896 357958 385594      0 186645 264612 135869 357265
 148224 192973  43010 377650 364460 365981 268046  14463 354661 146163
 305821 329871 268046 123157 283496 311178 333428 106538  54718  43010
 355283 229430 357211 389497 297925 281353 357211 383513 357265  69895
 268046 357265 148269  52633 360601 359888 383384 264612 135869 390138
 231458  57170 325007  60665 151349 254554 186309 222471 360914 107661
  43010 360601 346705  88126 357265 253224 128770      0 142818 360607
 167631 344606 293229 193716  57845 360914 357265 148269  45905  54718
 378766  51409 204679  54273 143297 272930 200035  44617 357265 159432
 122083 356936  90215 312491 155713 237182  89565  62620 169248  58896]
