OriginalClass, 1
NewClass, 1
NumberWordsChanged, 35
WordPositions
215	216	217	218	219	220	221	222	223	224	225	226	227	228	229	230	231	232	233	234	235	236	237	238	239	240	241	242	243	244	245	246	247	248	249	
OldWordVectorPositions
[188481 357265 233708 148269 185457 174642 323431 383415 266833 185457
 174642 105625 360914  43010 119369 106807 177231 192973 269953 352154
 189262 185457 148908 319557 251315 266833  65680 188481 357265  14304
 355301 325549  89857 343777  87259 154323 357411 269798 185457 151055
 179434  92030 103077  54718 146662 175199 383513 122062 151349 166369
 310681 357211 173063 188481  14507 386423 316835 279810 158482 178965
 362049  76138 188481  43010 148224  89857  84236 239105 357265 175207
 268046  51205 157625 268046 110542 179434  75824 101976 360914 144680
 383513 179434 230464 310672 188481 357265 387532  86766 185457 174642
  52879 358463 175199 383513 297928  44493 360914  84236  57170  97014
  43010  95614 230306 357211 192973 373139 185457 319557 178965 188481
 358159 150221 357265 251034 192973  89857  96655  43010 365026 360914
 357265 192758 149122 122158 268046 357265  14181 111449  88126 301482
  96655  71494 357265 350227 315709 193716 383513  44608  43010 173236
 264476 292572 143297 185457 383513 187871 191289 182573 185457 318909
 278752 358801 357265 137937 148224  54718 152393 193716 360914  71090
  43010 130591      0 334951 274756 368285 107214 315465 386473 186645
 193716 170714  43010 357397 270970 286789 253767 174642  71814 219577
 269798 337258 117140  65680 311178 323980 104993  54718 388710 337258
 268046 180687  74390 348220 341860 346372  60665  51088 129238 246434
 313979 164633 285155  97175 238540 308118 225617  54718 320180 112533
 358159 251034 170714 137680 290159 360914 302170 229372 149239 182573
 193716 149385 269798 357265 218215  54718 385594 262350 386431  60665
  43010 306708 269953 268046 254258 145839  45905 164934 345108 188481
  43010 288752 229835 376846 386473 259914 164934 268074 357265 167570]
NewWordVectorPositions
[188481 357265 233708 148269 185457 174642 323431 383415 266833 185457
 174642 105625 360914  43010 119369 106807 177231 192973 269953 352154
 189262 185457 148908 319557 251315 266833  65680 188481 357265  14304
 355301 325549  89857 343777  87259 154323 357411 269798 185457 151055
 179434  92030 103077  54718 146662 175199 383513 122062 151349 166369
 310681 357211 173063 188481  14507 386423 316835 279810 158482 178965
 362049  76138 188481  43010 148224  89857  84236 239105 357265 175207
 268046  51205 157625 268046 110542 179434  75824 101976 360914 144680
 383513 179434 230464 310672 188481 357265 387532  86766 185457 174642
  52879 358463 175199 383513 297928  44493 360914  84236  57170  97014
  43010  95614 230306 357211 192973 373139 185457 319557 178965 188481
 358159 150221 357265 251034 192973  89857  96655  43010 365026 360914
 357265 192758 149122 122158 268046 357265  14181 111449  88126 301482
  96655  71494 357265 350227 315709 193716 383513  44608  43010 173236
 264476 292572 143297 185457 383513 187871 191289 182573 185457 318909
 278752 358801 357265 137937 148224  54718 152393 193716 360914  71090
  43010 130591      0 334951 274756 368285 107214 315465 386473 186645
 193716 170714  43010 357397 270970 286789 253767 174642  71814 219577
 269798 337258 117140  65680 311178 323980 104993  54718 388710 337258
 268046 180687  74390 348220 341860 346372  60665  51088 129238 246434
 313979 164633 285155  97175 238540 308118 225617  54718 320180 112533
 358159 251034 170714 137680 290159 110052 246303 292684 186765 119631
  50146  70652 320596 355937  82786 325512 333974 323232 267147 228658
 182979 361831  86388 141044 130528  69929 359096 353779 164966 160180
 361674 142668 313417  67133 155996 395234 227973 225514 355778 231624]
