OriginalClass, 1
NewClass, 0
NumberWordsChanged, 7
WordPositions
243	244	245	246	247	248	249	
OldWordVectorPositions
[358159 192973  88126 144971 269953 268046 357265 250392  81044  54718
 181874  45805  45241 268046 357265 132422 117967 268046  46753 179628
 357211 185457 174642 141863 383743 309866  92304 192973  43010 389449
  45893  87775 360914  93265 178965  60665 179628 192973 200035 285994
 390469 360914  93265 222123 321307  60665 179633 225549 154049  54718
  48831      0 253767 174642 136437 111824 268046 121937  54718  55426
 154323 357265 332065 387335  95277  43010 200170 286442  43010 257729
 348218  65963  65963  65963  93403 358159 383513 264550  54273 137549
 144715 148224 388710  43010 164328 179550  65760 358159 383513 180682
 312691  62065 193919 148472  93087 188481 269798 357265 344578 268046
  43010 344850  87775 337827 371151 374515 348220  93265 268046  45905
 386919 323425 360914 174642  51582  87775 124902 154323 357265  45815
 298643 188481 357265 278468  30387 393334 357265 144390 160117  45086
 376753 379028 379231 397691 376012 192973 190881 360914 160117 280944
 141952 254258 250482 192973 160117  54718 327863 318909 155179  62065
 357265 338149 268046 357265 380521 386473 205393 349680 154323      0
  51582 188481 357265 316998 325079 357265 348220  93265 231458  74597
  91913 114232  62065 357265 224573 378546 343871 357108 357809 126552
 269798 322171 196889 232233  60665 357265 145559 159182      0 383513
 339762 358461 327863  91591 357265 190360  54718 107216 268046 358159
 363543 394520 389400 386886 370303 137041 177103 274148 222138 360914
 139402 386306 177103 155653 390138 174642  71814 222471 188481 179633
 326652 186645 394474 390138 222471  43010 364665 144908  54718 179552
  45290  45230 268046 179633 132422 393334 218977 373316 360914  54718
 188839 357265      0 305655 190592 357265 358028 304493  14694 341856]
NewWordVectorPositions
[358159 192973  88126 144971 269953 268046 357265 250392  81044  54718
 181874  45805  45241 268046 357265 132422 117967 268046  46753 179628
 357211 185457 174642 141863 383743 309866  92304 192973  43010 389449
  45893  87775 360914  93265 178965  60665 179628 192973 200035 285994
 390469 360914  93265 222123 321307  60665 179633 225549 154049  54718
  48831      0 253767 174642 136437 111824 268046 121937  54718  55426
 154323 357265 332065 387335  95277  43010 200170 286442  43010 257729
 348218  65963  65963  65963  93403 358159 383513 264550  54273 137549
 144715 148224 388710  43010 164328 179550  65760 358159 383513 180682
 312691  62065 193919 148472  93087 188481 269798 357265 344578 268046
  43010 344850  87775 337827 371151 374515 348220  93265 268046  45905
 386919 323425 360914 174642  51582  87775 124902 154323 357265  45815
 298643 188481 357265 278468  30387 393334 357265 144390 160117  45086
 376753 379028 379231 397691 376012 192973 190881 360914 160117 280944
 141952 254258 250482 192973 160117  54718 327863 318909 155179  62065
 357265 338149 268046 357265 380521 386473 205393 349680 154323      0
  51582 188481 357265 316998 325079 357265 348220  93265 231458  74597
  91913 114232  62065 357265 224573 378546 343871 357108 357809 126552
 269798 322171 196889 232233  60665 357265 145559 159182      0 383513
 339762 358461 327863  91591 357265 190360  54718 107216 268046 358159
 363543 394520 389400 386886 370303 137041 177103 274148 222138 360914
 139402 386306 177103 155653 390138 174642  71814 222471 188481 179633
 326652 186645 394474 390138 222471  43010 364665 144908  54718 179552
  45290  45230 268046 179633 132422 393334 218977 373316 360914  54718
 188839 357265      0 185760  89352 343576 224183 170356 203966 396955]
