OriginalClass, 1
NewClass, 0
NumberWordsChanged, 6
WordPositions
244	245	246	247	248	249	
OldWordVectorPositions
[     0 383513  54273 369897 251034  54718 187631 337913 357211 185457
 383743 193716 222471 195458      0      0 193716 346600 250425 154323
 288743      0 215502 268046 193716 193716 192973  60665 186645 357265
 124763 383513 336113 188481 226278 388710 179434 389835 357211 190756
 268046 114253 357265 251034 128527 360914  43010 274756 357211 205393
 394564  62719 175199  46189  51582 268046 357265 151262 175199 170714
 329853 361189 357639  58997 237426 368320 108564 320245 188481 357265
 137937 251034 269953 268046 357387 192973 339862 386423  73260 192973
 282409  54718 357265  90266 341901 339584  59937 178965 357211 383513
      0 268788 384373 164934 193716 251014 269798 286531 357265  90266
 389497 343811 339584  59937 358159 169725 357651 237426 269953 270970
 368320 249714 108564 320245 357211 185457 151675  44608 188481 358159
 150180 268046 239593  87775 357265 217787 130323 320242 192973 264550
 269953 268046 357387 193716 237383  71090  71494 372357 188481 357265
 132405      0 320245      0 193408      0 200035  71494 357265 124763
 110159 148427  43010 345279 386886 337306 306288  60737 351299 126852
 162051 178965 357265 308561 360914 163237  48608  54718 231458 373316
  39033 268046 357265 349741 147967 388710 143217 103091 268046 349741
 102196  54718  51582 154323 357265 316998  55283 237383 185457  46173
 357265 124763 329915 219109 154323 357265  53504 292970  14980      0
 261662 251034 357265 184158 185457 281930 319557 357265 379043 299348
 320242  60665  43010 365026 275271 360914 357265 336297  45880 268046
 357265 292066 159439 386886 385663 107199  88126 357265 287768 188481
 357265 379445 120644 268046 357353 105014 393334 357265 333189 386431
 190360 192973 270831  88126  54273  63522  54718  59617  82861 268046]
NewWordVectorPositions
[     0 383513  54273 369897 251034  54718 187631 337913 357211 185457
 383743 193716 222471 195458      0      0 193716 346600 250425 154323
 288743      0 215502 268046 193716 193716 192973  60665 186645 357265
 124763 383513 336113 188481 226278 388710 179434 389835 357211 190756
 268046 114253 357265 251034 128527 360914  43010 274756 357211 205393
 394564  62719 175199  46189  51582 268046 357265 151262 175199 170714
 329853 361189 357639  58997 237426 368320 108564 320245 188481 357265
 137937 251034 269953 268046 357387 192973 339862 386423  73260 192973
 282409  54718 357265  90266 341901 339584  59937 178965 357211 383513
      0 268788 384373 164934 193716 251014 269798 286531 357265  90266
 389497 343811 339584  59937 358159 169725 357651 237426 269953 270970
 368320 249714 108564 320245 357211 185457 151675  44608 188481 358159
 150180 268046 239593  87775 357265 217787 130323 320242 192973 264550
 269953 268046 357387 193716 237383  71090  71494 372357 188481 357265
 132405      0 320245      0 193408      0 200035  71494 357265 124763
 110159 148427  43010 345279 386886 337306 306288  60737 351299 126852
 162051 178965 357265 308561 360914 163237  48608  54718 231458 373316
  39033 268046 357265 349741 147967 388710 143217 103091 268046 349741
 102196  54718  51582 154323 357265 316998  55283 237383 185457  46173
 357265 124763 329915 219109 154323 357265  53504 292970  14980      0
 261662 251034 357265 184158 185457 281930 319557 357265 379043 299348
 320242  60665  43010 365026 275271 360914 357265 336297  45880 268046
 357265 292066 159439 386886 385663 107199  88126 357265 287768 188481
 357265 379445 120644 268046 357353 105014 393334 357265 333189 386431
 190360 192973 270831  88126  79727  75861 238949 317244 396575 192144]
