OriginalClass, 1
NewClass, 0
NumberWordsChanged, 11
WordPositions
239	240	241	242	243	244	245	246	247	248	249	
OldWordVectorPositions
[142342 280944  57698  87972 191811 358159 157581  60665 330038 222471
 249568 271273 174642 330027 141816 186645 394474 365129 360914 231458
 357265 250392 273220      0 277784 268046 141739 394474 110156 289450
 357969 268046 193716 390143 105625 103049 360914 357265 178766 268046
 358159 329973 193919 173236 360914 355344 386320 141816 163745 269798
 386423 394567 383752 193716 192973 193716  43010 260141 329973  43010
 352213 329973 386886 209677 357809 341874 272930  88126 305952 269798
 376146 191474 260141 343906  87775  62065 323427 300313 287518 357265
 260141 192973 191628  88126 358159 267697      0 223830 232536 388710
  43010 151506  75820 357108 179434 137937 143869 252815  54718 218178
  54718 159426  72182 111565 278565 309882 126852 141816 323420 222471
 346372  43010  65963 169725  62065 148908 162260 175199 200035 323430
 222471  43010 324925 393704 173614 269062 108686 345108 188481 179434
  58687  72472 222471 250392 268046 272881 165886  87775 358159 192973
  43010 232536 386886 174032  89857 151349  54273  61563 386886 174032
  71900  54718 268188  48831 360914 264550 269953  87775 368320 253229
 123495 386886 174032 187423 374167 127455 248489 360914 313329 123223
 245074 386886 174032 348217 151413  44580 188481  99161  54718 386886
 304377 188242 357211  93960 344147  53504 231875  93960 188481 278014
  58997 347947 360914  51582 272583 298506 343256 358159 390138  51582
  71090 155345 142342 357211 175199  57698 174032  43010 217449 137680
 144744  69709 360914 204679 179434 223830 329973 269798 357265  49059
  27558 393334 217909 134678 357211 270970 137680 248489 360914  83888
 337258 367966 142495 386886 127708 162051  43010 116454 386306 357809
 329973 357265 186450 268046 357265 329973  71586  50419 386423 394474]
NewWordVectorPositions
[142342 280944  57698  87972 191811 358159 157581  60665 330038 222471
 249568 271273 174642 330027 141816 186645 394474 365129 360914 231458
 357265 250392 273220      0 277784 268046 141739 394474 110156 289450
 357969 268046 193716 390143 105625 103049 360914 357265 178766 268046
 358159 329973 193919 173236 360914 355344 386320 141816 163745 269798
 386423 394567 383752 193716 192973 193716  43010 260141 329973  43010
 352213 329973 386886 209677 357809 341874 272930  88126 305952 269798
 376146 191474 260141 343906  87775  62065 323427 300313 287518 357265
 260141 192973 191628  88126 358159 267697      0 223830 232536 388710
  43010 151506  75820 357108 179434 137937 143869 252815  54718 218178
  54718 159426  72182 111565 278565 309882 126852 141816 323420 222471
 346372  43010  65963 169725  62065 148908 162260 175199 200035 323430
 222471  43010 324925 393704 173614 269062 108686 345108 188481 179434
  58687  72472 222471 250392 268046 272881 165886  87775 358159 192973
  43010 232536 386886 174032  89857 151349  54273  61563 386886 174032
  71900  54718 268188  48831 360914 264550 269953  87775 368320 253229
 123495 386886 174032 187423 374167 127455 248489 360914 313329 123223
 245074 386886 174032 348217 151413  44580 188481  99161  54718 386886
 304377 188242 357211  93960 344147  53504 231875  93960 188481 278014
  58997 347947 360914  51582 272583 298506 343256 358159 390138  51582
  71090 155345 142342 357211 175199  57698 174032  43010 217449 137680
 144744  69709 360914 204679 179434 223830 329973 269798 357265  49059
  27558 393334 217909 134678 357211 270970 137680 248489 360914  83888
 337258 367966 142495 386886 127708 162051  43010 116454 386306 354632
 398593 325358 382439 167897 237567  78242  92981 340415  82564  54578]
