OriginalClass, 1
NewClass, 1
NumberWordsChanged, 35
WordPositions
215	216	217	218	219	220	221	222	223	224	225	226	227	228	229	230	231	232	233	234	235	236	237	238	239	240	241	242	243	244	245	246	247	248	249	
OldWordVectorPositions
[386423 185457 383513  62065 357265 251034 343871 357265 272583 117874
 185457 278380 373316  78435  54718  78440  87775 337301  44608 193716
 200035 323425 222471 193716 110156 289450  71090  43010 114194 251034
 386886 209677 185457 239170 187631 348373 250392 280944  69799 311005
  54718 242967  71895 357809 319557 193716  78435  54718  78440 243977
 174642 200035  71814  56041 323118 364460 357211 383513 278380 373316
  87775 386423 185457 341885 383752 193716 142492 292972 276048  54803
 390159 185457 209468 185457 383513 188481 151349 337301 320173 264550
 270201 357211  87775  81562 268046 386306 385663 107670 357265 285109
 268046 182252 276033  54803  54718 120861 308122 264550 360914 268172
 357387  87775 357809 385663 264550  48165 385217  62065  51582  54718
 357812 286442 310681 357211 185457 357969 385663 249714 239200 151349
 389422 386886  58997 348225 360914  71090 188481 357353  17982 264550
 357353  27967 357265 343963 383513 200035 285994  65963  54718 267154
 119087  54718 117844  58997 394564  74804 345296 342931  78441 357809
 302352 127708 174642  43010 103260 386423 193716 105678 360914 386306
 192973 163745 269798 188481 357265 389937 193919 200035 302352 315103
  87775 386423 357265 161859  58997 337262 246351 151349 253218  61565
 357265 108858  58997 269798 357353 352136  54718  58997  45929  89903
 357265 161859 159540 130319 360914 357353 186884 192973  78276  62777
 357809  58997 325898 373316 360914 231458  43010 179580 269798  43010
 169725  54718 357809 357969 357812 200035 163745 360914 329973 178965
  43010 164328 359888  87775 357265 302292  61558 192973 359349  54718
 383080 357265  93018  54718 360914 207423 357265 161859 120861  54718
 276033 200035 225629 377945  64376 269798 357265 322171  54718  52261]
NewWordVectorPositions
[386423 185457 383513  62065 357265 251034 343871 357265 272583 117874
 185457 278380 373316  78435  54718  78440  87775 337301  44608 193716
 200035 323425 222471 193716 110156 289450  71090  43010 114194 251034
 386886 209677 185457 239170 187631 348373 250392 280944  69799 311005
  54718 242967  71895 357809 319557 193716  78435  54718  78440 243977
 174642 200035  71814  56041 323118 364460 357211 383513 278380 373316
  87775 386423 185457 341885 383752 193716 142492 292972 276048  54803
 390159 185457 209468 185457 383513 188481 151349 337301 320173 264550
 270201 357211  87775  81562 268046 386306 385663 107670 357265 285109
 268046 182252 276033  54803  54718 120861 308122 264550 360914 268172
 357387  87775 357809 385663 264550  48165 385217  62065  51582  54718
 357812 286442 310681 357211 185457 357969 385663 249714 239200 151349
 389422 386886  58997 348225 360914  71090 188481 357353  17982 264550
 357353  27967 357265 343963 383513 200035 285994  65963  54718 267154
 119087  54718 117844  58997 394564  74804 345296 342931  78441 357809
 302352 127708 174642  43010 103260 386423 193716 105678 360914 386306
 192973 163745 269798 188481 357265 389937 193919 200035 302352 315103
  87775 386423 357265 161859  58997 337262 246351 151349 253218  61565
 357265 108858  58997 269798 357353 352136  54718  58997  45929  89903
 357265 161859 159540 130319 360914 357353 186884 192973  78276  62777
 357809  58997 325898 373316 360914 231458  43010 179580 269798  43010
 169725  54718 357809 357969 357812  84092 389084 361752 196876 218064
 222713 121658 352827 255974 356509 288529 138760  66938  52823 217886
 123584 331261 348074 123161 356583 171174 231678 325156 112215 216362
 366559 283514  68336 207824 384045 116217 317545 137435 260801 372384]
