OriginalClass, 1
NewClass, 0
NumberWordsChanged, 2
WordPositions
248	249	
OldWordVectorPositions
[193716 253767 174642  71814 142458 360914  62701 357265 115972  60665
 357265 329620 108154 269798 358159 144227 268046  43010 148224 292769
 112715 357265 142476 292938 319557 386306 383513 173065  54718 170714
 363119 374162 251645 251645 249714 268046 357265 265421 151262 188481
 357265 148339 114166 357411 363119 383071 360914 360914 231458 373316
 151349 357265 124942 175199 319557      0 112715 141816 358463 268046
      0 147468 193843 104891 145285  91041  45794 179434 384121 272930
 268046  43010 276859  66225  87775 177661 269953 268046 357265      0
  43010 292978 117211  54718 269953 192973 151413 360914  64170 357265
 136156 268046 383752 178965  88126 264550  62712 179434 148269 175199
 174032 336113 233708 248245 268046 264550  72483 188481 386306 177661
 126981  54718 394474  90548 323336 193716 188481 179434 143346 185457
 357969 175199 390138 174642  71814  62065 179434  74390  60665  43010
 148224  45893  50528 264550  60665 308115 270970 144738  60665 175199
 192973 264937 286442 323024  67752 360914 131663 218983 386886  90548
  45794 357265 364207 268046 339261  43010 225985 268046 248489 151349
 281429 325965 109975  92762 140185  49932  54718 283656 357387  60665
 186645 357809 200035  90233 154323 357265 129823 102444 270970  91624
      0 262350 269953 323430 360914 383067  57189 360914 225629 385217
 390028 270970 124850 192973 358159  71494 357265 292986 121854 383513
 361391  88126 357265 222946 292972 360914 231458 348373 357809 123557
 313131 357265 345206  71494 357411 357265 106170      0 360914 279284
 151349 357265 313137 193843 358159 383513  43010 343963  44608 357265
      0 151009 264550  43010 125431  84559 253603  44608 357211 138715
 182540  44608 126981 193716 188481  77486  54718 386642 270970  74597]
NewWordVectorPositions
[193716 253767 174642  71814 142458 360914  62701 357265 115972  60665
 357265 329620 108154 269798 358159 144227 268046  43010 148224 292769
 112715 357265 142476 292938 319557 386306 383513 173065  54718 170714
 363119 374162 251645 251645 249714 268046 357265 265421 151262 188481
 357265 148339 114166 357411 363119 383071 360914 360914 231458 373316
 151349 357265 124942 175199 319557      0 112715 141816 358463 268046
      0 147468 193843 104891 145285  91041  45794 179434 384121 272930
 268046  43010 276859  66225  87775 177661 269953 268046 357265      0
  43010 292978 117211  54718 269953 192973 151413 360914  64170 357265
 136156 268046 383752 178965  88126 264550  62712 179434 148269 175199
 174032 336113 233708 248245 268046 264550  72483 188481 386306 177661
 126981  54718 394474  90548 323336 193716 188481 179434 143346 185457
 357969 175199 390138 174642  71814  62065 179434  74390  60665  43010
 148224  45893  50528 264550  60665 308115 270970 144738  60665 175199
 192973 264937 286442 323024  67752 360914 131663 218983 386886  90548
  45794 357265 364207 268046 339261  43010 225985 268046 248489 151349
 281429 325965 109975  92762 140185  49932  54718 283656 357387  60665
 186645 357809 200035  90233 154323 357265 129823 102444 270970  91624
      0 262350 269953 323430 360914 383067  57189 360914 225629 385217
 390028 270970 124850 192973 358159  71494 357265 292986 121854 383513
 361391  88126 357265 222946 292972 360914 231458 348373 357809 123557
 313131 357265 345206  71494 357411 357265 106170      0 360914 279284
 151349 357265 313137 193843 358159 383513  43010 343963  44608 357265
      0 151009 264550  43010 125431  84559 253603  44608 357211 138715
 182540  44608 126981 193716 188481  77486  54718 386642 180105 155425]
