OriginalClass, 1
NewClass, 1
NumberWordsChanged, 35
WordPositions
215	216	217	218	219	220	221	222	223	224	225	226	227	228	229	230	231	232	233	234	235	236	237	238	239	240	241	242	243	244	245	246	247	248	249	
OldWordVectorPositions
[254258 154060  54718 185457 305666 358159 151349  65963 251034 261149
 388710 178401 181598  87775 357265  82731 383513 337301 268046  43010
 220882 357265  82731 193923 192973 162860      0  87775 193716 250425
 200035 333160 269798 193919 223830 286278 386886 358463 357211 193716
 390138  71090 108564 357211 357265  82731 270201 160457 360914 252873
 269798 358548 280944 358808  41765      0 245571 358159 251034 174032
  43010 265557 268046 357964 163745 151349 193716  62065 148908 188839
  54273      0 218947 286442  43010 302604 159538 385663 361391 357211
 179434 137671 190994 192973 246008 191811 179434 134887 290645  54718
 321159 345281 386473 188836 295857 212249 162963 269798 337267  96189
 193716  52520 174032 337258 166369 222999  43010 178765      0  54718
      0 176794 386886 200035  68856 232582 360914  71090 141952  54718
 393293 337258  98762 160457 255886 182573 357265 124763 121959 258481
 337258 321199 188481 357265  60228 268046 274847 131142 357265 217787
 171586 357964 200035 341874 360914 128833 269798  54718 269798 388710
  62065 219145  21828 270970  26559 287513  81044  97352 320245 231552
 373316 357265 243674 358028 268046 357265 286789 357265 320245 190592
 357265 292107 106337  58997 139731  65963  62065 219145  10741 245571
 268046 358159 251034  58997 280944 313432 373316  54718 128527 357265
 316998 341257 185457      0 149340 357265 322181 360914 358159 357958
 188481 171586  54273 182363 249714  97865 249714 164646 249714 265437
 249714  82731  45830 186645 394567 163745 360914 231458  43010  65963
 181890 251034  62065 219145 162051 239105 337301 108564 360914 225629
  62065 386494 254258 347858 330507 128527 237426 357265 124763 383513
 366273 360914 302352  84236 357265  62979 191811 179434 251034 185457]
NewWordVectorPositions
[254258 154060  54718 185457 305666 358159 151349  65963 251034 261149
 388710 178401 181598  87775 357265  82731 383513 337301 268046  43010
 220882 357265  82731 193923 192973 162860      0  87775 193716 250425
 200035 333160 269798 193919 223830 286278 386886 358463 357211 193716
 390138  71090 108564 357211 357265  82731 270201 160457 360914 252873
 269798 358548 280944 358808  41765      0 245571 358159 251034 174032
  43010 265557 268046 357964 163745 151349 193716  62065 148908 188839
  54273      0 218947 286442  43010 302604 159538 385663 361391 357211
 179434 137671 190994 192973 246008 191811 179434 134887 290645  54718
 321159 345281 386473 188836 295857 212249 162963 269798 337267  96189
 193716  52520 174032 337258 166369 222999  43010 178765      0  54718
      0 176794 386886 200035  68856 232582 360914  71090 141952  54718
 393293 337258  98762 160457 255886 182573 357265 124763 121959 258481
 337258 321199 188481 357265  60228 268046 274847 131142 357265 217787
 171586 357964 200035 341874 360914 128833 269798  54718 269798 388710
  62065 219145  21828 270970  26559 287513  81044  97352 320245 231552
 373316 357265 243674 358028 268046 357265 286789 357265 320245 190592
 357265 292107 106337  58997 139731  65963  62065 219145  10741 245571
 268046 358159 251034  58997 280944 313432 373316  54718 128527 357265
 316998 341257 185457      0 149340 357265 322181 360914 358159 357958
 188481 171586  54273 182363 249714  97865 249714 164646 249714 265437
 249714  82731  45830 186645 394567 269220 358492 222855 318536 185584
 357093 288466 381806  85491 200181 387420  92939 193079 288633 378988
 190181  93328 205533 315701 290274 284231 311594 324027  62483 266850
 131082 140265 188121 235833 275839 209193 168061 132187 107430 114156]
