OriginalClass, 0
NewClass, 1
NumberWordsChanged, 1
WordPositions
249	
OldWordVectorPositions
[318930 223830 176556 192973 269953 268046 357265  74597  65064 181890
 251057 185457 174642 323431 386423 185457 319690  74597 185457 239170
 357265 343963 357265 148224 174325  43010 259972 286789 337301 357225
 264550 336113 102713 188481 357265 181890 159619 337301 153836  87775
 357639  58997  52520 337258 308331 297580 357211 105625  52318 388710
 193716 297580 394474 387695  71090  61290 394572 358808 357265 251034
 357265 148224 148908  94000 254258  62719 386494 185457 383513 112727
 357265 181890 323164 188481 179889 185457 383513 360399 268046  51582
 357265 336113  89857      0 180682  78352  54718 383071 337301 123767
 357265 110707  60228 151349 318930 223830 176556 187871  94000 254258
  62719  60665 394474  90548 323336 357265 187646 129101 394474 188481
 193919  99061 185457 209468 193716 383513  43010 344147 360914 131420
 305005  87775 185457 361952  43010  96602 185457 239170 185457 200035
 323431  80571 232536 357265 261149  71895 336113 193716 110159 160418
  57170 390058  47798 185457 383743 357265 251034 185457 383513      0
 185457 226298 357265 286789 268046 357265 251034 193716 383513 302352
 111565 182540 357265 207446 383513 291964 360914  71090 357265 223830
  82339 154049 336113 175199 110156 207423 188481 337258 330825 121392
 384121 175199  45929 358463 175199  54718 357265 223830  82265 390138
  71585 278074  43010 130953 268046 356367 193716 383513  43010 166369
 186344 360914 325898 357265 148224 269798 171866 261149 358159 384121
 262350 269953 390138 357969  57189 268046  43010 235962 232536  74312
  43010 223830 207071 357809 390138 332147 357969 175199 383513 179434
 168310  87775 358159 192973  52520 386431 357265 286789 180526  71950
 360914 348405 186645 394564 337385  90233 180883 388710  43010 154049]
NewWordVectorPositions
[318930 223830 176556 192973 269953 268046 357265  74597  65064 181890
 251057 185457 174642 323431 386423 185457 319690  74597 185457 239170
 357265 343963 357265 148224 174325  43010 259972 286789 337301 357225
 264550 336113 102713 188481 357265 181890 159619 337301 153836  87775
 357639  58997  52520 337258 308331 297580 357211 105625  52318 388710
 193716 297580 394474 387695  71090  61290 394572 358808 357265 251034
 357265 148224 148908  94000 254258  62719 386494 185457 383513 112727
 357265 181890 323164 188481 179889 185457 383513 360399 268046  51582
 357265 336113  89857      0 180682  78352  54718 383071 337301 123767
 357265 110707  60228 151349 318930 223830 176556 187871  94000 254258
  62719  60665 394474  90548 323336 357265 187646 129101 394474 188481
 193919  99061 185457 209468 193716 383513  43010 344147 360914 131420
 305005  87775 185457 361952  43010  96602 185457 239170 185457 200035
 323431  80571 232536 357265 261149  71895 336113 193716 110159 160418
  57170 390058  47798 185457 383743 357265 251034 185457 383513      0
 185457 226298 357265 286789 268046 357265 251034 193716 383513 302352
 111565 182540 357265 207446 383513 291964 360914  71090 357265 223830
  82339 154049 336113 175199 110156 207423 188481 337258 330825 121392
 384121 175199  45929 358463 175199  54718 357265 223830  82265 390138
  71585 278074  43010 130953 268046 356367 193716 383513  43010 166369
 186344 360914 325898 357265 148224 269798 171866 261149 358159 384121
 262350 269953 390138 357969  57189 268046  43010 235962 232536  74312
  43010 223830 207071 357809 390138 332147 357969 175199 383513 179434
 168310  87775 358159 192973  52520 386431 357265 286789 180526  71950
 360914 348405 186645 394564 337385  90233 180883 388710  43010  44139]
