OriginalClass, 1
NewClass, 1
NumberWordsChanged, 35
WordPositions
215	216	217	218	219	220	221	222	223	224	225	226	227	228	229	230	231	232	233	234	235	236	237	238	239	240	241	242	243	244	245	246	247	248	249	
OldWordVectorPositions
[386494  80265 383513  88126 262350 239197  43010 394520 232536 386423
 175199 383513 105936 360914 389835 269798 358159 293229 175199 383513
 343256  43010 264860 124763 388710 270201  43010 332394 284282  43010
 346322  46127 268046  43010 329710 390868 343963 360914 179434 256046
  80265 268046 110542 170714  52477  71814  54273 139954  45815 341677
 151349  43010 118585  87775 357768 333816 239170 223830  72057 357265
  90266  54718  60665  43010 124763 175199 383513 389138 372630 360914
 371451  43010 292986 268046 346372 319931  54718 193716 330038 358801
 251745 329853 106409 139731  57697 188481 167631 320245 268345 371797
  90266 289382 281316 268046 387588 376236 297112 151349 357265 124763
 383513  57698 336113 274020  88126 357265 327994 230481 268046 357265
 353650  45905 385663  57698 219577 360914 357353 274148 122511  64376
 380519 357211 338149 222471 298759  84498  55904      0 383134  54718
 279610 383513 292769 357265 231068 302476 357211 293403 357265 338441
 165202 360914 338783 262350 142801 269798 358159 292986 357265 374343
 305005 268046 357265      0 284277 229835 297928  43010 339735  95616
  80265 383071 360914 136706 357265 166402 344578 268046 357265 180682
 148224  54718 148427 179434 274148  63053 179434 148339  99771 228480
      0  43010      0 340234      0 357958 189034 337306 306289 177067
 371798 327863 383513  43010 208273  67367 116577 388755 258790  45815
 142808 263939 352153 336113 373052 357265 250392 207715 389792 357211
 185457  90548 148427 360914 121730 177103 281311 192973  64362 358461
 193716 243977  71090 142758 357211 338441  45905 338966 357265 316998
 217055  60665      0  97035 390138 174642  74597 371428 268046 357387
 357108 151517  87775 358159 383134  54718 279610 268345 294033 357211]
NewWordVectorPositions
[386494  80265 383513  88126 262350 239197  43010 394520 232536 386423
 175199 383513 105936 360914 389835 269798 358159 293229 175199 383513
 343256  43010 264860 124763 388710 270201  43010 332394 284282  43010
 346322  46127 268046  43010 329710 390868 343963 360914 179434 256046
  80265 268046 110542 170714  52477  71814  54273 139954  45815 341677
 151349  43010 118585  87775 357768 333816 239170 223830  72057 357265
  90266  54718  60665  43010 124763 175199 383513 389138 372630 360914
 371451  43010 292986 268046 346372 319931  54718 193716 330038 358801
 251745 329853 106409 139731  57697 188481 167631 320245 268345 371797
  90266 289382 281316 268046 387588 376236 297112 151349 357265 124763
 383513  57698 336113 274020  88126 357265 327994 230481 268046 357265
 353650  45905 385663  57698 219577 360914 357353 274148 122511  64376
 380519 357211 338149 222471 298759  84498  55904      0 383134  54718
 279610 383513 292769 357265 231068 302476 357211 293403 357265 338441
 165202 360914 338783 262350 142801 269798 358159 292986 357265 374343
 305005 268046 357265      0 284277 229835 297928  43010 339735  95616
  80265 383071 360914 136706 357265 166402 344578 268046 357265 180682
 148224  54718 148427 179434 274148  63053 179434 148339  99771 228480
      0  43010      0 340234      0 357958 189034 337306 306289 177067
 371798 327863 383513  43010 208273  67367 116577 388755 258790  45815
 142808 263939 352153 336113 373052 357265 250392 207715 389792 357211
 185457  90548 148427 360914 121730 313422 154730 332448  57911 266630
 370013 280560 332263 107944 214646 118597 393587 372328 240349 124731
 265006 122924 298365 298829 388751 296591 399649 264821 300071 196855
 353205 318358 211269 361038  55265 226986 111878 323431  69498 126253]
