OriginalClass, 1
NewClass, 0
NumberWordsChanged, 10
WordPositions
240	241	242	243	244	245	246	247	248	249	
OldWordVectorPositions
[ 15317 383743      0      0 221262 109361 105647 253218 254586 388710
 377945 147468 218189 357265 251034  57721 360914  71090  69725 269798
  54273 132405 193747 251034  45217 360914 357265 111520  87775 383513
 307431  88126 368320 144304 288917  53504 310875 105647 390433  87775
 358159 269953  88126  97175 330592 256175 242581 126848 264550 114166
 193716 106190 360914 357353 272583 133951 357265 343963 192973  44608
  43010 110481 268046      0 364343  53540 286407  88126 308118 221303
  54718 322740 394520 386886 345240 373484  43010 225979 126864  54718
 181581 360914 231458  43010 152164 188481 307394 248489  47798 323392
  54273  46008 188481 357265 276859 151349 357265      0 307029 373484
 366273 360914 307029 193716 357809 323336  43010 172466 343144 272930
 268046  43010 157537 127800  62065 357265      0 306367 357211 357809
  72477 192973  62633 360914 357265 306581 268046 357265 118188  79376
 268046 357265 389400 386886 192973 348225 360914 162051 357387 357265
 248489 357809 153336 272930  54718 190756 268046 107977 357265 287768
  54718 355367 357387 357265 366229 357809 231458 272930 222471 313364
 154323 357265 320242 142760 360914  71090 152899 151349 357265 253218
 357265 272583  97035 188481 357265 148224  58997 241974 269798  43010
 363589 292469 360914 358159  54718 172709  59937  43010 249036  92271
 157032 306476 126981 376146 357964 360914  71090 295109 191811 357265
 343963 357265 272583  93265 240688 188836  97014  45905 198418  90792
 195355  72861 114503 328315 159864 172195  54718 272587  47798 357265
 287768 148427 272930  44608 357265 118337 357809 341874 297575 357265
 231068  97035  54718 268046 110542 357809 174642 360914 389835 358831
 357353 164457 222086 360914 148016 272930 386306 302352 173063 263564]
NewWordVectorPositions
[ 15317 383743      0      0 221262 109361 105647 253218 254586 388710
 377945 147468 218189 357265 251034  57721 360914  71090  69725 269798
  54273 132405 193747 251034  45217 360914 357265 111520  87775 383513
 307431  88126 368320 144304 288917  53504 310875 105647 390433  87775
 358159 269953  88126  97175 330592 256175 242581 126848 264550 114166
 193716 106190 360914 357353 272583 133951 357265 343963 192973  44608
  43010 110481 268046      0 364343  53540 286407  88126 308118 221303
  54718 322740 394520 386886 345240 373484  43010 225979 126864  54718
 181581 360914 231458  43010 152164 188481 307394 248489  47798 323392
  54273  46008 188481 357265 276859 151349 357265      0 307029 373484
 366273 360914 307029 193716 357809 323336  43010 172466 343144 272930
 268046  43010 157537 127800  62065 357265      0 306367 357211 357809
  72477 192973  62633 360914 357265 306581 268046 357265 118188  79376
 268046 357265 389400 386886 192973 348225 360914 162051 357387 357265
 248489 357809 153336 272930  54718 190756 268046 107977 357265 287768
  54718 355367 357387 357265 366229 357809 231458 272930 222471 313364
 154323 357265 320242 142760 360914  71090 152899 151349 357265 253218
 357265 272583  97035 188481 357265 148224  58997 241974 269798  43010
 363589 292469 360914 358159  54718 172709  59937  43010 249036  92271
 157032 306476 126981 376146 357964 360914  71090 295109 191811 357265
 343963 357265 272583  93265 240688 188836  97014  45905 198418  90792
 195355  72861 114503 328315 159864 172195  54718 272587  47798 357265
 287768 148427 272930  44608 357265 118337 357809 341874 297575 357265
 231068  97035  54718 268046 110542 357809 174642 360914 389835 358831
 385939 151206 218109 188543 181734 229864 165853  58446 172468  90185]
