OriginalClass, 1
NewClass, 1
NumberWordsChanged, 35
WordPositions
215	216	217	218	219	220	221	222	223	224	225	226	227	228	229	230	231	232	233	234	235	236	237	238	239	240	241	242	243	244	245	246	247	248	249	
OldWordVectorPositions
[344147 360914 357265 287479 357265 167450 366774 192973 269953 268046
 357265 250392 371818      0  54718 128611 181872 148269 141863 229835
 358159 105647 192973 336113 380531 268046  57189 305339 306290  43010
 363349 268046 388672 357211 193919  52261 188886 357211 193716 383513
 141816 229835 185457 315709  52261  71494 357639  58997 144877 268046
 141950  47798  51582 358159 148224 193408 141816 164328  65963 270970
 137549  65963 360914 295763 358159 251034 269798 357265 316998 221115
 268046 137889  60665 286043  40724 270970 309945 248926 390138  71090
  43010 111836 360914 358451 148269 148269 222471 357211 394474  90548
  45929 383735  54718 160418  43010 207034 272930 268046  87775 358159
 148224 192973 336113  65963 336113 288752 229835  45805  54718 322260
  54718 336113 188951 341293 357211 357639 200035 193408 141816  43010
 363349 268046  90376 270970 320867 360914  71090 152393 141816 358461
 358159 383513 229835  71895 319133 261149 223944 291541 106195 385663
 292769 189555 187631 264550  43010  75774 144744 268046 335876  87775
 358159 148224 192973 390058 357108 357265 390079 335876 333897 394474
  90548 148427  54718 232536 357225  65963 200035 360914 204679 357265
 240788 378766 154323 219194 327416 358830 188481  43010 275346 268046
  83414 141941 336113 268345  87775      0  83414 154323  14507  59057
 163745 360914 142391  57187 357760 117967 366234 358159 148224 192973
 336113 288752 229835  54718 192973 346372  43010      0 142463 185457
 128330 186645 357809 142393  57187 188481  14507 134678  43010 232536
 256053 205121 327416 229835 358159 148224 185457 349343 360914 163444
  57170      0 269062 388710  43010 378546  90266 110156 174642 229835
 337301 155340  54718 249714 102687 193919 200035 128611 372704 358159]
NewWordVectorPositions
[344147 360914 357265 287479 357265 167450 366774 192973 269953 268046
 357265 250392 371818      0  54718 128611 181872 148269 141863 229835
 358159 105647 192973 336113 380531 268046  57189 305339 306290  43010
 363349 268046 388672 357211 193919  52261 188886 357211 193716 383513
 141816 229835 185457 315709  52261  71494 357639  58997 144877 268046
 141950  47798  51582 358159 148224 193408 141816 164328  65963 270970
 137549  65963 360914 295763 358159 251034 269798 357265 316998 221115
 268046 137889  60665 286043  40724 270970 309945 248926 390138  71090
  43010 111836 360914 358451 148269 148269 222471 357211 394474  90548
  45929 383735  54718 160418  43010 207034 272930 268046  87775 358159
 148224 192973 336113  65963 336113 288752 229835  45805  54718 322260
  54718 336113 188951 341293 357211 357639 200035 193408 141816  43010
 363349 268046  90376 270970 320867 360914  71090 152393 141816 358461
 358159 383513 229835  71895 319133 261149 223944 291541 106195 385663
 292769 189555 187631 264550  43010  75774 144744 268046 335876  87775
 358159 148224 192973 390058 357108 357265 390079 335876 333897 394474
  90548 148427  54718 232536 357225  65963 200035 360914 204679 357265
 240788 378766 154323 219194 327416 358830 188481  43010 275346 268046
  83414 141941 336113 268345  87775      0  83414 154323  14507  59057
 163745 360914 142391  57187 357760 117967 366234 358159 148224 192973
 336113 288752 229835  54718 192973 346372  43010      0 142463 185457
 128330 186645 357809 142393  57187 162371 313074 110451 307653  88120
 131752 167999 207411 141944 309241 215156  64461  63918 263757 156320
 272079 200813  46293  60235 292391  64474 234321 392656 104135 273789
 119438 265793 245990 320277 265709  65277 385033 363902 165541 303927]
