OriginalClass, 1
NewClass, 0
NumberWordsChanged, 31
WordPositions
219	220	221	222	223	224	225	226	227	228	229	230	231	232	233	234	235	236	237	238	239	240	241	242	243	244	245	246	247	248	249	
OldWordVectorPositions
[141943 386886 383080 360914  71090  54273 133585 329915 383735 358159
 251034 193716 330038 394474  44608 141941 246350 264550 360914 126552
 188481 133581  43010 251034 254258 165863 110156 174642 127491  74597
 357108 357211  87775 357225 264550 357265 270201 302476 386983 358159
 251034 192973 302352  65963 193919  45929 336113  65963 357211 187631
 264550  44493 360914 390409  43010 325079 388755 142411 234801 186645
 357265 148908 138435 268046 220724 379813 383513  43010 297928 164328
 144695 105647 388710 155345 198520  54718 113550 123185 358159 325295
 192973 108894  66097 357265      0 268046 357265 148908 269953 357265
 155345 278085 110156  71090 110233 269798 269953 172466  54718 237426
 171586 268046 193716 102357 192973 273492 179434 310672 141816 249714
 357108 188481 357265 148908 277915 309903 192973 366273 360914  45794
 222471 220192  71494 328475 305883 177103  87775 357225 167534 220192
 192973 220192 309903 192973 309903 141816 186645 253286 309903  90548
  71090 155345  88126 177555 269798 341162 327863 192973 264550 188481
 358159 251034  71494 328475 264550  45815  60665 327863 374167 360914
  45794 185457 209645 357211 193716 329915  71090 173236 360914 305876
 337260 386886 383513 164328 188481  43010 310672 220192 267326  43010
 112992  64306 151349 177103 310672 188481 357265 148908 251034  87775
 327863 229835  43010  75774 246350 190756 268046 286442 177103 310672
 327863 286407 220192 286442 177103 310672  60665 151349 357265 343963
 193919 200035 361939 251645 268046 110542 384373 209468  62065 175199
 136979 268046 357265 148908 251034 357211 357639 390138  71090  43010
 325295  87775      0  54718 102357 329915 170860 365129 360914 390409
  43010 249714 332119 343963 222471 357265 148908 138435 357265 156362]
NewWordVectorPositions
[141943 386886 383080 360914  71090  54273 133585 329915 383735 358159
 251034 193716 330038 394474  44608 141941 246350 264550 360914 126552
 188481 133581  43010 251034 254258 165863 110156 174642 127491  74597
 357108 357211  87775 357225 264550 357265 270201 302476 386983 358159
 251034 192973 302352  65963 193919  45929 336113  65963 357211 187631
 264550  44493 360914 390409  43010 325079 388755 142411 234801 186645
 357265 148908 138435 268046 220724 379813 383513  43010 297928 164328
 144695 105647 388710 155345 198520  54718 113550 123185 358159 325295
 192973 108894  66097 357265      0 268046 357265 148908 269953 357265
 155345 278085 110156  71090 110233 269798 269953 172466  54718 237426
 171586 268046 193716 102357 192973 273492 179434 310672 141816 249714
 357108 188481 357265 148908 277915 309903 192973 366273 360914  45794
 222471 220192  71494 328475 305883 177103  87775 357225 167534 220192
 192973 220192 309903 192973 309903 141816 186645 253286 309903  90548
  71090 155345  88126 177555 269798 341162 327863 192973 264550 188481
 358159 251034  71494 328475 264550  45815  60665 327863 374167 360914
  45794 185457 209645 357211 193716 329915  71090 173236 360914 305876
 337260 386886 383513 164328 188481  43010 310672 220192 267326  43010
 112992  64306 151349 177103 310672 188481 357265 148908 251034  87775
 327863 229835  43010  75774 246350 190756 268046 286442 177103 310672
 327863 286407 220192 286442 177103 310672  60665 151349 357265 343963
 193919 200035 361939 251645 268046 110542 384373 209468  62065 117913
 289393 183870 147329 178867 269834 138457 289563 174781 248177 126398
 286532 208480 214117 122377 198420 279573 180023 175907 390555  98321
  95219 254305 306229 197549  75415 349757  67568 327085  69233 331679]
