OriginalClass, 1
NewClass, 1
NumberWordsChanged, 35
WordPositions
215	216	217	218	219	220	221	222	223	224	225	226	227	228	229	230	231	232	233	234	235	236	237	238	239	240	241	242	243	244	245	246	247	248	249	
OldWordVectorPositions
[357265 365920 388710 357265  80586 240737 268046  43010 159091 192973
 357211 193716 170714 195753 348411  87775 371342 357265 348411 193716
 383513  51582  54273  53504 233462 384121 268046 357979 302232 357265
  80586 192973 222471 383752  43010 230464  67367 388710 166369 253590
 325965  54718 109975 393704 281319  88126  69169  55549 129288 188481
 358451      0 144971 154323 195753 384170 268046 357979 385663 357265
  97035 357265 251034 193408  44608 195747 270970 302292 159091 193716
 192973  43010 343963  44608  43010 147468  53504 241045 246351 186369
  44608 195747  54718 159091 148303 358801 357353 274148 186884  54718
 245978 336113 386306 192973 358159 251034 186645 193716 193408  44608
 195747 270970 159091 192973 193716 295472 144917  60665 336113 233708
 280944 174642 315709 393657  87775 357411 386983 231458 193716 191811
  54273  53504 144917 357639 385663 336113 233708 246267 270782 187676
  43010 113591 386431 357639  58997 262350 295535 172745 262350 107493
 268046 332204  44608 326240 326240 192973 257293  54718 264164 182540
 192973 326240 172593 188481 358159 251034 308561 222471 193716 383513
 124850 357265 103085 357958 360914  43010 326240 320242 188481 357265
 251034 174032 319767 390392 373316 177103 264476  54718 167078 388710
 125737 151349 149239 323107  60665 186645 357265 232536 366273 360914
 250833 177103 170714 129599  43010 172556 268046 104157 269798 177103
 112526 126848  57187  45929 137548 326240 188481 358159 251034 263931
 269953  97014 192973 315709 360914  71090 293352  87775  51582 384373
 323336 192973 177103 295713  64331 177103 226335  71494 193716 225650
 222471 327863 126852 383067 360914 160418  94000 126981 337301 124850
 346372 368709  53504 295536 174032 262350 285908 188481  43010 251034]
NewWordVectorPositions
[357265 365920 388710 357265  80586 240737 268046  43010 159091 192973
 357211 193716 170714 195753 348411  87775 371342 357265 348411 193716
 383513  51582  54273  53504 233462 384121 268046 357979 302232 357265
  80586 192973 222471 383752  43010 230464  67367 388710 166369 253590
 325965  54718 109975 393704 281319  88126  69169  55549 129288 188481
 358451      0 144971 154323 195753 384170 268046 357979 385663 357265
  97035 357265 251034 193408  44608 195747 270970 302292 159091 193716
 192973  43010 343963  44608  43010 147468  53504 241045 246351 186369
  44608 195747  54718 159091 148303 358801 357353 274148 186884  54718
 245978 336113 386306 192973 358159 251034 186645 193716 193408  44608
 195747 270970 159091 192973 193716 295472 144917  60665 336113 233708
 280944 174642 315709 393657  87775 357411 386983 231458 193716 191811
  54273  53504 144917 357639 385663 336113 233708 246267 270782 187676
  43010 113591 386431 357639  58997 262350 295535 172745 262350 107493
 268046 332204  44608 326240 326240 192973 257293  54718 264164 182540
 192973 326240 172593 188481 358159 251034 308561 222471 193716 383513
 124850 357265 103085 357958 360914  43010 326240 320242 188481 357265
 251034 174032 319767 390392 373316 177103 264476  54718 167078 388710
 125737 151349 149239 323107  60665 186645 357265 232536 366273 360914
 250833 177103 170714 129599  43010 172556 268046 104157 269798 177103
 112526 126848  57187  45929 137548 326240 188481 358159 251034 263931
 269953  97014 192973 315709 360914 387626  63002 281031 257698  86948
 344420 179312 209061 200287 230008 369912 239636 323375  53401 359720
 340523 276326 358480 229397 182906  90433 195226 328466 156747 105521
 165383 235712 166215 108295  64511 338014 209685 374177  63190 152176]
