OriginalClass, 0
NewClass, 0
NumberWordsChanged, 35
WordPositions
215	216	217	218	219	220	221	222	223	224	225	226	227	228	229	230	231	232	233	234	235	236	237	238	239	240	241	242	243	244	245	246	247	248	249	
OldWordVectorPositions
[269953 389792      0 185457 127708 357969 185457 174642 323336  57189
 222471 358159 188481  43010 225289 359888 269798 259585 270970  88919
 355301 383752 358159 329973 383513 222471 352024  43010  83421 268046
 153836  49059  53666 367966 320451 148198 388710 302334 330038  54718
  81044 306216 185457 174642 360914 319690 185457 170714 254258 306317
  47798  51582 112062 385663  52261 370718 188481 112853 152364  54718
 128565 357265 329973  87775 386423 171586  54273 182363 383513 273428
  88126 357265 384121 357151 394474 257807 151349 313432  43010      0
 329973 185457 383513 219577 388710 357265 146352 268046 190737 226278
 226278  62065 148908 162260 357265 366080 226278 357211 269953 146354
 188481 179434 169670 141950  44608 358159 329973 322154 142327 166036
 188481 358159 329973 385663  62065 219145  60665 164328  60665 148433
 258948  54718 330106 262350 335128 146135 107671 358451 251057 361952
 393334 360914  71090 122450  93265 383513 235556 185457  52943 277980
 360914 198418 164399 380507  87775 357265 306581 268046 357265 354460
  95616 385663 269798 276999 388710 198418 338994 241108 223527      0
 168575  57716 327863 383513 269798 362049 268046 357265 157049 111453
 259815 294872  54718 226268 276277 388710  43010 197304 344454 188481
 177103 276277 154323  84917 270201 188481 358159 329973 322255 383513
 155345 388710  43010 225985 268046 190592  54718  46922 198520 386473
 385663 327600 393704 264550 351245  43010 264588 151349  51582 277483
 358159 192973 264550 151349  99004 358159 329973 383513 259914  47051
  60665 346372  54718 357651  43010 302476 386983 193919 325898 151349
  42852 264550  40709 336113 186645 394478 222471 360914 106302  44608
 267075 108098 319417 394564  83421  46943 121794  43010 105647 229835]
NewWordVectorPositions
[269953 389792      0 185457 127708 357969 185457 174642 323336  57189
 222471 358159 188481  43010 225289 359888 269798 259585 270970  88919
 355301 383752 358159 329973 383513 222471 352024  43010  83421 268046
 153836  49059  53666 367966 320451 148198 388710 302334 330038  54718
  81044 306216 185457 174642 360914 319690 185457 170714 254258 306317
  47798  51582 112062 385663  52261 370718 188481 112853 152364  54718
 128565 357265 329973  87775 386423 171586  54273 182363 383513 273428
  88126 357265 384121 357151 394474 257807 151349 313432  43010      0
 329973 185457 383513 219577 388710 357265 146352 268046 190737 226278
 226278  62065 148908 162260 357265 366080 226278 357211 269953 146354
 188481 179434 169670 141950  44608 358159 329973 322154 142327 166036
 188481 358159 329973 385663  62065 219145  60665 164328  60665 148433
 258948  54718 330106 262350 335128 146135 107671 358451 251057 361952
 393334 360914  71090 122450  93265 383513 235556 185457  52943 277980
 360914 198418 164399 380507  87775 357265 306581 268046 357265 354460
  95616 385663 269798 276999 388710 198418 338994 241108 223527      0
 168575  57716 327863 383513 269798 362049 268046 357265 157049 111453
 259815 294872  54718 226268 276277 388710  43010 197304 344454 188481
 177103 276277 154323  84917 270201 188481 358159 329973 322255 383513
 155345 388710  43010 225985 268046 190592  54718  46922 198520 386473
 385663 327600 393704 264550 351245  43010 264588 151349  51582 277483
 358159 192973 264550 151349  99004  45454 362493  91231 344669 392171
 182122 160287 361312 202372 225706 277774  73637 149804 281387 247278
 209857 139161 367554 341828 215013 379728  74713  54821 132539  91668
 384618 223310 166766 251000 112404  99350  88674  92941  51965 158690]
