OriginalClass, 0
NewClass, 0
NumberWordsChanged, 35
WordPositions
215	216	217	218	219	220	221	222	223	224	225	226	227	228	229	230	231	232	233	234	235	236	237	238	239	240	241	242	243	244	245	246	247	248	249	
OldWordVectorPositions
[383375 108008 339863 148908 268046  51582 185457 390138 222471 360914
 319690 357211 185457 302352 222477 358159 157049 185457 164934 193716
 151349 100274  47798 368320 249167 268046 129603 179196 360914 254258
 277483 185457  52943 162184 357211 185457 123517 357211 148908 268074
 185457 390138 222471 360914 319690 357211 357265 332394 286410 383513
 377945 164328 357265 148908 221115 192973 292769 269953 268046 357265
  74390 188481 357265 157049 386423 394474  58997  62065  43010 278093
 188481 225258  54718 337258 141999 169754 313131 193716  88126 207113
 357265 292277 245314 117632 268046 110542 394474 174642 360914 306250
 177103  54718 193716 192973 297928  43010  75774 221115  87775 329915
 292769 351934 394474  62065 219145 149239 245571 357265  74390 277915
  54718 185457 357969  52520 357265 155342 277915 192973 386423 394474
  58997 188481 357265 197219  54718 280944  58997 300647 128527  75774
  72921 200035 138665 357265 197220 250392 366226 310099 218210  54718
  77938 357265 102945 143904  54718 357265 137221 128527 295472 155185
 357265 306581 268046 357265 221134  58997 377945 164328  87775 292006
 329710 357639  58997 152427      0 394474  90548 372379  54718 357211
 192973 269953 268046 357265 220870 128613  71494 270201 357265 148908
 368320 268046 357387  58997  45929 155185  54718 357265 217787 368320
 360914 372379  58997 200035 207423  19833 137221 267080 185457 239170
      0 384373 164934 224444 268046 287518 360914 372379 357760 246296
  54718 357265 217787 368320  80519 246296  58997 302352  65963 357265
 252382 286410 239105  54718 337258 268046 254258 154060  48346 192973
 377945 164328  54718  96377 141816 186645 357639  58997 262350  81610
 171920 123557 174642  57170  81610  87775 357211 192973 343256 337258]
NewWordVectorPositions
[383375 108008 339863 148908 268046  51582 185457 390138 222471 360914
 319690 357211 185457 302352 222477 358159 157049 185457 164934 193716
 151349 100274  47798 368320 249167 268046 129603 179196 360914 254258
 277483 185457  52943 162184 357211 185457 123517 357211 148908 268074
 185457 390138 222471 360914 319690 357211 357265 332394 286410 383513
 377945 164328 357265 148908 221115 192973 292769 269953 268046 357265
  74390 188481 357265 157049 386423 394474  58997  62065  43010 278093
 188481 225258  54718 337258 141999 169754 313131 193716  88126 207113
 357265 292277 245314 117632 268046 110542 394474 174642 360914 306250
 177103  54718 193716 192973 297928  43010  75774 221115  87775 329915
 292769 351934 394474  62065 219145 149239 245571 357265  74390 277915
  54718 185457 357969  52520 357265 155342 277915 192973 386423 394474
  58997 188481 357265 197219  54718 280944  58997 300647 128527  75774
  72921 200035 138665 357265 197220 250392 366226 310099 218210  54718
  77938 357265 102945 143904  54718 357265 137221 128527 295472 155185
 357265 306581 268046 357265 221134  58997 377945 164328  87775 292006
 329710 357639  58997 152427      0 394474  90548 372379  54718 357211
 192973 269953 268046 357265 220870 128613  71494 270201 357265 148908
 368320 268046 357387  58997  45929 155185  54718 357265 217787 368320
 360914 372379  58997 200035 207423  19833 137221 267080 185457 239170
      0 384373 164934 224444 268046 287518 360914 372379 357760 246296
  54718 357265 217787 368320  80519  49788 294240 120824 225946 183767
 151561 237474  99776  76897  88900 260307  59929 186007 148986 336292
 136031 337219 138019 151521 147448 298343 359858 240455 227774 242179
 188702 131145  73371 195860 216663 151795 202054 256544 329549 322418]
