OriginalClass, 0
NewClass, 1
NumberWordsChanged, 25
WordPositions
225	226	227	228	229	230	231	232	233	234	235	236	237	238	239	240	241	242	243	244	245	246	247	248	249	
OldWordVectorPositions
[185457 374167 360914 383735 294956 141941 384720 386423 185457 383513
  44608   4961 193716 383513 269798 308561  47798  70674 101722 310735
 185457 319557 193716 105625 269798 360914 144715  96805 269953 117874
  54718 353083 193716 151349 254258 357411      0 269062 117632 186309
 151677  51582 357265 357964 186309 226298  60665  43010  98970 357265
 230306 150572 357265 398053  84945      0 231498 358159 329973 192973
 118744 226394 354593 357265 237520 192973 348380  43010 291140 360914
 237520      0  54718 141948 192973  43010 345207 111469 388710  55915
 164475 143346  87775 207126 226278 358159 345206 357809 390138 384121
 384121 301000 383735  43010 169725 389835  43010 336394 295407 357108
 333080 188481 154357 268046 178645 106518  55559 357639 192973 244314
 334376  87775 262350  46922 357400 346372  60665 326240 270970 280944
 131629  54718 207126  45094      0 320543 207126 357969 193716 390138
  71090 258214 360914  92747  43010  66225 268046 335450  59937  54718
 108461 337266 357353 182387 383513 269798 148728  54718 185457 226298
 182540 141941 359888 254258 117632 319557  43010 197189 344461 188481
 357265 334110 327863 358463      0 383513 150642 273694 357265 253590
 192973 269062  87775 394474 302352 160418 374167 360914 193716  54718
 254258 117632 302352 226298 193716 327863 374167 360914 332327 123767
 192973 173236 123767 192973 225277 188481 357265  91624 254258 117632
 383743 358159 329973  62065 219145 269889  43010 117874 151349  44608
  30387 249167  54718 193919 343256 269953 268046 177103 145851 185457
 323336 357211  43010 259972 294956  17435 192973 188481 357265 389912
 185457 302352 181581 357809 366253 360914 204679 357265 269062 149788
  54718 127708 126552  57189 222471      0  97035 140213 185457 357969]
NewWordVectorPositions
[185457 374167 360914 383735 294956 141941 384720 386423 185457 383513
  44608   4961 193716 383513 269798 308561  47798  70674 101722 310735
 185457 319557 193716 105625 269798 360914 144715  96805 269953 117874
  54718 353083 193716 151349 254258 357411      0 269062 117632 186309
 151677  51582 357265 357964 186309 226298  60665  43010  98970 357265
 230306 150572 357265 398053  84945      0 231498 358159 329973 192973
 118744 226394 354593 357265 237520 192973 348380  43010 291140 360914
 237520      0  54718 141948 192973  43010 345207 111469 388710  55915
 164475 143346  87775 207126 226278 358159 345206 357809 390138 384121
 384121 301000 383735  43010 169725 389835  43010 336394 295407 357108
 333080 188481 154357 268046 178645 106518  55559 357639 192973 244314
 334376  87775 262350  46922 357400 346372  60665 326240 270970 280944
 131629  54718 207126  45094      0 320543 207126 357969 193716 390138
  71090 258214 360914  92747  43010  66225 268046 335450  59937  54718
 108461 337266 357353 182387 383513 269798 148728  54718 185457 226298
 182540 141941 359888 254258 117632 319557  43010 197189 344461 188481
 357265 334110 327863 358463      0 383513 150642 273694 357265 253590
 192973 269062  87775 394474 302352 160418 374167 360914 193716  54718
 254258 117632 302352 226298 193716 327863 374167 360914 332327 123767
 192973 173236 123767 192973 225277 188481 357265  91624 254258 117632
 383743 358159 329973  62065 219145 269889  43010 117874 151349  44608
  30387 249167  54718 193919 343256 269953 268046 177103 145851 185457
 323336 357211  43010 259972 294956 202445 179313 197549  81843 372040
 381575 126124  74899 164955 268457 127826 375083 338920 209532 384550
  79768  90560 324747 220646 331562 137793 246773 348753 261704 339173]
