OriginalClass, 0
NewClass, 0
NumberWordsChanged, 35
WordPositions
215	216	217	218	219	220	221	222	223	224	225	226	227	228	229	230	231	232	233	234	235	236	237	238	239	240	241	242	243	244	245	246	247	248	249	
OldWordVectorPositions
[118152 275893 354633 170714 179580 193919 178401 236968  88126 357265
 359888 268046 358159 148224 386473 192973  43010 389449 329990 268046
 179434 102221 354634 358461 371798  60665 388710 233708 268046 357265
 148269 390449  88126 118152 275886 179018 357265 343963 325747 357265
 241975 249714 357108 357265 191292 268046 295857 152101  54273 136537
 106231 352136 357265 343963 270562 388710  43010 111389 320242 188481
 386473  55248 123454 236305 188481  43010 330001 386494 327863 225650
  62065 177103 184368 327863 192973 357411 165439  54718 300575 386494
 175199 184368 341519 267140      0 357265 386896 357958 192973 307134
 360914  71090      0 144917  60665 175199 184368 192973 295228 244992
  64331  62065 177103 188481  71602 327863 174032  43010 329710 320242
 388710 177103 337385  43010 118188 308908 151349 173822 289965 386473
 106805 388710  43010 198514 357211 328140 355344 165863 357211 175199
 192973 286442 388710 179434 282257 327863 357411 163634 360914 177103
 357633 325874 386431 327863 106309  44608 177103 118188 235187  71895
  62698 360914 323319 177103 357629 242891  89421 175199 304105  54718
 327863 192973 184322  54718 146352 370764  54718 371814 357411  71959
  43010  83194      0 258200 389811 325298 357211 192973 281353 357265
 178616 268046 357265 148224  53909 357265 233708 357964 118152 275886
 162454 154323 179595 192973 357265 371428 268046 148224  60665  43010
 295485 379857 239623 268046 355367 343906  54718 188481 368709 118152
 275886 145412 175199 367700 358159 191811  43010 384121 360914 329973
 268074 179434 151792 333804 357265 292794 151349 239105 192973 357211
 188481 358159 190734 269953  71959 360914 146344 357211 320245  58997
  72182 258475 293960 332147 360914 155499 329973 268074 357265 124777]
NewWordVectorPositions
[118152 275893 354633 170714 179580 193919 178401 236968  88126 357265
 359888 268046 358159 148224 386473 192973  43010 389449 329990 268046
 179434 102221 354634 358461 371798  60665 388710 233708 268046 357265
 148269 390449  88126 118152 275886 179018 357265 343963 325747 357265
 241975 249714 357108 357265 191292 268046 295857 152101  54273 136537
 106231 352136 357265 343963 270562 388710  43010 111389 320242 188481
 386473  55248 123454 236305 188481  43010 330001 386494 327863 225650
  62065 177103 184368 327863 192973 357411 165439  54718 300575 386494
 175199 184368 341519 267140      0 357265 386896 357958 192973 307134
 360914  71090      0 144917  60665 175199 184368 192973 295228 244992
  64331  62065 177103 188481  71602 327863 174032  43010 329710 320242
 388710 177103 337385  43010 118188 308908 151349 173822 289965 386473
 106805 388710  43010 198514 357211 328140 355344 165863 357211 175199
 192973 286442 388710 179434 282257 327863 357411 163634 360914 177103
 357633 325874 386431 327863 106309  44608 177103 118188 235187  71895
  62698 360914 323319 177103 357629 242891  89421 175199 304105  54718
 327863 192973 184322  54718 146352 370764  54718 371814 357411  71959
  43010  83194      0 258200 389811 325298 357211 192973 281353 357265
 178616 268046 357265 148224  53909 357265 233708 357964 118152 275886
 162454 154323 179595 192973 357265 371428 268046 148224  60665  43010
 295485 379857 239623 268046 355367 343906  54718 188481 368709 118152
 275886 145412 175199 367700 358159 320612 315327 347121 244498 346566
 216750 233590 278052  51191 292377 156189 386153 339093 239078 365178
  76490 310856 261385 237039 230984 307746 110181 287642 165806 248510
 248940 188731 141549 133823 210683 277784 198453  94710 385246 116256]
