OriginalClass, 0
NewClass, 1
NumberWordsChanged, 13
WordPositions
237	238	239	240	241	242	243	244	245	246	247	248	249	
OldWordVectorPositions
[388710 357265 347344 328939  84182 269798  43010 297687 347440 357211
 192973 200035  44608 360914 155104 382398 373316 226278  90548  71090
 146662 188481 357265 336573  83529 357211 349409 278468 254258 146367
  54718  90548  71090 323431 188481 357265 335368 268046 357265 280944
 185457 382590  52322 193716 192973 357265 281272 117874 360914 343811
 268074 151349 112192  54718  43010      0  71895 175267 268074 360914
 357265 101722 268046 222364  54718 226278 268046 110542  43010 150029
 360914 277561 192973 264550 302479 188481 358159 183912 148224 112062
  86085 336113 185457 170714 360914 270867 151349 357265 260309  74390
 357958 277561 196480      0  43010 104990 268046  12750 329710 148269
  88126  43010 376135 268046 191474 124777 132276 284318 192973 256053
  47798  43010 123767 277583 258737  54718 192973  43010 303940 269798
 226278  92054 264550 360914 273428 162854 357265 250392 290201  54718
 281980 268046  51582 183848 136539 277561 196480      0 142906 226278
  62065 357265 233708 341177 268046 193919 274148 157049 357265 306717
  58997 339924 310875  54718 348535 107700  54718 366128 386306  74597
 384121 360914 142967 357265 149864 257320 268046 226278  54718 182540
  43010 248238  90548  96721 394564 222138 357108 388710  43010 104990
 268046 148242 248245 357265  71422 287379 298017  44617 192973 351972
 154323 361518      0 145693 315823 120859 366080 360914 151719 368608
 313329 225123 313329 374207      0 283658  54718 305856 360914 120638
 357265 137937 114523 268046 226278 154323 188755 360914 125706 271500
 329853 188481  17541  54718 275350 128527 151349 358159  56309 145693
 341860 257071 289217  60665 152990  54273  53504  45910 188481 277561
 151349  43010 277915 188481  43010 148224  54718 240368      0  60665]
NewWordVectorPositions
[388710 357265 347344 328939  84182 269798  43010 297687 347440 357211
 192973 200035  44608 360914 155104 382398 373316 226278  90548  71090
 146662 188481 357265 336573  83529 357211 349409 278468 254258 146367
  54718  90548  71090 323431 188481 357265 335368 268046 357265 280944
 185457 382590  52322 193716 192973 357265 281272 117874 360914 343811
 268074 151349 112192  54718  43010      0  71895 175267 268074 360914
 357265 101722 268046 222364  54718 226278 268046 110542  43010 150029
 360914 277561 192973 264550 302479 188481 358159 183912 148224 112062
  86085 336113 185457 170714 360914 270867 151349 357265 260309  74390
 357958 277561 196480      0  43010 104990 268046  12750 329710 148269
  88126  43010 376135 268046 191474 124777 132276 284318 192973 256053
  47798  43010 123767 277583 258737  54718 192973  43010 303940 269798
 226278  92054 264550 360914 273428 162854 357265 250392 290201  54718
 281980 268046  51582 183848 136539 277561 196480      0 142906 226278
  62065 357265 233708 341177 268046 193919 274148 157049 357265 306717
  58997 339924 310875  54718 348535 107700  54718 366128 386306  74597
 384121 360914 142967 357265 149864 257320 268046 226278  54718 182540
  43010 248238  90548  96721 394564 222138 357108 388710  43010 104990
 268046 148242 248245 357265  71422 287379 298017  44617 192973 351972
 154323 361518      0 145693 315823 120859 366080 360914 151719 368608
 313329 225123 313329 374207      0 283658  54718 305856 360914 120638
 357265 137937 114523 268046 226278 154323 188755 360914 125706 271500
 329853 188481  17541  54718 275350 128527 151349 358159  56309 145693
 341860 257071 289217  60665 152990  54273  53504 320688 373333 109318
  48536 262970  63336 300850  58486 375548 379911 219849 354477 318250]
