OriginalClass, 0
NewClass, 1
NumberWordsChanged, 9
WordPositions
241	242	243	244	245	246	247	248	249	
OldWordVectorPositions
[357265 360601 192973 357265 338149 357211 269953 268046 357265  97035
 231492  60665 175199 129458 179434 187669 365734  45776 357265 157581
 130701 386431 357265  97035 223944 357265 148224 192973  69725 269798
  43010 325549 268046 343906  88126      0 392635  54718 355374 357265
 343963 268046  43010 167631 268046 280944 386886 133901 223944 188481
 300184 181009 269798 357265 133480 268046 357265 130701 193919  43010
 246670 268046 218190  54718 315243 148908 105304 148224 229835  88126
      0      0 174032  71814 337301 194101 383071 360914 323336 151349
  43010 225289 359888 385030 193716 383513 268345 223634  60665  72182
 270201  63822 188481  43010 329784 377861 154323  43010 358548 270970
 152427 182363 271493 130319 360914  54273 139198 188481 357265 313329
 359888 188481 337258 293387 236496 185457 383513 180501 272930 151349
 357265 155017 377861 382333 360914 323336 386306      0 383071 374020
 360914 323336 270201 360914 148427 272930 269798 357265 302801 305005
  88126 112037 357211 357265  10316 245562 377861 192973 357265 155017
 377861 148356 333175 128527 360914 323336 357265 148224 217787 261149
 187631 268046 246677 136539  44608 357265 148224 148908  54718 151533
 193919 379869 223138 360914 141941 148224 357211 151055 394474  90548
 323336 141941 272583 268046      0 305157 333278 148269 303938 188481
 358159 251034 128527 360914 357265 275334 347633 193919  43010 344716
 148224 188481 193919 374162 268046 105304  54718 394474  90548 371425
 386983 193716 361952 178965 336113 225289 360914  43010 148224 343464
 175199 390138 175199 173081 388710 268046 110542 357639  58997 144214
 293244  60665 385217 357265 148224 192973  43010 379857 389835 268046
      0  71090 383363 186645 394567 163745 360914 323336 358159 269798]
NewWordVectorPositions
[357265 360601 192973 357265 338149 357211 269953 268046 357265  97035
 231492  60665 175199 129458 179434 187669 365734  45776 357265 157581
 130701 386431 357265  97035 223944 357265 148224 192973  69725 269798
  43010 325549 268046 343906  88126      0 392635  54718 355374 357265
 343963 268046  43010 167631 268046 280944 386886 133901 223944 188481
 300184 181009 269798 357265 133480 268046 357265 130701 193919  43010
 246670 268046 218190  54718 315243 148908 105304 148224 229835  88126
      0      0 174032  71814 337301 194101 383071 360914 323336 151349
  43010 225289 359888 385030 193716 383513 268345 223634  60665  72182
 270201  63822 188481  43010 329784 377861 154323  43010 358548 270970
 152427 182363 271493 130319 360914  54273 139198 188481 357265 313329
 359888 188481 337258 293387 236496 185457 383513 180501 272930 151349
 357265 155017 377861 382333 360914 323336 386306      0 383071 374020
 360914 323336 270201 360914 148427 272930 269798 357265 302801 305005
  88126 112037 357211 357265  10316 245562 377861 192973 357265 155017
 377861 148356 333175 128527 360914 323336 357265 148224 217787 261149
 187631 268046 246677 136539  44608 357265 148224 148908  54718 151533
 193919 379869 223138 360914 141941 148224 357211 151055 394474  90548
 323336 141941 272583 268046      0 305157 333278 148269 303938 188481
 358159 251034 128527 360914 357265 275334 347633 193919  43010 344716
 148224 188481 193919 374162 268046 105304  54718 394474  90548 371425
 386983 193716 361952 178965 336113 225289 360914  43010 148224 343464
 175199 390138 175199 173081 388710 268046 110542 357639  58997 144214
 293244  60665 385217 357265 148224 192973  43010 379857 389835 268046
      0  61308 229251 225548 394925 397936 214860 238682 184797 224656]
