OriginalClass, 0
NewClass, 1
NumberWordsChanged, 29
WordPositions
221	222	223	224	225	226	227	228	229	230	231	232	233	234	235	236	237	238	239	240	241	242	243	244	245	246	247	248	249	
OldWordVectorPositions
[393695 185457  62706 357265 389937 291540 268046 121708  62065 357265
 364995 148224 147328 188481 266107 185457 170714  43010 166369 359888
 193716 383513 336860 272930  54718  62706  88126  51582 357265 231345
 341860 188839 146627      0 234236 278831 185457 162051 357265 251034
  37676 341901 272930 268046  43010 289446   4961 341860 357265 251034
  71959 388710 237388 311359 117860  62065 105014 394474  90548 138135
 357265 368709 105014 138116 388710 387532 278037  54718 150105 163745
 269798 357265 283658 188481 358159 148224 383513 142331 327863 239798
 195845  96044 145772  54718 357809  71585 349437 193716  57721 222471
  57170 272583 304966 188481 357265  71956 357265 232536 192973 188481
 297556 268046 357265 389411  62719  54718  47490  54718 357265 389400
 192973 286442 173236 360914 160418  81562 286407 358159 385217 377945
 190361 150104  74651 357265 368320 175199 192189 177103 360914 179434
  57355  54718 141950 144594  57350 357265  57355 192973 377945 129199
  54718 117140 357809 141859 136979 373316 188481 357265  69753 386473
 192973 143219 117140  54718 223676  88126 265603  90772 358159  45929
 305254 239105 268046  43010 130810 177231 192973 386431 175199 330038
 179434 366080 105350  54718 292840 360914 300574 177103 358159 192973
  43010 377945 117140  54718 167277 300574 320242 358159 320242 192973
 264550 151349 357265 394520 270970 384382  62065 175449 357265 300574
 320242 192973  43010 223830 225289  54718 173236 360914 351934  87775
 193716 192973 258303 151349 357265 306581 268046 357265 251034 357211
 151063 237388 264937 341901 360914 225942 177103 338084 360914 129721
  54718 326240 327863 144594 191811 177103 274148  44952 327863 341901
  62712 357265 387571 268046 278037  54718 382423 373316 269953 249942]
NewWordVectorPositions
[393695 185457  62706 357265 389937 291540 268046 121708  62065 357265
 364995 148224 147328 188481 266107 185457 170714  43010 166369 359888
 193716 383513 336860 272930  54718  62706  88126  51582 357265 231345
 341860 188839 146627      0 234236 278831 185457 162051 357265 251034
  37676 341901 272930 268046  43010 289446   4961 341860 357265 251034
  71959 388710 237388 311359 117860  62065 105014 394474  90548 138135
 357265 368709 105014 138116 388710 387532 278037  54718 150105 163745
 269798 357265 283658 188481 358159 148224 383513 142331 327863 239798
 195845  96044 145772  54718 357809  71585 349437 193716  57721 222471
  57170 272583 304966 188481 357265  71956 357265 232536 192973 188481
 297556 268046 357265 389411  62719  54718  47490  54718 357265 389400
 192973 286442 173236 360914 160418  81562 286407 358159 385217 377945
 190361 150104  74651 357265 368320 175199 192189 177103 360914 179434
  57355  54718 141950 144594  57350 357265  57355 192973 377945 129199
  54718 117140 357809 141859 136979 373316 188481 357265  69753 386473
 192973 143219 117140  54718 223676  88126 265603  90772 358159  45929
 305254 239105 268046  43010 130810 177231 192973 386431 175199 330038
 179434 366080 105350  54718 292840 360914 300574 177103 358159 192973
  43010 377945 117140  54718 167277 300574 320242 358159 320242 192973
 264550 151349 357265 394520 270970 384382  62065 175449 357265 300574
 320242 192973  43010 223830 225289  54718 173236 360914 351934  87775
 193716 192973 258303 151349 357265 306581 268046 357265 251034 357211
 151063 100381 144869 112078 370329 301604 103180 295876 194110 176294
  73130 241432 142498 251979 332790 195160 308787 165446 227660 376323
 204941 158800 394309 300328 115875 120739 179779 147178 168472  52134]
