OriginalClass, 0
NewClass, 1
NumberWordsChanged, 19
WordPositions
231	232	233	234	235	236	237	238	239	240	241	242	243	244	245	246	247	248	249	
OldWordVectorPositions
[151349 357265 148908 358548 322832 314911 383513  43010 159242 178261
  64331 269798 356927  54718 217909 132422 321184  47835 306216 132276
 138435 170714  43010 233101 395969 137256  54718      0 274847 357211
 273553 357265 267397  64376 198514 240470 198186 173852 143258  43010
 204661 352153 151349 283877 105647 278020 188481 177103 143919 142981
 177103 368320  63238 286442 357265 344147 240788 270970  60665 344147
  60665 368320 388692 110156  71090 170714 166369 105708 360027  54718
 159391  98032 388710 173852 316320  60665  43010 352232  93522 383513
 153443 360914 115546 188481 386314 229753 320538 175199 383513 191289
 188481  54718 269953 110156 218167  54718 351934 193716  51582 188481
 344667  71494 175199 383513  47798  51582  43010 352232  93522      0
 154060 312076 272930 357265 336297 142808  62065 321159 188481 386473
  52520 182408 357265 368709 141999  97858  54718 362767 292385 281353
 357265 250392 191290  54718 372147  61423 268046 357265 329973 383513
 357265  44430 360914 241372 288767 113591 134009  67933 268046 357265
 138715 197087 340254  58750 183848      0 134009 357265 188271 268046
 154061 357265 339643 268046 100274  54718 357265 223700 306002 268046
 346372 304958 242119 188481 357265 230310 302353 371798 222471 336113
 233708 272583 330038 358808 357265  48003 268046 355301 357265 329973
 179580 193919 279661 131142 357265 148908 358548 393334 386473 104653
 388710 314911  62712 178401 321159 341893 188481 322810 152427 357265
 251014 360914 105014 234827 386306 390138  71585  43010 291182 118852
 188481 357265 159391 297112 268046 357265 329973 278020 386423 357265
 390433 100074 360914 191915 198879  60665 174007 309337  54718 106815
 357952 142469 151349  63238 178779  54718 396560 360914 305151 270254]
NewWordVectorPositions
[151349 357265 148908 358548 322832 314911 383513  43010 159242 178261
  64331 269798 356927  54718 217909 132422 321184  47835 306216 132276
 138435 170714  43010 233101 395969 137256  54718      0 274847 357211
 273553 357265 267397  64376 198514 240470 198186 173852 143258  43010
 204661 352153 151349 283877 105647 278020 188481 177103 143919 142981
 177103 368320  63238 286442 357265 344147 240788 270970  60665 344147
  60665 368320 388692 110156  71090 170714 166369 105708 360027  54718
 159391  98032 388710 173852 316320  60665  43010 352232  93522 383513
 153443 360914 115546 188481 386314 229753 320538 175199 383513 191289
 188481  54718 269953 110156 218167  54718 351934 193716  51582 188481
 344667  71494 175199 383513  47798  51582  43010 352232  93522      0
 154060 312076 272930 357265 336297 142808  62065 321159 188481 386473
  52520 182408 357265 368709 141999  97858  54718 362767 292385 281353
 357265 250392 191290  54718 372147  61423 268046 357265 329973 383513
 357265  44430 360914 241372 288767 113591 134009  67933 268046 357265
 138715 197087 340254  58750 183848      0 134009 357265 188271 268046
 154061 357265 339643 268046 100274  54718 357265 223700 306002 268046
 346372 304958 242119 188481 357265 230310 302353 371798 222471 336113
 233708 272583 330038 358808 357265  48003 268046 355301 357265 329973
 179580 193919 279661 131142 357265 148908 358548 393334 386473 104653
 388710 314911  62712 178401 321159 341893 188481 322810 152427 357265
 251014 360914 105014 234827 386306 390138  71585  43010 291182 118852
 188481 357265 159391 297112 268046 357265 329973 278020 386423 357265
 390433  68639 289191 270586 354299 278712  62823 285914 203140  88473
 379593 292423 135804 287634 219421 201594 328248 102367  82810  83869]
