OriginalClass, 0
NewClass, 1
NumberWordsChanged, 30
WordPositions
220	221	222	223	224	225	226	227	228	229	230	231	232	233	234	235	236	237	238	239	240	241	242	243	244	245	246	247	248	249	
OldWordVectorPositions
[185457 383743 358159 148224 188481  43010 377945 344232 384121 185457
 170714 295763 193716 269798 254258 259474 223628  54718 110159 305224
 386983 272583 357108 357211 185457 209468 283263 326340 180242 383513
 188481 193716 332239 357265 148224 174032 262350 270547 111520 185457
 110159 141816 305224 386886 170714 124744 193716  60665 254258 387353
  54718 185457 383743 193716 185457 367661 360914 177103  44608  28985
 245571 188481  54718 315709 394474 209645 185457 204679 383072 360914
 118742 357211 185457 174339 358159 148224  87775 337301  44608 193716
 200035 389497 220870 239105 343811 383752 193716 357411 357651  43010
 344617 268046  44608 171586  43010 128704 320245 188481 357265 243674
 268046 357265 251034 357211  58997 366128 135133 188481 357265  45905
 281316 193716 383513 270201  60665 357265 136979 111520 310717 357211
 185457 302344 193716 383513  43010 331071 227512 148224  54718 185457
 358463 390159 187631 348532 357211 227512 361952 269798 386306 383513
 302352  43010 124850 282620 223830 343963  44608 302352 239170  84723
 280944  87775 193919  43010 356545 360914 179434 352153 357211 185457
 383513 336113 351972 188481 386423 185457 123557 141816 302343 193716
 383513 178965 283263 326340 180242 192973 302352 302352 164328 188481
 358159 251034 222471 320173 164328 295763 358159 373316  47889  91439
  54718 185457 390138  59183 357265 272042 329915 174642  71814 151349
 358159 148224 190756 185457  52520 178623 303025 357265 256745 338994
 146154 388710 227512 174774  54718 180242 352232  44608 231552 357265
 251034 193919 137887  54718 133719 388710 174774 286442 357265 345139
 132310 360914 219109  62065 357265 236257 146367 227512 119370 354433
 394474 357265 148908 313189 268046 389882 388710  45905 208434 357353]
NewWordVectorPositions
[185457 383743 358159 148224 188481  43010 377945 344232 384121 185457
 170714 295763 193716 269798 254258 259474 223628  54718 110159 305224
 386983 272583 357108 357211 185457 209468 283263 326340 180242 383513
 188481 193716 332239 357265 148224 174032 262350 270547 111520 185457
 110159 141816 305224 386886 170714 124744 193716  60665 254258 387353
  54718 185457 383743 193716 185457 367661 360914 177103  44608  28985
 245571 188481  54718 315709 394474 209645 185457 204679 383072 360914
 118742 357211 185457 174339 358159 148224  87775 337301  44608 193716
 200035 389497 220870 239105 343811 383752 193716 357411 357651  43010
 344617 268046  44608 171586  43010 128704 320245 188481 357265 243674
 268046 357265 251034 357211  58997 366128 135133 188481 357265  45905
 281316 193716 383513 270201  60665 357265 136979 111520 310717 357211
 185457 302344 193716 383513  43010 331071 227512 148224  54718 185457
 358463 390159 187631 348532 357211 227512 361952 269798 386306 383513
 302352  43010 124850 282620 223830 343963  44608 302352 239170  84723
 280944  87775 193919  43010 356545 360914 179434 352153 357211 185457
 383513 336113 351972 188481 386423 185457 123557 141816 302343 193716
 383513 178965 283263 326340 180242 192973 302352 302352 164328 188481
 358159 251034 222471 320173 164328 295763 358159 373316  47889  91439
  54718 185457 390138  59183 357265 272042 329915 174642  71814 151349
 358159 148224 190756 185457  52520 178623 303025 357265 256745 338994
 146154 388710 227512 174774  54718 180242 352232  44608 231552 357265
  79207 317193  44669 151064 277459 233163  73901 125057 139084 131942
  68968 283769 285878 355981 130055 286889 204931 117312 150970 298850
 118463 296715 388526 252615 218588 396680 105907  75044 330427 172082]
