OriginalClass, 0
NewClass, 0
NumberWordsChanged, 35
WordPositions
215	216	217	218	219	220	221	222	223	224	225	226	227	228	229	230	231	232	233	234	235	236	237	238	239	240	241	242	243	244	245	246	247	248	249	
OldWordVectorPositions
[249714 357108 368159 393334  71895 282257 194740 379792  46127 268046
 357265 225800 268046 357265 308945 357639 383513 358159  14574  55553
 133946 154323 124763 299852  66899  54273  53302  54718 302479 144353
 377861 268046 357265 343963 358159 174032 315242  71814 301000 273884
  88126 357265 194733 365266 189034 233708 307259 177231 269798 357265
 187781 231117 358451 386886 319557 357265 260059 377861 148908 323420
 360914  71090 147856 372311 360914 358159 377861  87775 186645 269953
  57845  43010 223830 105990 325007  54718 351989 191811 107668 357265
 359888 386423 193716 383513 229835  54718 357265 354616 289442 357211
 142632  62065 357211 359888 357411 357809 387695 302323 357211 358159
 192973  43010 292006 164328 148224 189034 193716 383513 329819  47798
 323392 358159  55553 251034  65680 188481 357265 132422  39277 357211
 185457 338068 272930      0  80586  54718 187871  71488  43010 222194
 144744 268046 357760 308170 122129 243674 132482  47025 336113 188481
 337258 306513 185457 274119 358159 148224  43010 119560 268046  45597
  60665 357265 148224 386473 327398 254258 223711 353723 151616 319314
 357265 117140 225800 268046 243674 132482 151653  54273      0 308888
 357211 162064 178965 188951 290159 151061  43010 166369  70427 131142
 386473 319314 192973 119251 357265 308888 144594 191811 289432 268046
  43010 207802 256053 193255  87775 190756 268046 122087 193716 175199
 151242  99952 360914 204679 193716 151349  95352 357265 308888 278411
 154323 172466 360914 172466 141859 105730 191811 357265 289432 268046
  43010 179983 256053 154267  66286 386886 223999 188481  43010      0
 106074 209675  60665 357265 329151 154267 219119 154323  43010 388879
 256053 157244 357211 179434 308888 192973 188481 143954 357265 269953]
NewWordVectorPositions
[249714 357108 368159 393334  71895 282257 194740 379792  46127 268046
 357265 225800 268046 357265 308945 357639 383513 358159  14574  55553
 133946 154323 124763 299852  66899  54273  53302  54718 302479 144353
 377861 268046 357265 343963 358159 174032 315242  71814 301000 273884
  88126 357265 194733 365266 189034 233708 307259 177231 269798 357265
 187781 231117 358451 386886 319557 357265 260059 377861 148908 323420
 360914  71090 147856 372311 360914 358159 377861  87775 186645 269953
  57845  43010 223830 105990 325007  54718 351989 191811 107668 357265
 359888 386423 193716 383513 229835  54718 357265 354616 289442 357211
 142632  62065 357211 359888 357411 357809 387695 302323 357211 358159
 192973  43010 292006 164328 148224 189034 193716 383513 329819  47798
 323392 358159  55553 251034  65680 188481 357265 132422  39277 357211
 185457 338068 272930      0  80586  54718 187871  71488  43010 222194
 144744 268046 357760 308170 122129 243674 132482  47025 336113 188481
 337258 306513 185457 274119 358159 148224  43010 119560 268046  45597
  60665 357265 148224 386473 327398 254258 223711 353723 151616 319314
 357265 117140 225800 268046 243674 132482 151653  54273      0 308888
 357211 162064 178965 188951 290159 151061  43010 166369  70427 131142
 386473 319314 192973 119251 357265 308888 144594 191811 289432 268046
  43010 207802 256053 193255  87775 190756 268046 122087 193716 175199
 151242  99952 360914 204679 193716 151349  95352 357265 308888 278411
 154323 172466 360914 172466 141859 235159 130521  70448 386806 236961
 220206  45948  54383  81473 216305 167762 198346 218277 148432 309355
  83903 206416  98662 296762 342129 140227 137776 306287 222133  93542
 224370 259361 354062 297437 150523 277483  74303 155796 321583  44516]
