OriginalClass, 0
NewClass, 1
NumberWordsChanged, 3
WordPositions
247	248	249	
OldWordVectorPositions
[188481 254258 222946 268046 389835 185457 267398 160418 107974  88126
 189078 148260 386886  58997 366273 360914 294780 357353 148224 386423
 185457  90548 185457 351934  43010 225629  62065 357760      0 148269
  54718 268345 357809 231458 239105 357969 357211 357265 155653 268046
 180682 192973 163745 360914 357265 126930 269889 188481  43010 386494
 358461 357639 192973  43010 148224 357211 192973  81104 268046 295472
 278426  54718 121872  60665 186645 111449 151349 357265 295589 268046
 305257 357265 148224 189462 357211 164328 251057  58997 343256 289446
 357265 329710 148224  65064 298135 266497 200331 132033 254935 124744
  88126  51088 147116 192973  43010 159709 348531  54718 390092  43010
 323024 225629 102950 188481  62065  43010 320054  17044 245571  65064
 298135 266497 200331 132033 254935 365140 360914 355344  43010 106231
  87775 348539 343963 388710  52261 262350  65680 343963 357265  62979
 192973 286781 128527 188481 357265 243674 268046 357265  45830 388710
 262350 103260  60665 360914 386306 192973 173065  43010 394520 389400
 316884 195527 287683  64285 154323  43010 129149 360914 175425  43010
 169261  54718 192973 346119  44114 154323 177103 180883 386423 327863
  64286 327863 192973 348564  88126  43010 167631 268046 241260 358885
 357211 225629 222471 357809 390138  71090  62065 180883 188481  43010
 105708  80586 357760 257044 169754  54718 161859  58997 217469 357108
 222138 357809  58997  51582 169254  54718 209552 357639 192973 262350
 384121 272930 357265 207052 177231 192973 357211 121972  72182  43010
 226394  86085 148224 193716 126852 286375 222471 269953 154323 357265
 377945  71956 357265 146352 192973 357211  65064 298135 266497 200331
 132033 254935 174032  71814 329853 133578  54718 292970  88126 293053]
NewWordVectorPositions
[188481 254258 222946 268046 389835 185457 267398 160418 107974  88126
 189078 148260 386886  58997 366273 360914 294780 357353 148224 386423
 185457  90548 185457 351934  43010 225629  62065 357760      0 148269
  54718 268345 357809 231458 239105 357969 357211 357265 155653 268046
 180682 192973 163745 360914 357265 126930 269889 188481  43010 386494
 358461 357639 192973  43010 148224 357211 192973  81104 268046 295472
 278426  54718 121872  60665 186645 111449 151349 357265 295589 268046
 305257 357265 148224 189462 357211 164328 251057  58997 343256 289446
 357265 329710 148224  65064 298135 266497 200331 132033 254935 124744
  88126  51088 147116 192973  43010 159709 348531  54718 390092  43010
 323024 225629 102950 188481  62065  43010 320054  17044 245571  65064
 298135 266497 200331 132033 254935 365140 360914 355344  43010 106231
  87775 348539 343963 388710  52261 262350  65680 343963 357265  62979
 192973 286781 128527 188481 357265 243674 268046 357265  45830 388710
 262350 103260  60665 360914 386306 192973 173065  43010 394520 389400
 316884 195527 287683  64285 154323  43010 129149 360914 175425  43010
 169261  54718 192973 346119  44114 154323 177103 180883 386423 327863
  64286 327863 192973 348564  88126  43010 167631 268046 241260 358885
 357211 225629 222471 357809 390138  71090  62065 180883 188481  43010
 105708  80586 357760 257044 169754  54718 161859  58997 217469 357108
 222138 357809  58997  51582 169254  54718 209552 357639 192973 262350
 384121 272930 357265 207052 177231 192973 357211 121972  72182  43010
 226394  86085 148224 193716 126852 286375 222471 269953 154323 357265
 377945  71956 357265 146352 192973 357211  65064 298135 266497 200331
 132033 254935 174032  71814 329853 133578  54718 129694  48631 297793]
