OriginalClass, 0
NewClass, 1
NumberWordsChanged, 1
WordPositions
249	
OldWordVectorPositions
[187631 348373 357964 123557 142250 163237 357265 316998 384121 188481
 357265 302292 222138 268046 180996 178220  60665 357809 123517 188481
 357265 148224  46127 268046 179434  80586 310099  82339  87775 357265
 251034 267623 334110  54273  54371 268046 357265  80642 360601 192973
 164328 137680 360914 341439  52315 185457 174642 264550 302207      0
 240737  87775 185457  52943 343256  44493 360914 137548  54718 371425
 357353 148224  46127 357265 148224 124744  88126 198312 198452  54718
 390449  88126 221303 104880 303161 357265 343963 268046 354796 180996
 178220 195151 170008  71956 188481 267623 268046  14241 193716 270562
 388710 357265 338149 268046  43010 298759  84498  84242 260141 268046
 357265 313668 318965 340399 357265 148908  60401 318965 188481 271097
 384373 323336  43010 187656 268046  43010      0 363116  54718 193919
 280944 250425 245067 389882 151349 357265 269212 103837 106170 269953
 268046 357265 245067 223646 360914 357265 260141 269798  43010 172565
 298759  60665 175199 137882 357265 135360 326725  87775 357265 331375
 192973 225979  60665 175199 124904 191811 357265 117179 225959 331301
 268046 357265 341859 334110  44617 178965  43010 240305 379455 367249
 144044 388710 358159 187646 384373 357411 160418  43010 198589 268046
 135984 269798  43010  91624 298759  60665 389822 269798 357265 322171
 189811 374020 268046 357265 325990 267623  30387  14241 103876 385793
 379573 180996  54718 179434  86055 312314 219441 108526 387759 219441
 322011  54718 328422 267751  96044 222843  58997 352232  44608 151266
 366282 151266 321109  58997 357265 270201 384121 272930 268046 357265
 363116  54718 389882 188481 357265 245074 151349 357760  82339 386983
  58997 357265 198277 357265 270201 270120 386886 160418 360914 163237]
NewWordVectorPositions
[187631 348373 357964 123557 142250 163237 357265 316998 384121 188481
 357265 302292 222138 268046 180996 178220  60665 357809 123517 188481
 357265 148224  46127 268046 179434  80586 310099  82339  87775 357265
 251034 267623 334110  54273  54371 268046 357265  80642 360601 192973
 164328 137680 360914 341439  52315 185457 174642 264550 302207      0
 240737  87775 185457  52943 343256  44493 360914 137548  54718 371425
 357353 148224  46127 357265 148224 124744  88126 198312 198452  54718
 390449  88126 221303 104880 303161 357265 343963 268046 354796 180996
 178220 195151 170008  71956 188481 267623 268046  14241 193716 270562
 388710 357265 338149 268046  43010 298759  84498  84242 260141 268046
 357265 313668 318965 340399 357265 148908  60401 318965 188481 271097
 384373 323336  43010 187656 268046  43010      0 363116  54718 193919
 280944 250425 245067 389882 151349 357265 269212 103837 106170 269953
 268046 357265 245067 223646 360914 357265 260141 269798  43010 172565
 298759  60665 175199 137882 357265 135360 326725  87775 357265 331375
 192973 225979  60665 175199 124904 191811 357265 117179 225959 331301
 268046 357265 341859 334110  44617 178965  43010 240305 379455 367249
 144044 388710 358159 187646 384373 357411 160418  43010 198589 268046
 135984 269798  43010  91624 298759  60665 389822 269798 357265 322171
 189811 374020 268046 357265 325990 267623  30387  14241 103876 385793
 379573 180996  54718 179434  86055 312314 219441 108526 387759 219441
 322011  54718 328422 267751  96044 222843  58997 352232  44608 151266
 366282 151266 321109  58997 357265 270201 384121 272930 268046 357265
 363116  54718 389882 188481 357265 245074 151349 357760  82339 386983
  58997 357265 198277 357265 270201 270120 386886 160418 360914  56698]
