OriginalClass, 0
NewClass, 1
NumberWordsChanged, 27
WordPositions
223	224	225	226	227	228	229	230	231	232	233	234	235	236	237	238	239	240	241	242	243	244	245	246	247	248	249	
OldWordVectorPositions
[ 60665  43010 207071 185457 226298 358159 157049 185457 286407 193716
  43010 397478 359970 131142 340236  14934 388710 254258 154049  54932
 185457 374167 360914 286375  64428 270970  78011  54718 175199 390138
  71090  46062  54718 262350 236860 182540 268345 384373 286407 193716
 384373 259914 323425 360914 160418  80958 357411 344527 268046 299135
  15341  90233 272930  54718 384373 297656 151675 357211 358159 269953
 141816 142632 394474 286375  60665      0  64428 343722  46062 270970
  78011 147826 386886 174642 297925 357265 151407 188481 271173 360914
 351934 269798 357265  65963 169754 188481 357353 274148 384121 357639
  58997  38601 221134 360914 389835 358831 188481  43010 313385  54718
 109587 101722 219383  88126 357265 141999 251315 391290  71324 373316
  51582 357265  65963 169754  54718 357265      0  81440 192973 251645
 155185 221115  26559 357265  83970 383513 254258 145816  71494 394474
 110156 100483  66020 128527 357265 180526 191811 357265 309371 394474
 141816 174642 357265  96602 360914  71585 251315 392085 308561 172466
 232536  62065 357265 136979 268046 357265 157049  62065  43010 292127
 358159 218983 360914 357265  65963 137073 188481 386473 394474  71585
 357265 357265  81440 268046 357265 350164 142250 182540 358159 192973
 289446 192973  43010 254586 332239 394474 122083 357265 350164 269798
 394564 384121 360914 251315 391290  87775 259914 244950 344527 268046
 299135  52520 174032 366128 144908 253590 357265 106392 395184 211312
 123517  44786 245651 388710 357265 222715 354661 268046 357265 323492
 159468 357265 231068 357397 221115 269953 221115  26559  54718 148339
  81440  58997 341511 367260  60665  43010 387424 274156 185457  52943
 293982 360914 174642 358159 151616 269798 254258 107719  87775 388710]
NewWordVectorPositions
[ 60665  43010 207071 185457 226298 358159 157049 185457 286407 193716
  43010 397478 359970 131142 340236  14934 388710 254258 154049  54932
 185457 374167 360914 286375  64428 270970  78011  54718 175199 390138
  71090  46062  54718 262350 236860 182540 268345 384373 286407 193716
 384373 259914 323425 360914 160418  80958 357411 344527 268046 299135
  15341  90233 272930  54718 384373 297656 151675 357211 358159 269953
 141816 142632 394474 286375  60665      0  64428 343722  46062 270970
  78011 147826 386886 174642 297925 357265 151407 188481 271173 360914
 351934 269798 357265  65963 169754 188481 357353 274148 384121 357639
  58997  38601 221134 360914 389835 358831 188481  43010 313385  54718
 109587 101722 219383  88126 357265 141999 251315 391290  71324 373316
  51582 357265  65963 169754  54718 357265      0  81440 192973 251645
 155185 221115  26559 357265  83970 383513 254258 145816  71494 394474
 110156 100483  66020 128527 357265 180526 191811 357265 309371 394474
 141816 174642 357265  96602 360914  71585 251315 392085 308561 172466
 232536  62065 357265 136979 268046 357265 157049  62065  43010 292127
 358159 218983 360914 357265  65963 137073 188481 386473 394474  71585
 357265 357265  81440 268046 357265 350164 142250 182540 358159 192973
 289446 192973  43010 254586 332239 394474 122083 357265 350164 269798
 394564 384121 360914 251315 391290  87775 259914 244950 344527 268046
 299135  52520 174032 366128 144908 253590 357265 106392 395184 211312
 123517  44786 245651 388710 357265 222715 354661 268046 357265 323492
 159468 357265 231068 270512 364144  73887 269625 208609 399120  63819
 207022 212482 244708 215206 166333 156564 277084 165458 352321 152152
 287173 197471  57356 282216 111592 120283  72319 386892  50472 199283]
