OriginalClass, 0
NewClass, 1
NumberWordsChanged, 31
WordPositions
219	220	221	222	223	224	225	226	227	228	229	230	231	232	233	234	235	236	237	238	239	240	241	242	243	244	245	246	247	248	249	
OldWordVectorPositions
[357265 232536 154323 336055 309371 186986 126852 304794 357265 386368
  87775 192973  43010      0  71421 148224 357211 179650 337258 166369
 264604 151349 358451 144877 383072 357265 135310 357211 229835 357265
 271493 232536 154323 336055 309371 148224  43010 179580  83441 320244
 349406 321937 349414 310880  54718 111065  45830 358159 148224 302352
 120126 358159 343963 284202 373316  43010 147468 393334 154323 357265
 136979 268046 357265 148908 197733 361518  87310 174032  71814  64331
 158265 179434 152164 188481  43010  84872 268046 343464 181953 175199
 307037 360914 284145 373316 386431 175199 219577 268074 388710 179434
      0      0 349436 197158 286407  88126  63381 126035 215685 331456
 358401 386886 192973 343256  62698 360914  83332 272930 268046 177103
 109618 373362 269798 177103 146145  93922 342051 173790 192973 264937
 286407  88126  53504  83867 120912 357265 150879 360914 197733  54718
  97014 357211 326938 357265 286789 192973 357265      0 373489 102208
 335884  51486 278981 260802 132288 386886 174032 179434 331316 269798
 197158  46173 360914 357265 246670 337258 336297 355895 348565 216774
  54718 357265 341327 388710  43010  65963  62776 154323 357265 148908
 148224  54718 357225 357265 286789 357265  74390 357958  44608 358159
 148224 192973 357265  45815 361518  87310 149171 336100 191811 197762
 387137  84189 174296  54718 215538 184007 331456 358401 192973  43010
 226326 177451  54718 357265 368320 232569 337258 302292  98032 269798
 322171 148210 357265 336967 329494 268046 208200 128377 383513 259914
 163745 360914  71090 132683  54718  83867 120912 343718  54718 329948
  87775 259914 146354 377945  63492 188481 358159 277915 357265 253590
 192973 349406  54718 227839  54718 357265 101299 110156  71090  43010]
NewWordVectorPositions
[357265 232536 154323 336055 309371 186986 126852 304794 357265 386368
  87775 192973  43010      0  71421 148224 357211 179650 337258 166369
 264604 151349 358451 144877 383072 357265 135310 357211 229835 357265
 271493 232536 154323 336055 309371 148224  43010 179580  83441 320244
 349406 321937 349414 310880  54718 111065  45830 358159 148224 302352
 120126 358159 343963 284202 373316  43010 147468 393334 154323 357265
 136979 268046 357265 148908 197733 361518  87310 174032  71814  64331
 158265 179434 152164 188481  43010  84872 268046 343464 181953 175199
 307037 360914 284145 373316 386431 175199 219577 268074 388710 179434
      0      0 349436 197158 286407  88126  63381 126035 215685 331456
 358401 386886 192973 343256  62698 360914  83332 272930 268046 177103
 109618 373362 269798 177103 146145  93922 342051 173790 192973 264937
 286407  88126  53504  83867 120912 357265 150879 360914 197733  54718
  97014 357211 326938 357265 286789 192973 357265      0 373489 102208
 335884  51486 278981 260802 132288 386886 174032 179434 331316 269798
 197158  46173 360914 357265 246670 337258 336297 355895 348565 216774
  54718 357265 341327 388710  43010  65963  62776 154323 357265 148908
 148224  54718 357225 357265 286789 357265  74390 357958  44608 358159
 148224 192973 357265  45815 361518  87310 149171 336100 191811 197762
 387137  84189 174296  54718 215538 184007 331456 358401 192973  43010
 226326 177451  54718 357265 368320 232569 337258 302292  98032 269798
 322171 148210 357265 336967 329494 268046 208200 128377 383513 189663
 105854 156742 283291 191752 152269  91915 168407 228420 112019 223822
  66257 225394 128577 366935 269829 323674 151093 351549  69113 299240
 229342 299272 220532 292266 367049 288574 322401 329622 292312 261780]
