OriginalClass, 0
NewClass, 1
NumberWordsChanged, 1
WordPositions
249	
OldWordVectorPositions
[264937 185457 170714 357265 286543 268046 148908 378770 108014 232536
 386423 193716 291541 269798 367966  65680 188481 118688 268046  17435
  54273 189629 125175 142833 387759 184322 225703 179434 144715 386423
  54273 372321 125175 137882 179434 180883  54718 207480 357387 264937
 337258 393334 217909 175199 192973 264937 188481 313665 270970 337268
 187631 264550 348373 386431 142250  51582 185457 209645 192973 193716
 351989 285908 337307 188481 357211  58999  57194  71494 268046  86085
 114188  62065  54273 189629 125175 215333 357809  58997 151413 360914
 218635 268074 250392 268046 357353 389867 269953 268046 357387  43010
 125249 323223 168297 256053 198859 252321 286407 282257 385369  74390
 209675 151349 179434 310672  60665 357265 189103 309938 163634 188481
 357639  54718 120339 357211 357809 162051 178965 179434 198213  65680
 175199 258481 358159 198213  71494 175199 192973 126087  54718 175199
 258481 193716 360914 279284  98970 348214 336113 175199 163634 188481
 357639  43010 147967  83377 272930  54718 337258 357964 160418 209587
 273428 116674 357964 193919 337661 125119 357211 252321 174032  71814
 189625 388710  43010 118226 278715 188481 143954 193919 336113 118226
 269953 129579 268046 179434  78456 387695 207423  43010 281904 188481
 236860 268046 323107 337661 389792 160457 272930  54718 357265 125175
 142833 184322 192973  89857 188481 360914 192125  54718 175199 217909
 354473 373316 388710  54273  53504 305949 264937 252321 192973 122191
 360914 160418 180883 360914 323336 179434 387353  54718 337385  54718
 387695 343811  62065 264612 141816 186645 175199 174032 360914 189624
 357265 137937 313668 288940 264937  60665 185457 315709  71895 358159
 148224 192973  43010 225985 222471 144575 128527 384373 174642  43010]
NewWordVectorPositions
[264937 185457 170714 357265 286543 268046 148908 378770 108014 232536
 386423 193716 291541 269798 367966  65680 188481 118688 268046  17435
  54273 189629 125175 142833 387759 184322 225703 179434 144715 386423
  54273 372321 125175 137882 179434 180883  54718 207480 357387 264937
 337258 393334 217909 175199 192973 264937 188481 313665 270970 337268
 187631 264550 348373 386431 142250  51582 185457 209645 192973 193716
 351989 285908 337307 188481 357211  58999  57194  71494 268046  86085
 114188  62065  54273 189629 125175 215333 357809  58997 151413 360914
 218635 268074 250392 268046 357353 389867 269953 268046 357387  43010
 125249 323223 168297 256053 198859 252321 286407 282257 385369  74390
 209675 151349 179434 310672  60665 357265 189103 309938 163634 188481
 357639  54718 120339 357211 357809 162051 178965 179434 198213  65680
 175199 258481 358159 198213  71494 175199 192973 126087  54718 175199
 258481 193716 360914 279284  98970 348214 336113 175199 163634 188481
 357639  43010 147967  83377 272930  54718 337258 357964 160418 209587
 273428 116674 357964 193919 337661 125119 357211 252321 174032  71814
 189625 388710  43010 118226 278715 188481 143954 193919 336113 118226
 269953 129579 268046 179434  78456 387695 207423  43010 281904 188481
 236860 268046 323107 337661 389792 160457 272930  54718 357265 125175
 142833 184322 192973  89857 188481 360914 192125  54718 175199 217909
 354473 373316 388710  54273  53504 305949 264937 252321 192973 122191
 360914 160418 180883 360914 323336 179434 387353  54718 337385  54718
 387695 343811  62065 264612 141816 186645 175199 174032 360914 189624
 357265 137937 313668 288940 264937  60665 185457 315709  71895 358159
 148224 192973  43010 225985 222471 144575 128527 384373 174642 362586]
