OriginalClass, 0
NewClass, 0
NumberWordsChanged, 35
WordPositions
215	216	217	218	219	220	221	222	223	224	225	226	227	228	229	230	231	232	233	234	235	236	237	238	239	240	241	242	243	244	245	246	247	248	249	
OldWordVectorPositions
[373385 154323  43010 292066 105851 357265 166369  54718 371384 234705
 117756 330038 177103 105640 345206 188481 358159 217850  13946 331647
 105647 357211  52520 329992 357265 389449 387759 171233 117756 286468
  43010 178219 154323 159880 386886 111275 180682 388710 176551 154323
 171233  43010  77162 286410 188481 112681 105645 357809  57715 361189
 188481  97698 105645 373139 234705 192973 125119  54718  71586  43010
  75774 128978 341677  43010 166369 216579 269798 180682  54718 193919
 291970 117756 171233  58997  43010 389449 354460  54718 357265 168575
 329871 154323 357265 222494 268046  97198  96958 128377 144257 387759
 314370 173852 198418 161353 135486 163059 264163 352297 230072 253355
 310214 217543 219174 199087 128038 322908 140021 354195 226107 277913
 305490      0  48944 292416  54718 234705 117756 394474 174642 360914
 323336 193716  58997  43010 181552  43010 253767 151349  57170 325572
 148224  86214 270970 151349  57187 191289 188481 357265      0 234705
 117756 120134 176815 286468 357265 145583 288014 249592 192973  43010
 230967 279027 299833 192973 357265 334718 218977 232536 329973 280944
 383513 315709 360914 174642 374167 357265  92030 268046 162840 349227
  60665 193919 247378 185457 357969 230072 253355 192973 103082 117756
  54718 349227 385663 154060  87775 358159 148269 343963 126848 277135
 357265 309135 268046 349227 154323      0 229498 324967 105645 388710
  97198  96958 360914 341677 188481  94713  65064 120482 148269 268046
 357265 217850 354802  54718 132422  17982 117756  54718 171233 385663
 183606 242722 341860  54718 154060 267697 357211 242722 259914 354473
 357387 373316 188481  43010 352229 357812 166369 361189  43010 349414
 310815  54718 120054 339928 268046 132422 180682 166822 157609  54718]
NewWordVectorPositions
[373385 154323  43010 292066 105851 357265 166369  54718 371384 234705
 117756 330038 177103 105640 345206 188481 358159 217850  13946 331647
 105647 357211  52520 329992 357265 389449 387759 171233 117756 286468
  43010 178219 154323 159880 386886 111275 180682 388710 176551 154323
 171233  43010  77162 286410 188481 112681 105645 357809  57715 361189
 188481  97698 105645 373139 234705 192973 125119  54718  71586  43010
  75774 128978 341677  43010 166369 216579 269798 180682  54718 193919
 291970 117756 171233  58997  43010 389449 354460  54718 357265 168575
 329871 154323 357265 222494 268046  97198  96958 128377 144257 387759
 314370 173852 198418 161353 135486 163059 264163 352297 230072 253355
 310214 217543 219174 199087 128038 322908 140021 354195 226107 277913
 305490      0  48944 292416  54718 234705 117756 394474 174642 360914
 323336 193716  58997  43010 181552  43010 253767 151349  57170 325572
 148224  86214 270970 151349  57187 191289 188481 357265      0 234705
 117756 120134 176815 286468 357265 145583 288014 249592 192973  43010
 230967 279027 299833 192973 357265 334718 218977 232536 329973 280944
 383513 315709 360914 174642 374167 357265  92030 268046 162840 349227
  60665 193919 247378 185457 357969 230072 253355 192973 103082 117756
  54718 349227 385663 154060  87775 358159 148269 343963 126848 277135
 357265 309135 268046 349227 154323      0 229498 324967 105645 388710
  97198  96958 360914 341677 188481  94713  65064 120482 148269 268046
 357265 217850 354802  54718 132422 230906 266829 367915 204108 322102
 188734 204564 342578 386151 335403 115117 257066 114132 125039 168716
 145975 322091  72258 189172  93221 310638  96810 318447 307048 321539
 188329 188473 117522 364406 162240 355572 128704 233586 164902  88314]
