OriginalClass, 0
NewClass, 1
NumberWordsChanged, 2
WordPositions
248	249	
OldWordVectorPositions
[185457  52943 264180 264550 106229 360914 390409  43010 307253 151349
  43010 148224  87775 357265 270201 105857 151349 358159 148224 359055
 144971 269798 192973 301000 371712 336113 185457 146344 193716 258303
 360914 327481 254258 287479 268046 378760      0 270970  60665 193716
 383513 360607  62065 357265 357283 185457 319557 193716 144566 151063
      0  43010 225277 218095  58808  60665 175199 365140 360914 219109
  44608  43010 389400 386919 175199 123557 366253 360914 343811 154323
 199706 268074  43010  83970  60665 385217  60665 177103 302484 151349
 126981 336113 357225 357265 286789 188481  43010 265863  87775 358159
 148224 192973 264550 106726 388710 343963  60665 251645 193716 192973
 188481 121183 357265 168775 268046  43010 232536 386886 144214 360914
  45794  60665  43010 122157 386886 192127 357265 188786 355374 178965
 384373 374386 127708  81567 360914  92019  44608 357265  56014 143904
 384373 278340 141941 117874 373139  47798 357809 123577 106195 360914
      0  57010  54718 179434  78620 387695 250392 222484  44600 188481
  57170 307253 394474 302207  44608      0 357265 189767 268046      0
 283365  54718  63397 345399  54718 357265 343963 268046  78620  58997
 102471  54718 188481 143954      0 153371 204913 231492  54273 267358
 303873 360914 357211 148224 188481 320245 188481 386473      0  62699
 360914 105625 360914 209645 357265 389400 386886 199699 268074 357265
  83970 270970  62065 219145 386886 175199 357982 123517 357265 270201
 272583 281904 360914 327481 179434 270970 177103 378776 269798 357265
 148224 122263 357265 105014 148224 102208 225629  54718 338149 268046
 357265 148224 175199 270970 327863 258612 360914 107661 357265  86088
 107856 357211  54273 142640 218095 148224 250392 222484 143904  87775]
NewWordVectorPositions
[185457  52943 264180 264550 106229 360914 390409  43010 307253 151349
  43010 148224  87775 357265 270201 105857 151349 358159 148224 359055
 144971 269798 192973 301000 371712 336113 185457 146344 193716 258303
 360914 327481 254258 287479 268046 378760      0 270970  60665 193716
 383513 360607  62065 357265 357283 185457 319557 193716 144566 151063
      0  43010 225277 218095  58808  60665 175199 365140 360914 219109
  44608  43010 389400 386919 175199 123557 366253 360914 343811 154323
 199706 268074  43010  83970  60665 385217  60665 177103 302484 151349
 126981 336113 357225 357265 286789 188481  43010 265863  87775 358159
 148224 192973 264550 106726 388710 343963  60665 251645 193716 192973
 188481 121183 357265 168775 268046  43010 232536 386886 144214 360914
  45794  60665  43010 122157 386886 192127 357265 188786 355374 178965
 384373 374386 127708  81567 360914  92019  44608 357265  56014 143904
 384373 278340 141941 117874 373139  47798 357809 123577 106195 360914
      0  57010  54718 179434  78620 387695 250392 222484  44600 188481
  57170 307253 394474 302207  44608      0 357265 189767 268046      0
 283365  54718  63397 345399  54718 357265 343963 268046  78620  58997
 102471  54718 188481 143954      0 153371 204913 231492  54273 267358
 303873 360914 357211 148224 188481 320245 188481 386473      0  62699
 360914 105625 360914 209645 357265 389400 386886 199699 268074 357265
  83970 270970  62065 219145 386886 175199 357982 123517 357265 270201
 272583 281904 360914 327481 179434 270970 177103 378776 269798 357265
 148224 122263 357265 105014 148224 102208 225629  54718 338149 268046
 357265 148224 175199 270970 327863 258612 360914 107661 357265  86088
 107856 357211  54273 142640 218095 148224 250392 222484 367246 175515]
