OriginalClass, 0
NewClass, 1
NumberWordsChanged, 21
WordPositions
229	230	231	232	233	234	235	236	237	238	239	240	241	242	243	244	245	246	247	248	249	
OldWordVectorPositions
[292769 357265 250392 386508 190728 268046 357265 148908 322810 329670
 219178 174032 193919 373553  54718 128613 337258 278085 128833 269798
 361939 225289  54718 272587  58997      0 114166 329710  87775 269953
  91041 121060 357809 358727 188481 141950  87775 357265 294029 208526
 332587 360914 231458 358159  54273 137887 138435 208200  54718 111748
 323420 360914 174642 152393 357265 281272 286079 151349 329670 219178
  47798  54273 143026 362969 268046 131343 174032 219577 141948 269798
  79023 188481 258451 268046 306581 304988  54718 336113 269798 193716
  57721 151349  51582 191066  54718 295599 360914  71090  54273 372076
 132482 388710  71421 320244  54718  54273 186348 102787 357265 148908
 189165 357211 357964 243977 163237 200035  43010 223830  64403 192973
 386423 238234 218977  54273  46990 354460 340127  51353 154323 389454
 151061  43010 217449 386642 298377 384441  43010 378011 208200  71193
 128527  54718 148441 357265 272587 305952 332014  77324 173066  54718
 136928 357265 269953 357958 357809  51582 174642 188481 105990 192973
 357211 132276 111748 240681 383513 357979  44608 357265      0 357809
 125119 308561  71895 357809 125119 193716 358159 126852 187871 332587
 188481 388710 208200 270970  57187 135869 249714 344240 137809 188839
 331311 268046 127406 199266  43010 330723 359587  43010 390854 147970
 286068 140213 208200 239798 373316 388710 313786  43010 164678 269062
 161849 268046 110542  54718  43010  86655 154323 179434  44995 117967
 148588 357265      0 320242 388710 148588 163634 269798 361939 225289
  87775  62065 357265 316998 359888 238234 192973 313329 358801 388710
  43010 216640  88126  43010 209507 269798 181919  54718  57698 207441
 148356  54273 135046 232536  57721  54718 142858 386306 174032  71814]
NewWordVectorPositions
[292769 357265 250392 386508 190728 268046 357265 148908 322810 329670
 219178 174032 193919 373553  54718 128613 337258 278085 128833 269798
 361939 225289  54718 272587  58997      0 114166 329710  87775 269953
  91041 121060 357809 358727 188481 141950  87775 357265 294029 208526
 332587 360914 231458 358159  54273 137887 138435 208200  54718 111748
 323420 360914 174642 152393 357265 281272 286079 151349 329670 219178
  47798  54273 143026 362969 268046 131343 174032 219577 141948 269798
  79023 188481 258451 268046 306581 304988  54718 336113 269798 193716
  57721 151349  51582 191066  54718 295599 360914  71090  54273 372076
 132482 388710  71421 320244  54718  54273 186348 102787 357265 148908
 189165 357211 357964 243977 163237 200035  43010 223830  64403 192973
 386423 238234 218977  54273  46990 354460 340127  51353 154323 389454
 151061  43010 217449 386642 298377 384441  43010 378011 208200  71193
 128527  54718 148441 357265 272587 305952 332014  77324 173066  54718
 136928 357265 269953 357958 357809  51582 174642 188481 105990 192973
 357211 132276 111748 240681 383513 357979  44608 357265      0 357809
 125119 308561  71895 357809 125119 193716 358159 126852 187871 332587
 188481 388710 208200 270970  57187 135869 249714 344240 137809 188839
 331311 268046 127406 199266  43010 330723 359587  43010 390854 147970
 286068 140213 208200 239798 373316 388710 313786  43010 164678 269062
 161849 268046 110542  54718  43010  86655 154323 179434  44995 117967
 148588 357265      0 320242 388710 148588 163634 269798 361939 225289
  87775  62065 357265 316998 359888 238234 192973 313329 358801 274161
 159275 332123 212733 279165  95265 291504 161566  46217 267809  82666
 323055 290007 190327 101406 222918  68821 217368 352906 141406 108385]
